ticker,horizon,step,feature,importance
TMO,21,0,rv_5d,0.089996
TMO,21,0,rv_10d,0.165104
TMO,21,0,rv_21d,0.00945
TMO,21,0,rv_63d,0.011946
TMO,21,0,rv_126d,0.013981
TMO,21,0,ewma_vol,0.051403
TMO,21,0,garch_cond_vol,0.106166
TMO,21,0,ret_TARGET,0.0
TMO,21,0,tech_RSI,0.006332
TMO,21,0,tech_MACD_hist,0.0
TMO,21,0,ret_VIXY,0.0
TMO,21,0,mom21_VIXY,0.009907
TMO,21,0,ret_HYG,0.0
TMO,21,0,mom21_HYG,0.029435
TMO,21,0,ret_USO,0.0
TMO,21,0,mom21_USO,0.007305
TMO,21,0,ret_TLT,0.0
TMO,21,0,mom21_TLT,0.0
TMO,21,0,ret_UUP,0.0
TMO,21,0,mom21_UUP,0.006254
TMO,21,0,ret_SPY,0.0
TMO,21,0,mom21_SPY,0.023252
TMO,21,0,vol_vel,0.005165
TMO,21,0,vol_of_vol,0.008228
TMO,21,0,vol_regime_zscore,0.008145
TMO,21,0,vol_chg_21d,0.005833
TMO,21,0,event_fed_gravity,0.047402
TMO,21,0,event_earn_gravity,0.0
TMO,21,0,event_div_gravity,0.0
TMO,21,0,event_cpi_gravity,0.028782
TMO,21,0,event_nfp_gravity,0.054375
TMO,21,0,put_call_skew_30d,0.0
TMO,21,0,term_structure_slope,0.007787
TMO,21,0,vrp_wedge,0.018448
TMO,21,0,iv_atm_z_score,0.018876
TMO,21,0,macro_yield_curve_slope,0.043194
TMO,21,0,macro_hy_spread,0.005718
TMO,21,0,macro_hy_spread_chg_5d,0.0
TMO,21,0,macro_breakeven_5y,0.015888
TMO,21,0,macro_inflation_fwd_5y5y,0.009167
TMO,21,0,macro_inflation_fwd_chg_21d,0.006266
TMO,21,0,macro_inflation_fwd_abs_chg_21d,0.0
TMO,21,0,macro_inflation_fwd_chg_63d,0.008054
TMO,21,0,macro_inflation_fwd_zscore,0.0
TMO,21,0,macro_dollar_ret,0.0
TMO,21,0,beta_spy,0.014773
TMO,21,0,res_vol,0.014576
TMO,21,0,res_vol_vel,0.0
TMO,21,0,price_regime,0.126223
TMO,21,0,corr_sector_21d,0.009098
TMO,21,0,corr_sector_252d,0.013469
TMO,21,0,sector_wedge,0.0
TMO,21,1,rv_5d,0.092347
TMO,21,1,rv_10d,0.052801
TMO,21,1,rv_21d,0.123727
TMO,21,1,rv_63d,0.013454
TMO,21,1,rv_126d,0.021648
TMO,21,1,ewma_vol,0.015938
TMO,21,1,garch_cond_vol,0.085989
TMO,21,1,ret_TARGET,0.0
TMO,21,1,tech_RSI,0.0
TMO,21,1,tech_MACD_hist,0.0
TMO,21,1,ret_VIXY,0.0
TMO,21,1,mom21_VIXY,0.011329
TMO,21,1,ret_HYG,0.0
TMO,21,1,mom21_HYG,0.008449
TMO,21,1,ret_USO,0.0
TMO,21,1,mom21_USO,0.010975
TMO,21,1,ret_TLT,0.0
TMO,21,1,mom21_TLT,0.014061
TMO,21,1,ret_UUP,0.0
TMO,21,1,mom21_UUP,0.008754
TMO,21,1,ret_SPY,0.0
TMO,21,1,mom21_SPY,0.035683
TMO,21,1,vol_vel,0.0
TMO,21,1,vol_of_vol,0.007787
TMO,21,1,vol_regime_zscore,0.00885
TMO,21,1,vol_chg_21d,0.0
TMO,21,1,event_fed_gravity,0.047208
TMO,21,1,event_earn_gravity,0.0
TMO,21,1,event_div_gravity,0.0
TMO,21,1,event_cpi_gravity,0.022626
TMO,21,1,event_nfp_gravity,0.045618
TMO,21,1,put_call_skew_30d,0.0
TMO,21,1,term_structure_slope,0.010877
TMO,21,1,vrp_wedge,0.01754
TMO,21,1,iv_atm_z_score,0.018801
TMO,21,1,macro_yield_curve_slope,0.025287
TMO,21,1,macro_hy_spread,0.009806
TMO,21,1,macro_hy_spread_chg_5d,0.0
TMO,21,1,macro_breakeven_5y,0.03246
TMO,21,1,macro_inflation_fwd_5y5y,0.034768
TMO,21,1,macro_inflation_fwd_chg_21d,0.006568
TMO,21,1,macro_inflation_fwd_abs_chg_21d,0.0
TMO,21,1,macro_inflation_fwd_chg_63d,0.006197
TMO,21,1,macro_inflation_fwd_zscore,0.012338
TMO,21,1,macro_dollar_ret,0.0
TMO,21,1,beta_spy,0.017457
TMO,21,1,res_vol,0.013608
TMO,21,1,res_vol_vel,0.006245
TMO,21,1,price_regime,0.127208
TMO,21,1,corr_sector_21d,0.011081
TMO,21,1,corr_sector_252d,0.022519
TMO,21,1,sector_wedge,0.0
TMO,21,2,rv_5d,0.094055
TMO,21,2,rv_10d,0.050141
TMO,21,2,rv_21d,0.04894
TMO,21,2,rv_63d,0.015606
TMO,21,2,rv_126d,0.02095
TMO,21,2,ewma_vol,0.02759
TMO,21,2,garch_cond_vol,0.120392
TMO,21,2,ret_TARGET,0.0
TMO,21,2,tech_RSI,0.008741
TMO,21,2,tech_MACD_hist,0.0
TMO,21,2,ret_VIXY,0.0
TMO,21,2,mom21_VIXY,0.01317
TMO,21,2,ret_HYG,0.0
TMO,21,2,mom21_HYG,0.013783
TMO,21,2,ret_USO,0.0
TMO,21,2,mom21_USO,0.008455
TMO,21,2,ret_TLT,0.0
TMO,21,2,mom21_TLT,0.012653
TMO,21,2,ret_UUP,0.0
TMO,21,2,mom21_UUP,0.011547
TMO,21,2,ret_SPY,0.0
TMO,21,2,mom21_SPY,0.035462
TMO,21,2,vol_vel,0.0
TMO,21,2,vol_of_vol,0.008905
TMO,21,2,vol_regime_zscore,0.008424
TMO,21,2,vol_chg_21d,0.009001
TMO,21,2,event_fed_gravity,0.051639
TMO,21,2,event_earn_gravity,0.0
TMO,21,2,event_div_gravity,0.0
TMO,21,2,event_cpi_gravity,0.031189
TMO,21,2,event_nfp_gravity,0.053727
TMO,21,2,put_call_skew_30d,0.0
TMO,21,2,term_structure_slope,0.013382
TMO,21,2,vrp_wedge,0.01227
TMO,21,2,iv_atm_z_score,0.019826
TMO,21,2,macro_yield_curve_slope,0.015581
TMO,21,2,macro_hy_spread,0.009312
TMO,21,2,macro_hy_spread_chg_5d,0.0
TMO,21,2,macro_breakeven_5y,0.020802
TMO,21,2,macro_inflation_fwd_5y5y,0.02013
TMO,21,2,macro_inflation_fwd_chg_21d,0.00821
TMO,21,2,macro_inflation_fwd_abs_chg_21d,0.0
TMO,21,2,macro_inflation_fwd_chg_63d,0.012347
TMO,21,2,macro_inflation_fwd_zscore,0.009427
TMO,21,2,macro_dollar_ret,0.0
TMO,21,2,beta_spy,0.023179
TMO,21,2,res_vol,0.012558
TMO,21,2,res_vol_vel,0.005847
TMO,21,2,price_regime,0.140159
TMO,21,2,corr_sector_21d,0.00966
TMO,21,2,corr_sector_252d,0.022939
TMO,21,2,sector_wedge,0.0
TMO,21,3,rv_5d,0.061554
TMO,21,3,rv_10d,0.047652
TMO,21,3,rv_21d,0.132581
TMO,21,3,rv_63d,0.014803
TMO,21,3,rv_126d,0.01597
TMO,21,3,ewma_vol,0.013712
TMO,21,3,garch_cond_vol,0.16398
TMO,21,3,ret_TARGET,0.0
TMO,21,3,tech_RSI,0.00586
TMO,21,3,tech_MACD_hist,0.013615
TMO,21,3,ret_VIXY,0.0
TMO,21,3,mom21_VIXY,0.010177
TMO,21,3,ret_HYG,0.0
TMO,21,3,mom21_HYG,0.010712
TMO,21,3,ret_USO,0.0
TMO,21,3,mom21_USO,0.009696
TMO,21,3,ret_TLT,0.0
TMO,21,3,mom21_TLT,0.0
TMO,21,3,ret_UUP,0.0
TMO,21,3,mom21_UUP,0.0
TMO,21,3,ret_SPY,0.0
TMO,21,3,mom21_SPY,0.009385
TMO,21,3,vol_vel,0.0
TMO,21,3,vol_of_vol,0.005179
TMO,21,3,vol_regime_zscore,0.006466
TMO,21,3,vol_chg_21d,0.008052
TMO,21,3,event_fed_gravity,0.050343
TMO,21,3,event_earn_gravity,0.0
TMO,21,3,event_div_gravity,0.0
TMO,21,3,event_cpi_gravity,0.030143
TMO,21,3,event_nfp_gravity,0.041664
TMO,21,3,put_call_skew_30d,0.0
TMO,21,3,term_structure_slope,0.013551
TMO,21,3,vrp_wedge,0.009601
TMO,21,3,iv_atm_z_score,0.016996
TMO,21,3,macro_yield_curve_slope,0.005552
TMO,21,3,macro_hy_spread,0.026873
TMO,21,3,macro_hy_spread_chg_5d,0.0
TMO,21,3,macro_breakeven_5y,0.012368
TMO,21,3,macro_inflation_fwd_5y5y,0.0
TMO,21,3,macro_inflation_fwd_chg_21d,0.008421
TMO,21,3,macro_inflation_fwd_abs_chg_21d,0.0
TMO,21,3,macro_inflation_fwd_chg_63d,0.008635
TMO,21,3,macro_inflation_fwd_zscore,0.032068
TMO,21,3,macro_dollar_ret,0.0
TMO,21,3,beta_spy,0.029805
TMO,21,3,res_vol,0.013603
TMO,21,3,res_vol_vel,0.008109
TMO,21,3,price_regime,0.095511
TMO,21,3,corr_sector_21d,0.011571
TMO,21,3,corr_sector_252d,0.046343
TMO,21,3,sector_wedge,0.009451
TMO,21,4,rv_5d,0.049557
TMO,21,4,rv_10d,0.063188
TMO,21,4,rv_21d,0.140014
TMO,21,4,rv_63d,0.012172
TMO,21,4,rv_126d,0.013375
TMO,21,4,ewma_vol,0.025012
TMO,21,4,garch_cond_vol,0.009389
TMO,21,4,ret_TARGET,0.0
TMO,21,4,tech_RSI,0.0
TMO,21,4,tech_MACD_hist,0.007984
TMO,21,4,ret_VIXY,0.0
TMO,21,4,mom21_VIXY,0.015962
TMO,21,4,ret_HYG,0.0
TMO,21,4,mom21_HYG,0.008578
TMO,21,4,ret_USO,0.0
TMO,21,4,mom21_USO,0.008358
TMO,21,4,ret_TLT,0.0
TMO,21,4,mom21_TLT,0.0
TMO,21,4,ret_UUP,0.0
TMO,21,4,mom21_UUP,0.008119
TMO,21,4,ret_SPY,0.0
TMO,21,4,mom21_SPY,0.0
TMO,21,4,vol_vel,0.0
TMO,21,4,vol_of_vol,0.006469
TMO,21,4,vol_regime_zscore,0.020191
TMO,21,4,vol_chg_21d,0.006711
TMO,21,4,event_fed_gravity,0.026501
TMO,21,4,event_earn_gravity,0.0
TMO,21,4,event_div_gravity,0.0
TMO,21,4,event_cpi_gravity,0.023432
TMO,21,4,event_nfp_gravity,0.040472
TMO,21,4,put_call_skew_30d,0.0
TMO,21,4,term_structure_slope,0.025812
TMO,21,4,vrp_wedge,0.010767
TMO,21,4,iv_atm_z_score,0.041613
TMO,21,4,macro_yield_curve_slope,0.015623
TMO,21,4,macro_hy_spread,0.038354
TMO,21,4,macro_hy_spread_chg_5d,0.005462
TMO,21,4,macro_breakeven_5y,0.024958
TMO,21,4,macro_inflation_fwd_5y5y,0.006028
TMO,21,4,macro_inflation_fwd_chg_21d,0.006327
TMO,21,4,macro_inflation_fwd_abs_chg_21d,0.007207
TMO,21,4,macro_inflation_fwd_chg_63d,0.017802
TMO,21,4,macro_inflation_fwd_zscore,0.051186
TMO,21,4,macro_dollar_ret,0.0
TMO,21,4,beta_spy,0.030628
TMO,21,4,res_vol,0.010544
TMO,21,4,res_vol_vel,0.006565
TMO,21,4,price_regime,0.101237
TMO,21,4,corr_sector_21d,0.03353
TMO,21,4,corr_sector_252d,0.071408
TMO,21,4,sector_wedge,0.009465
TMO,21,5,rv_5d,0.046929
TMO,21,5,rv_10d,0.141648
TMO,21,5,rv_21d,0.098155
TMO,21,5,rv_63d,0.009468
TMO,21,5,rv_126d,0.013698
TMO,21,5,ewma_vol,0.010458
TMO,21,5,garch_cond_vol,0.141284
TMO,21,5,ret_TARGET,0.0
TMO,21,5,tech_RSI,0.012329
TMO,21,5,tech_MACD_hist,0.018991
TMO,21,5,ret_VIXY,0.0
TMO,21,5,mom21_VIXY,0.006893
TMO,21,5,ret_HYG,0.0
TMO,21,5,mom21_HYG,0.00807
TMO,21,5,ret_USO,0.0
TMO,21,5,mom21_USO,0.007148
TMO,21,5,ret_TLT,0.0
TMO,21,5,mom21_TLT,0.0
TMO,21,5,ret_UUP,0.0
TMO,21,5,mom21_UUP,0.0
TMO,21,5,ret_SPY,0.0
TMO,21,5,mom21_SPY,0.009983
TMO,21,5,vol_vel,0.005375
TMO,21,5,vol_of_vol,0.00531
TMO,21,5,vol_regime_zscore,0.004506
TMO,21,5,vol_chg_21d,0.0
TMO,21,5,event_fed_gravity,0.039349
TMO,21,5,event_earn_gravity,0.0
TMO,21,5,event_div_gravity,0.0
TMO,21,5,event_cpi_gravity,0.03318
TMO,21,5,event_nfp_gravity,0.034443
TMO,21,5,put_call_skew_30d,0.0
TMO,21,5,term_structure_slope,0.015967
TMO,21,5,vrp_wedge,0.010181
TMO,21,5,iv_atm_z_score,0.020078
TMO,21,5,macro_yield_curve_slope,0.012298
TMO,21,5,macro_hy_spread,0.026312
TMO,21,5,macro_hy_spread_chg_5d,0.006225
TMO,21,5,macro_breakeven_5y,0.013143
TMO,21,5,macro_inflation_fwd_5y5y,0.0
TMO,21,5,macro_inflation_fwd_chg_21d,0.0
TMO,21,5,macro_inflation_fwd_abs_chg_21d,0.007661
TMO,21,5,macro_inflation_fwd_chg_63d,0.009914
TMO,21,5,macro_inflation_fwd_zscore,0.020598
TMO,21,5,macro_dollar_ret,0.0
TMO,21,5,beta_spy,0.020811
TMO,21,5,res_vol,0.009246
TMO,21,5,res_vol_vel,0.0
TMO,21,5,price_regime,0.102902
TMO,21,5,corr_sector_21d,0.023814
TMO,21,5,corr_sector_252d,0.038772
TMO,21,5,sector_wedge,0.014862
TMO,21,6,rv_5d,0.057547
TMO,21,6,rv_10d,0.043814
TMO,21,6,rv_21d,0.107578
TMO,21,6,rv_63d,0.011292
TMO,21,6,rv_126d,0.013622
TMO,21,6,ewma_vol,0.028427
TMO,21,6,garch_cond_vol,0.151784
TMO,21,6,ret_TARGET,0.0
TMO,21,6,tech_RSI,0.005499
TMO,21,6,tech_MACD_hist,0.019269
TMO,21,6,ret_VIXY,0.0
TMO,21,6,mom21_VIXY,0.011885
TMO,21,6,ret_HYG,0.0
TMO,21,6,mom21_HYG,0.009132
TMO,21,6,ret_USO,0.0
TMO,21,6,mom21_USO,0.007621
TMO,21,6,ret_TLT,0.0
TMO,21,6,mom21_TLT,0.006587
TMO,21,6,ret_UUP,0.0
TMO,21,6,mom21_UUP,0.0
TMO,21,6,ret_SPY,0.0
TMO,21,6,mom21_SPY,0.012113
TMO,21,6,vol_vel,0.0
TMO,21,6,vol_of_vol,0.005928
TMO,21,6,vol_regime_zscore,0.007815
TMO,21,6,vol_chg_21d,0.027994
TMO,21,6,event_fed_gravity,0.034183
TMO,21,6,event_earn_gravity,0.0
TMO,21,6,event_div_gravity,0.0
TMO,21,6,event_cpi_gravity,0.046493
TMO,21,6,event_nfp_gravity,0.042799
TMO,21,6,put_call_skew_30d,0.0
TMO,21,6,term_structure_slope,0.022512
TMO,21,6,vrp_wedge,0.011931
TMO,21,6,iv_atm_z_score,0.019057
TMO,21,6,macro_yield_curve_slope,0.011839
TMO,21,6,macro_hy_spread,0.022996
TMO,21,6,macro_hy_spread_chg_5d,0.0
TMO,21,6,macro_breakeven_5y,0.012883
TMO,21,6,macro_inflation_fwd_5y5y,0.0
TMO,21,6,macro_inflation_fwd_chg_21d,0.0
TMO,21,6,macro_inflation_fwd_abs_chg_21d,0.0
TMO,21,6,macro_inflation_fwd_chg_63d,0.011127
TMO,21,6,macro_inflation_fwd_zscore,0.011627
TMO,21,6,macro_dollar_ret,0.0
TMO,21,6,beta_spy,0.019829
TMO,21,6,res_vol,0.011587
TMO,21,6,res_vol_vel,0.0
TMO,21,6,price_regime,0.116746
TMO,21,6,corr_sector_21d,0.03256
TMO,21,6,corr_sector_252d,0.027247
TMO,21,6,sector_wedge,0.016679
TMO,21,7,rv_5d,0.05504
TMO,21,7,rv_10d,0.034169
TMO,21,7,rv_21d,0.095804
TMO,21,7,rv_63d,0.012936
TMO,21,7,rv_126d,0.014471
TMO,21,7,ewma_vol,0.029458
TMO,21,7,garch_cond_vol,0.160114
TMO,21,7,ret_TARGET,0.0
TMO,21,7,tech_RSI,0.005663
TMO,21,7,tech_MACD_hist,0.019903
TMO,21,7,ret_VIXY,0.0
TMO,21,7,mom21_VIXY,0.012723
TMO,21,7,ret_HYG,0.0
TMO,21,7,mom21_HYG,0.009008
TMO,21,7,ret_USO,0.0
TMO,21,7,mom21_USO,0.008598
TMO,21,7,ret_TLT,0.0
TMO,21,7,mom21_TLT,0.0
TMO,21,7,ret_UUP,0.0
TMO,21,7,mom21_UUP,0.0
TMO,21,7,ret_SPY,0.0
TMO,21,7,mom21_SPY,0.021318
TMO,21,7,vol_vel,0.005529
TMO,21,7,vol_of_vol,0.007244
TMO,21,7,vol_regime_zscore,0.011092
TMO,21,7,vol_chg_21d,0.006966
TMO,21,7,event_fed_gravity,0.045003
TMO,21,7,event_earn_gravity,0.0
TMO,21,7,event_div_gravity,0.0
TMO,21,7,event_cpi_gravity,0.031354
TMO,21,7,event_nfp_gravity,0.05117
TMO,21,7,put_call_skew_30d,0.0
TMO,21,7,term_structure_slope,0.023794
TMO,21,7,vrp_wedge,0.009647
TMO,21,7,iv_atm_z_score,0.021563
TMO,21,7,macro_yield_curve_slope,0.007887
TMO,21,7,macro_hy_spread,0.0214
TMO,21,7,macro_hy_spread_chg_5d,0.0
TMO,21,7,macro_breakeven_5y,0.013732
TMO,21,7,macro_inflation_fwd_5y5y,0.005342
TMO,21,7,macro_inflation_fwd_chg_21d,0.0
TMO,21,7,macro_inflation_fwd_abs_chg_21d,0.0
TMO,21,7,macro_inflation_fwd_chg_63d,0.011572
TMO,21,7,macro_inflation_fwd_zscore,0.010966
TMO,21,7,macro_dollar_ret,0.0
TMO,21,7,beta_spy,0.025245
TMO,21,7,res_vol,0.011885
TMO,21,7,res_vol_vel,0.0
TMO,21,7,price_regime,0.126855
TMO,21,7,corr_sector_21d,0.025005
TMO,21,7,corr_sector_252d,0.02914
TMO,21,7,sector_wedge,0.018401
TMO,21,8,rv_5d,0.070224
TMO,21,8,rv_10d,0.040312
TMO,21,8,rv_21d,0.133373
TMO,21,8,rv_63d,0.013643
TMO,21,8,rv_126d,0.016947
TMO,21,8,ewma_vol,0.011748
TMO,21,8,garch_cond_vol,0.145716
TMO,21,8,ret_TARGET,0.0
TMO,21,8,tech_RSI,0.008054
TMO,21,8,tech_MACD_hist,0.01721
TMO,21,8,ret_VIXY,0.0
TMO,21,8,mom21_VIXY,0.00759
TMO,21,8,ret_HYG,0.0
TMO,21,8,mom21_HYG,0.005759
TMO,21,8,ret_USO,0.0
TMO,21,8,mom21_USO,0.008577
TMO,21,8,ret_TLT,0.0
TMO,21,8,mom21_TLT,0.007371
TMO,21,8,ret_UUP,0.0
TMO,21,8,mom21_UUP,0.0
TMO,21,8,ret_SPY,0.0
TMO,21,8,mom21_SPY,0.015417
TMO,21,8,vol_vel,0.0
TMO,21,8,vol_of_vol,0.00764
TMO,21,8,vol_regime_zscore,0.008616
TMO,21,8,vol_chg_21d,0.0
TMO,21,8,event_fed_gravity,0.027685
TMO,21,8,event_earn_gravity,0.0
TMO,21,8,event_div_gravity,0.0
TMO,21,8,event_cpi_gravity,0.054299
TMO,21,8,event_nfp_gravity,0.042488
TMO,21,8,put_call_skew_30d,0.0
TMO,21,8,term_structure_slope,0.026113
TMO,21,8,vrp_wedge,0.007439
TMO,21,8,iv_atm_z_score,0.025847
TMO,21,8,macro_yield_curve_slope,0.013934
TMO,21,8,macro_hy_spread,0.018554
TMO,21,8,macro_hy_spread_chg_5d,0.0
TMO,21,8,macro_breakeven_5y,0.020164
TMO,21,8,macro_inflation_fwd_5y5y,0.005507
TMO,21,8,macro_inflation_fwd_chg_21d,0.004978
TMO,21,8,macro_inflation_fwd_abs_chg_21d,0.0
TMO,21,8,macro_inflation_fwd_chg_63d,0.008588
TMO,21,8,macro_inflation_fwd_zscore,0.010013
TMO,21,8,macro_dollar_ret,0.0
TMO,21,8,beta_spy,0.021813
TMO,21,8,res_vol,0.014966
TMO,21,8,res_vol_vel,0.006062
TMO,21,8,price_regime,0.117752
TMO,21,8,corr_sector_21d,0.020279
TMO,21,8,corr_sector_252d,0.016131
TMO,21,8,sector_wedge,0.019189
TMO,21,9,rv_5d,0.049896
TMO,21,9,rv_10d,0.07797
TMO,21,9,rv_21d,0.090174
TMO,21,9,rv_63d,0.012637
TMO,21,9,rv_126d,0.015299
TMO,21,9,ewma_vol,0.036442
TMO,21,9,garch_cond_vol,0.141023
TMO,21,9,ret_TARGET,0.0
TMO,21,9,tech_RSI,0.013197
TMO,21,9,tech_MACD_hist,0.018048
TMO,21,9,ret_VIXY,0.0
TMO,21,9,mom21_VIXY,0.006875
TMO,21,9,ret_HYG,0.0
TMO,21,9,mom21_HYG,0.008361
TMO,21,9,ret_USO,0.0
TMO,21,9,mom21_USO,0.007599
TMO,21,9,ret_TLT,0.0
TMO,21,9,mom21_TLT,0.009094
TMO,21,9,ret_UUP,0.0
TMO,21,9,mom21_UUP,0.006194
TMO,21,9,ret_SPY,0.0
TMO,21,9,mom21_SPY,0.012257
TMO,21,9,vol_vel,0.005911
TMO,21,9,vol_of_vol,0.006986
TMO,21,9,vol_regime_zscore,0.010807
TMO,21,9,vol_chg_21d,0.006084
TMO,21,9,event_fed_gravity,0.042281
TMO,21,9,event_earn_gravity,0.0
TMO,21,9,event_div_gravity,0.0
TMO,21,9,event_cpi_gravity,0.035867
TMO,21,9,event_nfp_gravity,0.035504
TMO,21,9,put_call_skew_30d,0.0
TMO,21,9,term_structure_slope,0.026065
TMO,21,9,vrp_wedge,0.008128
TMO,21,9,iv_atm_z_score,0.024631
TMO,21,9,macro_yield_curve_slope,0.010667
TMO,21,9,macro_hy_spread,0.017103
TMO,21,9,macro_hy_spread_chg_5d,0.007033
TMO,21,9,macro_breakeven_5y,0.011862
TMO,21,9,macro_inflation_fwd_5y5y,0.005466
TMO,21,9,macro_inflation_fwd_chg_21d,0.007873
TMO,21,9,macro_inflation_fwd_abs_chg_21d,0.0
TMO,21,9,macro_inflation_fwd_chg_63d,0.00913
TMO,21,9,macro_inflation_fwd_zscore,0.010671
TMO,21,9,macro_dollar_ret,0.0
TMO,21,9,beta_spy,0.025844
TMO,21,9,res_vol,0.014097
TMO,21,9,res_vol_vel,0.0
TMO,21,9,price_regime,0.123909
TMO,21,9,corr_sector_21d,0.01808
TMO,21,9,corr_sector_252d,0.016541
TMO,21,9,sector_wedge,0.014394
TMO,21,10,rv_5d,0.058989
TMO,21,10,rv_10d,0.05119
TMO,21,10,rv_21d,0.074242
TMO,21,10,rv_63d,0.017806
TMO,21,10,rv_126d,0.018838
TMO,21,10,ewma_vol,0.02452
TMO,21,10,garch_cond_vol,0.061572
TMO,21,10,ret_TARGET,0.0
TMO,21,10,tech_RSI,0.008609
TMO,21,10,tech_MACD_hist,0.022068
TMO,21,10,ret_VIXY,0.0
TMO,21,10,mom21_VIXY,0.010771
TMO,21,10,ret_HYG,0.0
TMO,21,10,mom21_HYG,0.012759
TMO,21,10,ret_USO,0.0
TMO,21,10,mom21_USO,0.012503
TMO,21,10,ret_TLT,0.0
TMO,21,10,mom21_TLT,0.006564
TMO,21,10,ret_UUP,0.0
TMO,21,10,mom21_UUP,0.011811
TMO,21,10,ret_SPY,0.0
TMO,21,10,mom21_SPY,0.012812
TMO,21,10,vol_vel,0.0
TMO,21,10,vol_of_vol,0.007233
TMO,21,10,vol_regime_zscore,0.011564
TMO,21,10,vol_chg_21d,0.006966
TMO,21,10,event_fed_gravity,0.049341
TMO,21,10,event_earn_gravity,0.0
TMO,21,10,event_div_gravity,0.0
TMO,21,10,event_cpi_gravity,0.038058
TMO,21,10,event_nfp_gravity,0.035094
TMO,21,10,put_call_skew_30d,0.0
TMO,21,10,term_structure_slope,0.027729
TMO,21,10,vrp_wedge,0.012948
TMO,21,10,iv_atm_z_score,0.036858
TMO,21,10,macro_yield_curve_slope,0.009078
TMO,21,10,macro_hy_spread,0.016941
TMO,21,10,macro_hy_spread_chg_5d,0.0
TMO,21,10,macro_breakeven_5y,0.0179
TMO,21,10,macro_inflation_fwd_5y5y,0.0
TMO,21,10,macro_inflation_fwd_chg_21d,0.007588
TMO,21,10,macro_inflation_fwd_abs_chg_21d,0.0
TMO,21,10,macro_inflation_fwd_chg_63d,0.0171
TMO,21,10,macro_inflation_fwd_zscore,0.013176
TMO,21,10,macro_dollar_ret,0.0
TMO,21,10,beta_spy,0.01893
TMO,21,10,res_vol,0.014984
TMO,21,10,res_vol_vel,0.0
TMO,21,10,price_regime,0.176158
TMO,21,10,corr_sector_21d,0.029464
TMO,21,10,corr_sector_252d,0.034138
TMO,21,10,sector_wedge,0.013697
TMO,21,11,rv_5d,0.057583
TMO,21,11,rv_10d,0.057476
TMO,21,11,rv_21d,0.08818
TMO,21,11,rv_63d,0.014849
TMO,21,11,rv_126d,0.017109
TMO,21,11,ewma_vol,0.017818
TMO,21,11,garch_cond_vol,0.082587
TMO,21,11,ret_TARGET,0.0
TMO,21,11,tech_RSI,0.007095
TMO,21,11,tech_MACD_hist,0.020243
TMO,21,11,ret_VIXY,0.0
TMO,21,11,mom21_VIXY,0.008199
TMO,21,11,ret_HYG,0.0
TMO,21,11,mom21_HYG,0.011946
TMO,21,11,ret_USO,0.0
TMO,21,11,mom21_USO,0.008126
TMO,21,11,ret_TLT,0.0
TMO,21,11,mom21_TLT,0.006253
TMO,21,11,ret_UUP,0.0
TMO,21,11,mom21_UUP,0.011046
TMO,21,11,ret_SPY,0.0
TMO,21,11,mom21_SPY,0.019308
TMO,21,11,vol_vel,0.005436
TMO,21,11,vol_of_vol,0.006573
TMO,21,11,vol_regime_zscore,0.010311
TMO,21,11,vol_chg_21d,0.006682
TMO,21,11,event_fed_gravity,0.042764
TMO,21,11,event_earn_gravity,0.0
TMO,21,11,event_div_gravity,0.0
TMO,21,11,event_cpi_gravity,0.031749
TMO,21,11,event_nfp_gravity,0.059665
TMO,21,11,put_call_skew_30d,0.0
TMO,21,11,term_structure_slope,0.028043
TMO,21,11,vrp_wedge,0.010806
TMO,21,11,iv_atm_z_score,0.032616
TMO,21,11,macro_yield_curve_slope,0.01259
TMO,21,11,macro_hy_spread,0.020724
TMO,21,11,macro_hy_spread_chg_5d,0.0
TMO,21,11,macro_breakeven_5y,0.014042
TMO,21,11,macro_inflation_fwd_5y5y,0.0
TMO,21,11,macro_inflation_fwd_chg_21d,0.006253
TMO,21,11,macro_inflation_fwd_abs_chg_21d,0.0
TMO,21,11,macro_inflation_fwd_chg_63d,0.01093
TMO,21,11,macro_inflation_fwd_zscore,0.013492
TMO,21,11,macro_dollar_ret,0.0
TMO,21,11,beta_spy,0.017888
TMO,21,11,res_vol,0.017813
TMO,21,11,res_vol_vel,0.007165
TMO,21,11,price_regime,0.159949
TMO,21,11,corr_sector_21d,0.023681
TMO,21,11,corr_sector_252d,0.026588
TMO,21,11,sector_wedge,0.006421
TMO,21,12,rv_5d,0.054439
TMO,21,12,rv_10d,0.045237
TMO,21,12,rv_21d,0.07309
TMO,21,12,rv_63d,0.013747
TMO,21,12,rv_126d,0.018432
TMO,21,12,ewma_vol,0.018878
TMO,21,12,garch_cond_vol,0.150458
TMO,21,12,ret_TARGET,0.0
TMO,21,12,tech_RSI,0.0
TMO,21,12,tech_MACD_hist,0.020338
TMO,21,12,ret_VIXY,0.0
TMO,21,12,mom21_VIXY,0.00729
TMO,21,12,ret_HYG,0.0
TMO,21,12,mom21_HYG,0.010058
TMO,21,12,ret_USO,0.0
TMO,21,12,mom21_USO,0.006939
TMO,21,12,ret_TLT,0.0
TMO,21,12,mom21_TLT,0.005758
TMO,21,12,ret_UUP,0.0
TMO,21,12,mom21_UUP,0.011029
TMO,21,12,ret_SPY,0.0
TMO,21,12,mom21_SPY,0.016111
TMO,21,12,vol_vel,0.007916
TMO,21,12,vol_of_vol,0.007988
TMO,21,12,vol_regime_zscore,0.009676
TMO,21,12,vol_chg_21d,0.007198
TMO,21,12,event_fed_gravity,0.037317
TMO,21,12,event_earn_gravity,0.0
TMO,21,12,event_div_gravity,0.0
TMO,21,12,event_cpi_gravity,0.025662
TMO,21,12,event_nfp_gravity,0.069351
TMO,21,12,put_call_skew_30d,0.0
TMO,21,12,term_structure_slope,0.024479
TMO,21,12,vrp_wedge,0.010498
TMO,21,12,iv_atm_z_score,0.035221
TMO,21,12,macro_yield_curve_slope,0.011831
TMO,21,12,macro_hy_spread,0.02357
TMO,21,12,macro_hy_spread_chg_5d,0.0
TMO,21,12,macro_breakeven_5y,0.011934
TMO,21,12,macro_inflation_fwd_5y5y,0.0
TMO,21,12,macro_inflation_fwd_chg_21d,0.005973
TMO,21,12,macro_inflation_fwd_abs_chg_21d,0.0
TMO,21,12,macro_inflation_fwd_chg_63d,0.012469
TMO,21,12,macro_inflation_fwd_zscore,0.013214
TMO,21,12,macro_dollar_ret,0.0
TMO,21,12,beta_spy,0.019709
TMO,21,12,res_vol,0.012744
TMO,21,12,res_vol_vel,0.00682
TMO,21,12,price_regime,0.148323
TMO,21,12,corr_sector_21d,0.016128
TMO,21,12,corr_sector_252d,0.023864
TMO,21,12,sector_wedge,0.00631
TMO,21,13,rv_5d,0.05603
TMO,21,13,rv_10d,0.034724
TMO,21,13,rv_21d,0.117952
TMO,21,13,rv_63d,0.016458
TMO,21,13,rv_126d,0.020193
TMO,21,13,ewma_vol,0.022795
TMO,21,13,garch_cond_vol,0.082813
TMO,21,13,ret_TARGET,0.0
TMO,21,13,tech_RSI,0.0
TMO,21,13,tech_MACD_hist,0.021558
TMO,21,13,ret_VIXY,0.0
TMO,21,13,mom21_VIXY,0.009198
TMO,21,13,ret_HYG,0.0
TMO,21,13,mom21_HYG,0.012808
TMO,21,13,ret_USO,0.0
TMO,21,13,mom21_USO,0.00691
TMO,21,13,ret_TLT,0.0
TMO,21,13,mom21_TLT,0.006068
TMO,21,13,ret_UUP,0.0
TMO,21,13,mom21_UUP,0.012288
TMO,21,13,ret_SPY,0.0
TMO,21,13,mom21_SPY,0.014434
TMO,21,13,vol_vel,0.0
TMO,21,13,vol_of_vol,0.005883
TMO,21,13,vol_regime_zscore,0.008505
TMO,21,13,vol_chg_21d,0.00652
TMO,21,13,event_fed_gravity,0.048927
TMO,21,13,event_earn_gravity,0.0
TMO,21,13,event_div_gravity,0.0
TMO,21,13,event_cpi_gravity,0.031508
TMO,21,13,event_nfp_gravity,0.045866
TMO,21,13,put_call_skew_30d,0.014472
TMO,21,13,term_structure_slope,0.024934
TMO,21,13,vrp_wedge,0.012113
TMO,21,13,iv_atm_z_score,0.036169
TMO,21,13,macro_yield_curve_slope,0.015252
TMO,21,13,macro_hy_spread,0.015839
TMO,21,13,macro_hy_spread_chg_5d,0.0
TMO,21,13,macro_breakeven_5y,0.016214
TMO,21,13,macro_inflation_fwd_5y5y,0.0
TMO,21,13,macro_inflation_fwd_chg_21d,0.007919
TMO,21,13,macro_inflation_fwd_abs_chg_21d,0.0
TMO,21,13,macro_inflation_fwd_chg_63d,0.014513
TMO,21,13,macro_inflation_fwd_zscore,0.017182
TMO,21,13,macro_dollar_ret,0.0
TMO,21,13,beta_spy,0.021314
TMO,21,13,res_vol,0.015869
TMO,21,13,res_vol_vel,0.0
TMO,21,13,price_regime,0.1626
TMO,21,13,corr_sector_21d,0.018065
TMO,21,13,corr_sector_252d,0.02611
TMO,21,13,sector_wedge,0.0
TMO,21,14,rv_5d,0.058219
TMO,21,14,rv_10d,0.027667
TMO,21,14,rv_21d,0.081945
TMO,21,14,rv_63d,0.013228
TMO,21,14,rv_126d,0.020023
TMO,21,14,ewma_vol,0.020581
TMO,21,14,garch_cond_vol,0.149544
TMO,21,14,ret_TARGET,0.0
TMO,21,14,tech_RSI,0.01419
TMO,21,14,tech_MACD_hist,0.021746
TMO,21,14,ret_VIXY,0.0
TMO,21,14,mom21_VIXY,0.007403
TMO,21,14,ret_HYG,0.0
TMO,21,14,mom21_HYG,0.009944
TMO,21,14,ret_USO,0.0
TMO,21,14,mom21_USO,0.006824
TMO,21,14,ret_TLT,0.0
TMO,21,14,mom21_TLT,0.013766
TMO,21,14,ret_UUP,0.0
TMO,21,14,mom21_UUP,0.010337
TMO,21,14,ret_SPY,0.0
TMO,21,14,mom21_SPY,0.010898
TMO,21,14,vol_vel,0.007896
TMO,21,14,vol_of_vol,0.00591
TMO,21,14,vol_regime_zscore,0.008831
TMO,21,14,vol_chg_21d,0.006168
TMO,21,14,event_fed_gravity,0.045845
TMO,21,14,event_earn_gravity,0.0
TMO,21,14,event_div_gravity,0.0
TMO,21,14,event_cpi_gravity,0.030008
TMO,21,14,event_nfp_gravity,0.041647
TMO,21,14,put_call_skew_30d,0.0
TMO,21,14,term_structure_slope,0.033828
TMO,21,14,vrp_wedge,0.011436
TMO,21,14,iv_atm_z_score,0.034041
TMO,21,14,macro_yield_curve_slope,0.013081
TMO,21,14,macro_hy_spread,0.01709
TMO,21,14,macro_hy_spread_chg_5d,0.015794
TMO,21,14,macro_breakeven_5y,0.01396
TMO,21,14,macro_inflation_fwd_5y5y,0.0
TMO,21,14,macro_inflation_fwd_chg_21d,0.006813
TMO,21,14,macro_inflation_fwd_abs_chg_21d,0.0
TMO,21,14,macro_inflation_fwd_chg_63d,0.012605
TMO,21,14,macro_inflation_fwd_zscore,0.011482
TMO,21,14,macro_dollar_ret,0.0
TMO,21,14,beta_spy,0.017396
TMO,21,14,res_vol,0.013824
TMO,21,14,res_vol_vel,0.0
TMO,21,14,price_regime,0.14259
TMO,21,14,corr_sector_21d,0.015696
TMO,21,14,corr_sector_252d,0.022743
TMO,21,14,sector_wedge,0.004998
TMO,21,15,rv_5d,0.073073
TMO,21,15,rv_10d,0.035478
TMO,21,15,rv_21d,0.073885
TMO,21,15,rv_63d,0.014048
TMO,21,15,rv_126d,0.01979
TMO,21,15,ewma_vol,0.021073
TMO,21,15,garch_cond_vol,0.061996
TMO,21,15,ret_TARGET,0.0
TMO,21,15,tech_RSI,0.005171
TMO,21,15,tech_MACD_hist,0.022059
TMO,21,15,ret_VIXY,0.0
TMO,21,15,mom21_VIXY,0.00921
TMO,21,15,ret_HYG,0.0
TMO,21,15,mom21_HYG,0.014945
TMO,21,15,ret_USO,0.0
TMO,21,15,mom21_USO,0.008061
TMO,21,15,ret_TLT,0.0
TMO,21,15,mom21_TLT,0.016945
TMO,21,15,ret_UUP,0.0
TMO,21,15,mom21_UUP,0.012509
TMO,21,15,ret_SPY,0.0
TMO,21,15,mom21_SPY,0.014524
TMO,21,15,vol_vel,0.008517
TMO,21,15,vol_of_vol,0.005389
TMO,21,15,vol_regime_zscore,0.009393
TMO,21,15,vol_chg_21d,0.007177
TMO,21,15,event_fed_gravity,0.051574
TMO,21,15,event_earn_gravity,0.0
TMO,21,15,event_div_gravity,0.0
TMO,21,15,event_cpi_gravity,0.032164
TMO,21,15,event_nfp_gravity,0.058216
TMO,21,15,put_call_skew_30d,0.0
TMO,21,15,term_structure_slope,0.026256
TMO,21,15,vrp_wedge,0.01397
TMO,21,15,iv_atm_z_score,0.041486
TMO,21,15,macro_yield_curve_slope,0.017675
TMO,21,15,macro_hy_spread,0.021817
TMO,21,15,macro_hy_spread_chg_5d,0.016746
TMO,21,15,macro_breakeven_5y,0.014837
TMO,21,15,macro_inflation_fwd_5y5y,0.0
TMO,21,15,macro_inflation_fwd_chg_21d,0.00751
TMO,21,15,macro_inflation_fwd_abs_chg_21d,0.0
TMO,21,15,macro_inflation_fwd_chg_63d,0.013561
TMO,21,15,macro_inflation_fwd_zscore,0.010021
TMO,21,15,macro_dollar_ret,0.0
TMO,21,15,beta_spy,0.018066
TMO,21,15,res_vol,0.01063
TMO,21,15,res_vol_vel,0.008877
TMO,21,15,price_regime,0.153349
TMO,21,15,corr_sector_21d,0.016766
TMO,21,15,corr_sector_252d,0.027804
TMO,21,15,sector_wedge,0.005431
TMO,21,16,rv_5d,0.059003
TMO,21,16,rv_10d,0.005992
TMO,21,16,rv_21d,0.065685
TMO,21,16,rv_63d,0.015358
TMO,21,16,rv_126d,0.020218
TMO,21,16,ewma_vol,0.041952
TMO,21,16,garch_cond_vol,0.150967
TMO,21,16,ret_TARGET,0.0
TMO,21,16,tech_RSI,0.008538
TMO,21,16,tech_MACD_hist,0.019078
TMO,21,16,ret_VIXY,0.0
TMO,21,16,mom21_VIXY,0.006883
TMO,21,16,ret_HYG,0.0
TMO,21,16,mom21_HYG,0.010574
TMO,21,16,ret_USO,0.0
TMO,21,16,mom21_USO,0.008324
TMO,21,16,ret_TLT,0.0
TMO,21,16,mom21_TLT,0.006327
TMO,21,16,ret_UUP,0.0
TMO,21,16,mom21_UUP,0.012146
TMO,21,16,ret_SPY,0.0
TMO,21,16,mom21_SPY,0.013719
TMO,21,16,vol_vel,0.006336
TMO,21,16,vol_of_vol,0.006589
TMO,21,16,vol_regime_zscore,0.010599
TMO,21,16,vol_chg_21d,0.009454
TMO,21,16,event_fed_gravity,0.033215
TMO,21,16,event_earn_gravity,0.0
TMO,21,16,event_div_gravity,0.0
TMO,21,16,event_cpi_gravity,0.059072
TMO,21,16,event_nfp_gravity,0.035073
TMO,21,16,put_call_skew_30d,0.0
TMO,21,16,term_structure_slope,0.021071
TMO,21,16,vrp_wedge,0.012436
TMO,21,16,iv_atm_z_score,0.036353
TMO,21,16,macro_yield_curve_slope,0.012678
TMO,21,16,macro_hy_spread,0.019394
TMO,21,16,macro_hy_spread_chg_5d,0.015422
TMO,21,16,macro_breakeven_5y,0.009838
TMO,21,16,macro_inflation_fwd_5y5y,0.006158
TMO,21,16,macro_inflation_fwd_chg_21d,0.010751
TMO,21,16,macro_inflation_fwd_abs_chg_21d,0.0
TMO,21,16,macro_inflation_fwd_chg_63d,0.013437
TMO,21,16,macro_inflation_fwd_zscore,0.007871
TMO,21,16,macro_dollar_ret,0.0
TMO,21,16,beta_spy,0.018898
TMO,21,16,res_vol,0.015666
TMO,21,16,res_vol_vel,0.00598
TMO,21,16,price_regime,0.134894
TMO,21,16,corr_sector_21d,0.015008
TMO,21,16,corr_sector_252d,0.023919
TMO,21,16,sector_wedge,0.015125
TMO,21,17,rv_5d,0.046868
TMO,21,17,rv_10d,0.077786
TMO,21,17,rv_21d,0.062865
TMO,21,17,rv_63d,0.014218
TMO,21,17,rv_126d,0.018324
TMO,21,17,ewma_vol,0.017429
TMO,21,17,garch_cond_vol,0.077391
TMO,21,17,ret_TARGET,0.0
TMO,21,17,tech_RSI,0.0
TMO,21,17,tech_MACD_hist,0.011546
TMO,21,17,ret_VIXY,0.0
TMO,21,17,mom21_VIXY,0.009246
TMO,21,17,ret_HYG,0.0
TMO,21,17,mom21_HYG,0.015205
TMO,21,17,ret_USO,0.0
TMO,21,17,mom21_USO,0.011896
TMO,21,17,ret_TLT,0.0
TMO,21,17,mom21_TLT,0.0
TMO,21,17,ret_UUP,0.0
TMO,21,17,mom21_UUP,0.016182
TMO,21,17,ret_SPY,0.0
TMO,21,17,mom21_SPY,0.015699
TMO,21,17,vol_vel,0.004771
TMO,21,17,vol_of_vol,0.005116
TMO,21,17,vol_regime_zscore,0.008441
TMO,21,17,vol_chg_21d,0.01202
TMO,21,17,event_fed_gravity,0.036786
TMO,21,17,event_earn_gravity,0.0
TMO,21,17,event_div_gravity,0.0
TMO,21,17,event_cpi_gravity,0.035912
TMO,21,17,event_nfp_gravity,0.057797
TMO,21,17,put_call_skew_30d,0.0
TMO,21,17,term_structure_slope,0.021859
TMO,21,17,vrp_wedge,0.015182
TMO,21,17,iv_atm_z_score,0.031564
TMO,21,17,macro_yield_curve_slope,0.012141
TMO,21,17,macro_hy_spread,0.017363
TMO,21,17,macro_hy_spread_chg_5d,0.006314
TMO,21,17,macro_breakeven_5y,0.01298
TMO,21,17,macro_inflation_fwd_5y5y,0.005738
TMO,21,17,macro_inflation_fwd_chg_21d,0.015509
TMO,21,17,macro_inflation_fwd_abs_chg_21d,0.0
TMO,21,17,macro_inflation_fwd_chg_63d,0.014773
TMO,21,17,macro_inflation_fwd_zscore,0.016657
TMO,21,17,macro_dollar_ret,0.0
TMO,21,17,beta_spy,0.030159
TMO,21,17,res_vol,0.015681
TMO,21,17,res_vol_vel,0.008579
TMO,21,17,price_regime,0.141697
TMO,21,17,corr_sector_21d,0.018268
TMO,21,17,corr_sector_252d,0.023302
TMO,21,17,sector_wedge,0.036737
TMO,21,18,rv_5d,0.049525
TMO,21,18,rv_10d,0.094787
TMO,21,18,rv_21d,0.063343
TMO,21,18,rv_63d,0.015157
TMO,21,18,rv_126d,0.016446
TMO,21,18,ewma_vol,0.01301
TMO,21,18,garch_cond_vol,0.139311
TMO,21,18,ret_TARGET,0.0
TMO,21,18,tech_RSI,0.008951
TMO,21,18,tech_MACD_hist,0.013151
TMO,21,18,ret_VIXY,0.0
TMO,21,18,mom21_VIXY,0.008463
TMO,21,18,ret_HYG,0.0
TMO,21,18,mom21_HYG,0.010337
TMO,21,18,ret_USO,0.0
TMO,21,18,mom21_USO,0.010404
TMO,21,18,ret_TLT,0.0
TMO,21,18,mom21_TLT,0.00515
TMO,21,18,ret_UUP,0.0
TMO,21,18,mom21_UUP,0.01269
TMO,21,18,ret_SPY,0.0
TMO,21,18,mom21_SPY,0.010387
TMO,21,18,vol_vel,0.0
TMO,21,18,vol_of_vol,0.008625
TMO,21,18,vol_regime_zscore,0.009691
TMO,21,18,vol_chg_21d,0.012754
TMO,21,18,event_fed_gravity,0.050697
TMO,21,18,event_earn_gravity,0.0
TMO,21,18,event_div_gravity,0.0
TMO,21,18,event_cpi_gravity,0.031208
TMO,21,18,event_nfp_gravity,0.03699
TMO,21,18,put_call_skew_30d,0.0
TMO,21,18,term_structure_slope,0.017769
TMO,21,18,vrp_wedge,0.008121
TMO,21,18,iv_atm_z_score,0.03715
TMO,21,18,macro_yield_curve_slope,0.011144
TMO,21,18,macro_hy_spread,0.016459
TMO,21,18,macro_hy_spread_chg_5d,0.014896
TMO,21,18,macro_breakeven_5y,0.004852
TMO,21,18,macro_inflation_fwd_5y5y,0.005688
TMO,21,18,macro_inflation_fwd_chg_21d,0.007036
TMO,21,18,macro_inflation_fwd_abs_chg_21d,0.0
TMO,21,18,macro_inflation_fwd_chg_63d,0.011959
TMO,21,18,macro_inflation_fwd_zscore,0.014313
TMO,21,18,macro_dollar_ret,0.0
TMO,21,18,beta_spy,0.024151
TMO,21,18,res_vol,0.013567
TMO,21,18,res_vol_vel,0.006467
TMO,21,18,price_regime,0.134097
TMO,21,18,corr_sector_21d,0.015844
TMO,21,18,corr_sector_252d,0.026358
TMO,21,18,sector_wedge,0.009052
TMO,21,19,rv_5d,0.054946
TMO,21,19,rv_10d,0.092468
TMO,21,19,rv_21d,0.043492
TMO,21,19,rv_63d,0.015651
TMO,21,19,rv_126d,0.017369
TMO,21,19,ewma_vol,0.00971
TMO,21,19,garch_cond_vol,0.148651
TMO,21,19,ret_TARGET,0.0
TMO,21,19,tech_RSI,0.0
TMO,21,19,tech_MACD_hist,0.01363
TMO,21,19,ret_VIXY,0.0
TMO,21,19,mom21_VIXY,0.009626
TMO,21,19,ret_HYG,0.0
TMO,21,19,mom21_HYG,0.009565
TMO,21,19,ret_USO,0.0
TMO,21,19,mom21_USO,0.010644
TMO,21,19,ret_TLT,0.0
TMO,21,19,mom21_TLT,0.0
TMO,21,19,ret_UUP,0.0
TMO,21,19,mom21_UUP,0.013024
TMO,21,19,ret_SPY,0.0
TMO,21,19,mom21_SPY,0.013459
TMO,21,19,vol_vel,0.004719
TMO,21,19,vol_of_vol,0.008012
TMO,21,19,vol_regime_zscore,0.0081
TMO,21,19,vol_chg_21d,0.009492
TMO,21,19,event_fed_gravity,0.034583
TMO,21,19,event_earn_gravity,0.0
TMO,21,19,event_div_gravity,0.0
TMO,21,19,event_cpi_gravity,0.037788
TMO,21,19,event_nfp_gravity,0.051648
TMO,21,19,put_call_skew_30d,0.0
TMO,21,19,term_structure_slope,0.019328
TMO,21,19,vrp_wedge,0.009247
TMO,21,19,iv_atm_z_score,0.037581
TMO,21,19,macro_yield_curve_slope,0.014476
TMO,21,19,macro_hy_spread,0.018633
TMO,21,19,macro_hy_spread_chg_5d,0.015935
TMO,21,19,macro_breakeven_5y,0.014105
TMO,21,19,macro_inflation_fwd_5y5y,0.005901
TMO,21,19,macro_inflation_fwd_chg_21d,0.0
TMO,21,19,macro_inflation_fwd_abs_chg_21d,0.0
TMO,21,19,macro_inflation_fwd_chg_63d,0.01237
TMO,21,19,macro_inflation_fwd_zscore,0.012376
TMO,21,19,macro_dollar_ret,0.0
TMO,21,19,beta_spy,0.027077
TMO,21,19,res_vol,0.011821
TMO,21,19,res_vol_vel,0.0
TMO,21,19,price_regime,0.145459
TMO,21,19,corr_sector_21d,0.018697
TMO,21,19,corr_sector_252d,0.023563
TMO,21,19,sector_wedge,0.006854
TMO,21,20,rv_5d,0.05767
TMO,21,20,rv_10d,0.0434
TMO,21,20,rv_21d,0.058392
TMO,21,20,rv_63d,0.024275
TMO,21,20,rv_126d,0.022299
TMO,21,20,ewma_vol,0.013014
TMO,21,20,garch_cond_vol,0.084001
TMO,21,20,ret_TARGET,0.0
TMO,21,20,tech_RSI,0.0
TMO,21,20,tech_MACD_hist,0.013557
TMO,21,20,ret_VIXY,0.0
TMO,21,20,mom21_VIXY,0.011379
TMO,21,20,ret_HYG,0.0
TMO,21,20,mom21_HYG,0.009999
TMO,21,20,ret_USO,0.0
TMO,21,20,mom21_USO,0.016806
TMO,21,20,ret_TLT,0.0
TMO,21,20,mom21_TLT,0.006876
TMO,21,20,ret_UUP,0.0
TMO,21,20,mom21_UUP,0.006883
TMO,21,20,ret_SPY,0.0
TMO,21,20,mom21_SPY,0.01886
TMO,21,20,vol_vel,0.0
TMO,21,20,vol_of_vol,0.008795
TMO,21,20,vol_regime_zscore,0.010424
TMO,21,20,vol_chg_21d,0.012733
TMO,21,20,event_fed_gravity,0.053473
TMO,21,20,event_earn_gravity,0.0
TMO,21,20,event_div_gravity,0.0
TMO,21,20,event_cpi_gravity,0.028147
TMO,21,20,event_nfp_gravity,0.040242
TMO,21,20,put_call_skew_30d,0.0
TMO,21,20,term_structure_slope,0.018641
TMO,21,20,vrp_wedge,0.012663
TMO,21,20,iv_atm_z_score,0.034515
TMO,21,20,macro_yield_curve_slope,0.010481
TMO,21,20,macro_hy_spread,0.026229
TMO,21,20,macro_hy_spread_chg_5d,0.02933
TMO,21,20,macro_breakeven_5y,0.01145
TMO,21,20,macro_inflation_fwd_5y5y,0.005702
TMO,21,20,macro_inflation_fwd_chg_21d,0.006912
TMO,21,20,macro_inflation_fwd_abs_chg_21d,0.0
TMO,21,20,macro_inflation_fwd_chg_63d,0.016481
TMO,21,20,macro_inflation_fwd_zscore,0.024809
TMO,21,20,macro_dollar_ret,0.0
TMO,21,20,beta_spy,0.025473
TMO,21,20,res_vol,0.017116
TMO,21,20,res_vol_vel,0.009888
TMO,21,20,price_regime,0.151738
TMO,21,20,corr_sector_21d,0.019811
TMO,21,20,corr_sector_252d,0.027592
TMO,21,20,sector_wedge,0.009944
TMO,21,21,rv_5d,0.078259
TMO,21,21,rv_10d,0.033593
TMO,21,21,rv_21d,0.059786
TMO,21,21,rv_63d,0.011716
TMO,21,21,rv_126d,0.023579
TMO,21,21,ewma_vol,0.02
TMO,21,21,garch_cond_vol,0.036105
TMO,21,21,ret_TARGET,0.0
TMO,21,21,tech_RSI,0.0
TMO,21,21,tech_MACD_hist,0.012379
TMO,21,21,ret_VIXY,0.0
TMO,21,21,mom21_VIXY,0.011984
TMO,21,21,ret_HYG,0.0
TMO,21,21,mom21_HYG,0.011315
TMO,21,21,ret_USO,0.0
TMO,21,21,mom21_USO,0.023671
TMO,21,21,ret_TLT,0.0
TMO,21,21,mom21_TLT,0.0
TMO,21,21,ret_UUP,0.0
TMO,21,21,mom21_UUP,0.00721
TMO,21,21,ret_SPY,0.0
TMO,21,21,mom21_SPY,0.020269
TMO,21,21,vol_vel,0.0056
TMO,21,21,vol_of_vol,0.00861
TMO,21,21,vol_regime_zscore,0.007724
TMO,21,21,vol_chg_21d,0.017609
TMO,21,21,event_fed_gravity,0.033472
TMO,21,21,event_earn_gravity,0.0
TMO,21,21,event_div_gravity,0.0
TMO,21,21,event_cpi_gravity,0.049711
TMO,21,21,event_nfp_gravity,0.043787
TMO,21,21,put_call_skew_30d,0.0
TMO,21,21,term_structure_slope,0.019249
TMO,21,21,vrp_wedge,0.00991
TMO,21,21,iv_atm_z_score,0.036196
TMO,21,21,macro_yield_curve_slope,0.012928
TMO,21,21,macro_hy_spread,0.03625
TMO,21,21,macro_hy_spread_chg_5d,0.0
TMO,21,21,macro_breakeven_5y,0.024458
TMO,21,21,macro_inflation_fwd_5y5y,0.010815
TMO,21,21,macro_inflation_fwd_chg_21d,0.01487
TMO,21,21,macro_inflation_fwd_abs_chg_21d,0.0
TMO,21,21,macro_inflation_fwd_chg_63d,0.016094
TMO,21,21,macro_inflation_fwd_zscore,0.050493
TMO,21,21,macro_dollar_ret,0.0
TMO,21,21,beta_spy,0.020027
TMO,21,21,res_vol,0.018455
TMO,21,21,res_vol_vel,0.010361
TMO,21,21,price_regime,0.14226
TMO,21,21,corr_sector_21d,0.022893
TMO,21,21,corr_sector_252d,0.03165
TMO,21,21,sector_wedge,0.006711
TMO,21,22,rv_5d,0.05704
TMO,21,22,rv_10d,0.037408
TMO,21,22,rv_21d,0.107394
TMO,21,22,rv_63d,0.010953
TMO,21,22,rv_126d,0.023663
TMO,21,22,ewma_vol,0.014591
TMO,21,22,garch_cond_vol,0.009149
TMO,21,22,ret_TARGET,0.0
TMO,21,22,tech_RSI,0.028264
TMO,21,22,tech_MACD_hist,0.015427
TMO,21,22,ret_VIXY,0.0
TMO,21,22,mom21_VIXY,0.009409
TMO,21,22,ret_HYG,0.0
TMO,21,22,mom21_HYG,0.006242
TMO,21,22,ret_USO,0.0
TMO,21,22,mom21_USO,0.019464
TMO,21,22,ret_TLT,0.0
TMO,21,22,mom21_TLT,0.006724
TMO,21,22,ret_UUP,0.0
TMO,21,22,mom21_UUP,0.013163
TMO,21,22,ret_SPY,0.0
TMO,21,22,mom21_SPY,0.005407
TMO,21,22,vol_vel,0.0
TMO,21,22,vol_of_vol,0.011217
TMO,21,22,vol_regime_zscore,0.007094
TMO,21,22,vol_chg_21d,0.015985
TMO,21,22,event_fed_gravity,0.034528
TMO,21,22,event_earn_gravity,0.0
TMO,21,22,event_div_gravity,0.0
TMO,21,22,event_cpi_gravity,0.033988
TMO,21,22,event_nfp_gravity,0.03128
TMO,21,22,put_call_skew_30d,0.0
TMO,21,22,term_structure_slope,0.021651
TMO,21,22,vrp_wedge,0.013762
TMO,21,22,iv_atm_z_score,0.029395
TMO,21,22,macro_yield_curve_slope,0.01396
TMO,21,22,macro_hy_spread,0.052215
TMO,21,22,macro_hy_spread_chg_5d,0.0
TMO,21,22,macro_breakeven_5y,0.025903
TMO,21,22,macro_inflation_fwd_5y5y,0.018863
TMO,21,22,macro_inflation_fwd_chg_21d,0.011691
TMO,21,22,macro_inflation_fwd_abs_chg_21d,0.0
TMO,21,22,macro_inflation_fwd_chg_63d,0.013331
TMO,21,22,macro_inflation_fwd_zscore,0.044283
TMO,21,22,macro_dollar_ret,0.0
TMO,21,22,beta_spy,0.024219
TMO,21,22,res_vol,0.017674
TMO,21,22,res_vol_vel,0.005536
TMO,21,22,price_regime,0.13696
TMO,21,22,corr_sector_21d,0.016709
TMO,21,22,corr_sector_252d,0.048339
TMO,21,22,sector_wedge,0.007119
TMO,21,23,rv_5d,0.087475
TMO,21,23,rv_10d,0.037947
TMO,21,23,rv_21d,0.087889
TMO,21,23,rv_63d,0.011051
TMO,21,23,rv_126d,0.020898
TMO,21,23,ewma_vol,0.020671
TMO,21,23,garch_cond_vol,0.008069
TMO,21,23,ret_TARGET,0.0
TMO,21,23,tech_RSI,0.0
TMO,21,23,tech_MACD_hist,0.011034
TMO,21,23,ret_VIXY,0.0
TMO,21,23,mom21_VIXY,0.009775
TMO,21,23,ret_HYG,0.0
TMO,21,23,mom21_HYG,0.012742
TMO,21,23,ret_USO,0.0
TMO,21,23,mom21_USO,0.01729
TMO,21,23,ret_TLT,0.0
TMO,21,23,mom21_TLT,0.006986
TMO,21,23,ret_UUP,0.0
TMO,21,23,mom21_UUP,0.01291
TMO,21,23,ret_SPY,0.0
TMO,21,23,mom21_SPY,0.015766
TMO,21,23,vol_vel,0.005917
TMO,21,23,vol_of_vol,0.005354
TMO,21,23,vol_regime_zscore,0.007778
TMO,21,23,vol_chg_21d,0.016334
TMO,21,23,event_fed_gravity,0.029942
TMO,21,23,event_earn_gravity,0.0
TMO,21,23,event_div_gravity,0.0
TMO,21,23,event_cpi_gravity,0.031659
TMO,21,23,event_nfp_gravity,0.036842
TMO,21,23,put_call_skew_30d,0.0
TMO,21,23,term_structure_slope,0.018533
TMO,21,23,vrp_wedge,0.01001
TMO,21,23,iv_atm_z_score,0.034652
TMO,21,23,macro_yield_curve_slope,0.010709
TMO,21,23,macro_hy_spread,0.034982
TMO,21,23,macro_hy_spread_chg_5d,0.0
TMO,21,23,macro_breakeven_5y,0.039974
TMO,21,23,macro_inflation_fwd_5y5y,0.013548
TMO,21,23,macro_inflation_fwd_chg_21d,0.011578
TMO,21,23,macro_inflation_fwd_abs_chg_21d,0.0
TMO,21,23,macro_inflation_fwd_chg_63d,0.017826
TMO,21,23,macro_inflation_fwd_zscore,0.029541
TMO,21,23,macro_dollar_ret,0.0
TMO,21,23,beta_spy,0.019068
TMO,21,23,res_vol,0.018078
TMO,21,23,res_vol_vel,0.00668
TMO,21,23,price_regime,0.15644
TMO,21,23,corr_sector_21d,0.024309
TMO,21,23,corr_sector_252d,0.051661
TMO,21,23,sector_wedge,0.008083
TMO,21,24,rv_5d,0.097167
TMO,21,24,rv_10d,0.043607
TMO,21,24,rv_21d,0.085586
TMO,21,24,rv_63d,0.013434
TMO,21,24,rv_126d,0.020326
TMO,21,24,ewma_vol,0.021821
TMO,21,24,garch_cond_vol,0.008652
TMO,21,24,ret_TARGET,0.0
TMO,21,24,tech_RSI,0.007248
TMO,21,24,tech_MACD_hist,0.012881
TMO,21,24,ret_VIXY,0.0
TMO,21,24,mom21_VIXY,0.010569
TMO,21,24,ret_HYG,0.0
TMO,21,24,mom21_HYG,0.016049
TMO,21,24,ret_USO,0.0
TMO,21,24,mom21_USO,0.017845
TMO,21,24,ret_TLT,0.0
TMO,21,24,mom21_TLT,0.006913
TMO,21,24,ret_UUP,0.0
TMO,21,24,mom21_UUP,0.01119
TMO,21,24,ret_SPY,0.0
TMO,21,24,mom21_SPY,0.015348
TMO,21,24,vol_vel,0.0
TMO,21,24,vol_of_vol,0.004823
TMO,21,24,vol_regime_zscore,0.007666
TMO,21,24,vol_chg_21d,0.013053
TMO,21,24,event_fed_gravity,0.033719
TMO,21,24,event_earn_gravity,0.0
TMO,21,24,event_div_gravity,0.0
TMO,21,24,event_cpi_gravity,0.028703
TMO,21,24,event_nfp_gravity,0.031306
TMO,21,24,put_call_skew_30d,0.0
TMO,21,24,term_structure_slope,0.020333
TMO,21,24,vrp_wedge,0.010481
TMO,21,24,iv_atm_z_score,0.034281
TMO,21,24,macro_yield_curve_slope,0.016153
TMO,21,24,macro_hy_spread,0.031051
TMO,21,24,macro_hy_spread_chg_5d,0.0
TMO,21,24,macro_breakeven_5y,0.039347
TMO,21,24,macro_inflation_fwd_5y5y,0.006002
TMO,21,24,macro_inflation_fwd_chg_21d,0.008983
TMO,21,24,macro_inflation_fwd_abs_chg_21d,0.0
TMO,21,24,macro_inflation_fwd_chg_63d,0.015764
TMO,21,24,macro_inflation_fwd_zscore,0.018569
TMO,21,24,macro_dollar_ret,0.0
TMO,21,24,beta_spy,0.018701
TMO,21,24,res_vol,0.019049
TMO,21,24,res_vol_vel,0.008148
TMO,21,24,price_regime,0.156623
TMO,21,24,corr_sector_21d,0.024615
TMO,21,24,corr_sector_252d,0.055036
TMO,21,24,sector_wedge,0.00896
TMO,21,25,rv_5d,0.089699
TMO,21,25,rv_10d,0.042124
TMO,21,25,rv_21d,0.102993
TMO,21,25,rv_63d,0.012371
TMO,21,25,rv_126d,0.019116
TMO,21,25,ewma_vol,0.021604
TMO,21,25,garch_cond_vol,0.010358
TMO,21,25,ret_TARGET,0.0
TMO,21,25,tech_RSI,0.012999
TMO,21,25,tech_MACD_hist,0.009119
TMO,21,25,ret_VIXY,0.0
TMO,21,25,mom21_VIXY,0.010342
TMO,21,25,ret_HYG,0.0
TMO,21,25,mom21_HYG,0.016364
TMO,21,25,ret_USO,0.0
TMO,21,25,mom21_USO,0.019909
TMO,21,25,ret_TLT,0.0
TMO,21,25,mom21_TLT,0.00696
TMO,21,25,ret_UUP,0.0
TMO,21,25,mom21_UUP,0.00896
TMO,21,25,ret_SPY,0.0
TMO,21,25,mom21_SPY,0.006517
TMO,21,25,vol_vel,0.005346
TMO,21,25,vol_of_vol,0.007685
TMO,21,25,vol_regime_zscore,0.006884
TMO,21,25,vol_chg_21d,0.007732
TMO,21,25,event_fed_gravity,0.034178
TMO,21,25,event_earn_gravity,0.0
TMO,21,25,event_div_gravity,0.0
TMO,21,25,event_cpi_gravity,0.029346
TMO,21,25,event_nfp_gravity,0.026487
TMO,21,25,put_call_skew_30d,0.0
TMO,21,25,term_structure_slope,0.021734
TMO,21,25,vrp_wedge,0.010804
TMO,21,25,iv_atm_z_score,0.031355
TMO,21,25,macro_yield_curve_slope,0.011286
TMO,21,25,macro_hy_spread,0.027236
TMO,21,25,macro_hy_spread_chg_5d,0.0
TMO,21,25,macro_breakeven_5y,0.037531
TMO,21,25,macro_inflation_fwd_5y5y,0.009038
TMO,21,25,macro_inflation_fwd_chg_21d,0.008524
TMO,21,25,macro_inflation_fwd_abs_chg_21d,0.0
TMO,21,25,macro_inflation_fwd_chg_63d,0.016271
TMO,21,25,macro_inflation_fwd_zscore,0.012566
TMO,21,25,macro_dollar_ret,0.0
TMO,21,25,beta_spy,0.020243
TMO,21,25,res_vol,0.015594
TMO,21,25,res_vol_vel,0.008932
TMO,21,25,price_regime,0.174333
TMO,21,25,corr_sector_21d,0.021553
TMO,21,25,corr_sector_252d,0.050774
TMO,21,25,sector_wedge,0.015135
TMO,21,26,rv_5d,0.136342
TMO,21,26,rv_10d,0.042452
TMO,21,26,rv_21d,0.021444
TMO,21,26,rv_63d,0.013427
TMO,21,26,rv_126d,0.024167
TMO,21,26,ewma_vol,0.023375
TMO,21,26,garch_cond_vol,0.009308
TMO,21,26,ret_TARGET,0.0
TMO,21,26,tech_RSI,0.00858
TMO,21,26,tech_MACD_hist,0.008639
TMO,21,26,ret_VIXY,0.0
TMO,21,26,mom21_VIXY,0.017537
TMO,21,26,ret_HYG,0.0
TMO,21,26,mom21_HYG,0.0083
TMO,21,26,ret_USO,0.0
TMO,21,26,mom21_USO,0.029532
TMO,21,26,ret_TLT,0.0
TMO,21,26,mom21_TLT,0.00833
TMO,21,26,ret_UUP,0.0
TMO,21,26,mom21_UUP,0.01005
TMO,21,26,ret_SPY,0.0
TMO,21,26,mom21_SPY,0.007984
TMO,21,26,vol_vel,0.0
TMO,21,26,vol_of_vol,0.010054
TMO,21,26,vol_regime_zscore,0.00893
TMO,21,26,vol_chg_21d,0.016673
TMO,21,26,event_fed_gravity,0.045031
TMO,21,26,event_earn_gravity,0.0
TMO,21,26,event_div_gravity,0.0
TMO,21,26,event_cpi_gravity,0.032684
TMO,21,26,event_nfp_gravity,0.027467
TMO,21,26,put_call_skew_30d,0.0
TMO,21,26,term_structure_slope,0.025229
TMO,21,26,vrp_wedge,0.012044
TMO,21,26,iv_atm_z_score,0.044142
TMO,21,26,macro_yield_curve_slope,0.017213
TMO,21,26,macro_hy_spread,0.054959
TMO,21,26,macro_hy_spread_chg_5d,0.0
TMO,21,26,macro_breakeven_5y,0.018583
TMO,21,26,macro_inflation_fwd_5y5y,0.015049
TMO,21,26,macro_inflation_fwd_chg_21d,0.016212
TMO,21,26,macro_inflation_fwd_abs_chg_21d,0.0
TMO,21,26,macro_inflation_fwd_chg_63d,0.017396
TMO,21,26,macro_inflation_fwd_zscore,0.036109
TMO,21,26,macro_dollar_ret,0.0
TMO,21,26,beta_spy,0.021316
TMO,21,26,res_vol,0.018874
TMO,21,26,res_vol_vel,0.007251
TMO,21,26,price_regime,0.058066
TMO,21,26,corr_sector_21d,0.021269
TMO,21,26,corr_sector_252d,0.091588
TMO,21,26,sector_wedge,0.014391
TMO,21,27,rv_5d,0.130162
TMO,21,27,rv_10d,0.041785
TMO,21,27,rv_21d,0.032989
TMO,21,27,rv_63d,0.015884
TMO,21,27,rv_126d,0.024543
TMO,21,27,ewma_vol,0.021978
TMO,21,27,garch_cond_vol,0.011258
TMO,21,27,ret_TARGET,0.0
TMO,21,27,tech_RSI,0.00853
TMO,21,27,tech_MACD_hist,0.014422
TMO,21,27,ret_VIXY,0.0
TMO,21,27,mom21_VIXY,0.007909
TMO,21,27,ret_HYG,0.0
TMO,21,27,mom21_HYG,0.008603
TMO,21,27,ret_USO,0.0
TMO,21,27,mom21_USO,0.024496
TMO,21,27,ret_TLT,0.0
TMO,21,27,mom21_TLT,0.010096
TMO,21,27,ret_UUP,0.0
TMO,21,27,mom21_UUP,0.009563
TMO,21,27,ret_SPY,0.0
TMO,21,27,mom21_SPY,0.008505
TMO,21,27,vol_vel,0.0
TMO,21,27,vol_of_vol,0.010488
TMO,21,27,vol_regime_zscore,0.013179
TMO,21,27,vol_chg_21d,0.011112
TMO,21,27,event_fed_gravity,0.033693
TMO,21,27,event_earn_gravity,0.0
TMO,21,27,event_div_gravity,0.0
TMO,21,27,event_cpi_gravity,0.028634
TMO,21,27,event_nfp_gravity,0.033147
TMO,21,27,put_call_skew_30d,0.0
TMO,21,27,term_structure_slope,0.028046
TMO,21,27,vrp_wedge,0.010335
TMO,21,27,iv_atm_z_score,0.046848
TMO,21,27,macro_yield_curve_slope,0.010843
TMO,21,27,macro_hy_spread,0.06737
TMO,21,27,macro_hy_spread_chg_5d,0.0
TMO,21,27,macro_breakeven_5y,0.020588
TMO,21,27,macro_inflation_fwd_5y5y,0.010396
TMO,21,27,macro_inflation_fwd_chg_21d,0.01049
TMO,21,27,macro_inflation_fwd_abs_chg_21d,0.0
TMO,21,27,macro_inflation_fwd_chg_63d,0.017499
TMO,21,27,macro_inflation_fwd_zscore,0.03663
TMO,21,27,macro_dollar_ret,0.0
TMO,21,27,beta_spy,0.030828
TMO,21,27,res_vol,0.021531
TMO,21,27,res_vol_vel,0.006177
TMO,21,27,price_regime,0.047834
TMO,21,27,corr_sector_21d,0.019051
TMO,21,27,corr_sector_252d,0.097653
TMO,21,27,sector_wedge,0.016906
TMO,21,28,rv_5d,0.097322
TMO,21,28,rv_10d,0.031599
TMO,21,28,rv_21d,0.015026
TMO,21,28,rv_63d,0.013313
TMO,21,28,rv_126d,0.02034
TMO,21,28,ewma_vol,0.025058
TMO,21,28,garch_cond_vol,0.008906
TMO,21,28,ret_TARGET,0.0
TMO,21,28,tech_RSI,0.009286
TMO,21,28,tech_MACD_hist,0.020024
TMO,21,28,ret_VIXY,0.0
TMO,21,28,mom21_VIXY,0.019142
TMO,21,28,ret_HYG,0.0
TMO,21,28,mom21_HYG,0.00953
TMO,21,28,ret_USO,0.0
TMO,21,28,mom21_USO,0.031298
TMO,21,28,ret_TLT,0.0
TMO,21,28,mom21_TLT,0.02024
TMO,21,28,ret_UUP,0.0
TMO,21,28,mom21_UUP,0.01544
TMO,21,28,ret_SPY,0.0
TMO,21,28,mom21_SPY,0.008303
TMO,21,28,vol_vel,0.0
TMO,21,28,vol_of_vol,0.012755
TMO,21,28,vol_regime_zscore,0.010605
TMO,21,28,vol_chg_21d,0.010778
TMO,21,28,event_fed_gravity,0.031252
TMO,21,28,event_earn_gravity,0.0
TMO,21,28,event_div_gravity,0.0
TMO,21,28,event_cpi_gravity,0.036053
TMO,21,28,event_nfp_gravity,0.029082
TMO,21,28,put_call_skew_30d,0.0
TMO,21,28,term_structure_slope,0.036892
TMO,21,28,vrp_wedge,0.011289
TMO,21,28,iv_atm_z_score,0.048749
TMO,21,28,macro_yield_curve_slope,0.012588
TMO,21,28,macro_hy_spread,0.050373
TMO,21,28,macro_hy_spread_chg_5d,0.0
TMO,21,28,macro_breakeven_5y,0.024744
TMO,21,28,macro_inflation_fwd_5y5y,0.008298
TMO,21,28,macro_inflation_fwd_chg_21d,0.015488
TMO,21,28,macro_inflation_fwd_abs_chg_21d,0.0
TMO,21,28,macro_inflation_fwd_chg_63d,0.019796
TMO,21,28,macro_inflation_fwd_zscore,0.032663
TMO,21,28,macro_dollar_ret,0.0
TMO,21,28,beta_spy,0.023475
TMO,21,28,res_vol,0.020132
TMO,21,28,res_vol_vel,0.0
TMO,21,28,price_regime,0.068955
TMO,21,28,corr_sector_21d,0.020124
TMO,21,28,corr_sector_252d,0.098361
TMO,21,28,sector_wedge,0.032717
TMO,21,29,rv_5d,0.104083
TMO,21,29,rv_10d,0.037777
TMO,21,29,rv_21d,0.016488
TMO,21,29,rv_63d,0.013021
TMO,21,29,rv_126d,0.021471
TMO,21,29,ewma_vol,0.025287
TMO,21,29,garch_cond_vol,0.016364
TMO,21,29,ret_TARGET,0.0
TMO,21,29,tech_RSI,0.007613
TMO,21,29,tech_MACD_hist,0.030317
TMO,21,29,ret_VIXY,0.0
TMO,21,29,mom21_VIXY,0.008754
TMO,21,29,ret_HYG,0.0
TMO,21,29,mom21_HYG,0.020081
TMO,21,29,ret_USO,0.0
TMO,21,29,mom21_USO,0.032615
TMO,21,29,ret_TLT,0.0
TMO,21,29,mom21_TLT,0.007643
TMO,21,29,ret_UUP,0.0
TMO,21,29,mom21_UUP,0.011945
TMO,21,29,ret_SPY,0.0
TMO,21,29,mom21_SPY,0.008173
TMO,21,29,vol_vel,0.0
TMO,21,29,vol_of_vol,0.008835
TMO,21,29,vol_regime_zscore,0.011221
TMO,21,29,vol_chg_21d,0.012796
TMO,21,29,event_fed_gravity,0.036128
TMO,21,29,event_earn_gravity,0.0
TMO,21,29,event_div_gravity,0.0
TMO,21,29,event_cpi_gravity,0.036946
TMO,21,29,event_nfp_gravity,0.042331
TMO,21,29,put_call_skew_30d,0.007996
TMO,21,29,term_structure_slope,0.029049
TMO,21,29,vrp_wedge,0.009279
TMO,21,29,iv_atm_z_score,0.051504
TMO,21,29,macro_yield_curve_slope,0.013338
TMO,21,29,macro_hy_spread,0.041698
TMO,21,29,macro_hy_spread_chg_5d,0.0
TMO,21,29,macro_breakeven_5y,0.029318
TMO,21,29,macro_inflation_fwd_5y5y,0.008504
TMO,21,29,macro_inflation_fwd_chg_21d,0.01716
TMO,21,29,macro_inflation_fwd_abs_chg_21d,0.0
TMO,21,29,macro_inflation_fwd_chg_63d,0.018434
TMO,21,29,macro_inflation_fwd_zscore,0.035338
TMO,21,29,macro_dollar_ret,0.0
TMO,21,29,beta_spy,0.025256
TMO,21,29,res_vol,0.020206
TMO,21,29,res_vol_vel,0.009037
TMO,21,29,price_regime,0.034641
TMO,21,29,corr_sector_21d,0.02172
TMO,21,29,corr_sector_252d,0.098378
TMO,21,29,sector_wedge,0.019255
TMO,21,30,rv_5d,0.124907
TMO,21,30,rv_10d,0.06025
TMO,21,30,rv_21d,0.025443
TMO,21,30,rv_63d,0.011454
TMO,21,30,rv_126d,0.02081
TMO,21,30,ewma_vol,0.027577
TMO,21,30,garch_cond_vol,0.010468
TMO,21,30,ret_TARGET,0.005489
TMO,21,30,tech_RSI,0.0
TMO,21,30,tech_MACD_hist,0.020579
TMO,21,30,ret_VIXY,0.0
TMO,21,30,mom21_VIXY,0.012409
TMO,21,30,ret_HYG,0.0
TMO,21,30,mom21_HYG,0.010621
TMO,21,30,ret_USO,0.0
TMO,21,30,mom21_USO,0.029175
TMO,21,30,ret_TLT,0.0
TMO,21,30,mom21_TLT,0.007654
TMO,21,30,ret_UUP,0.0
TMO,21,30,mom21_UUP,0.010387
TMO,21,30,ret_SPY,0.0
TMO,21,30,mom21_SPY,0.00801
TMO,21,30,vol_vel,0.0
TMO,21,30,vol_of_vol,0.010819
TMO,21,30,vol_regime_zscore,0.009083
TMO,21,30,vol_chg_21d,0.014709
TMO,21,30,event_fed_gravity,0.032953
TMO,21,30,event_earn_gravity,0.0
TMO,21,30,event_div_gravity,0.0
TMO,21,30,event_cpi_gravity,0.034482
TMO,21,30,event_nfp_gravity,0.036162
TMO,21,30,put_call_skew_30d,0.0
TMO,21,30,term_structure_slope,0.035269
TMO,21,30,vrp_wedge,0.009746
TMO,21,30,iv_atm_z_score,0.046198
TMO,21,30,macro_yield_curve_slope,0.013961
TMO,21,30,macro_hy_spread,0.035628
TMO,21,30,macro_hy_spread_chg_5d,0.0
TMO,21,30,macro_breakeven_5y,0.036731
TMO,21,30,macro_inflation_fwd_5y5y,0.010217
TMO,21,30,macro_inflation_fwd_chg_21d,0.015261
TMO,21,30,macro_inflation_fwd_abs_chg_21d,0.0
TMO,21,30,macro_inflation_fwd_chg_63d,0.019943
TMO,21,30,macro_inflation_fwd_zscore,0.013542
TMO,21,30,macro_dollar_ret,0.0
TMO,21,30,beta_spy,0.023182
TMO,21,30,res_vol,0.020006
TMO,21,30,res_vol_vel,0.00678
TMO,21,30,price_regime,0.05046
TMO,21,30,corr_sector_21d,0.017583
TMO,21,30,corr_sector_252d,0.097582
TMO,21,30,sector_wedge,0.024472
TMO,21,31,rv_5d,0.121236
TMO,21,31,rv_10d,0.050373
TMO,21,31,rv_21d,0.019327
TMO,21,31,rv_63d,0.014822
TMO,21,31,rv_126d,0.018696
TMO,21,31,ewma_vol,0.026624
TMO,21,31,garch_cond_vol,0.0112
TMO,21,31,ret_TARGET,0.0
TMO,21,31,tech_RSI,0.0
TMO,21,31,tech_MACD_hist,0.009577
TMO,21,31,ret_VIXY,0.0
TMO,21,31,mom21_VIXY,0.007561
TMO,21,31,ret_HYG,0.0
TMO,21,31,mom21_HYG,0.009151
TMO,21,31,ret_USO,0.0
TMO,21,31,mom21_USO,0.029626
TMO,21,31,ret_TLT,0.0
TMO,21,31,mom21_TLT,0.011405
TMO,21,31,ret_UUP,0.0
TMO,21,31,mom21_UUP,0.009148
TMO,21,31,ret_SPY,0.0
TMO,21,31,mom21_SPY,0.008639
TMO,21,31,vol_vel,0.0
TMO,21,31,vol_of_vol,0.010909
TMO,21,31,vol_regime_zscore,0.011617
TMO,21,31,vol_chg_21d,0.018686
TMO,21,31,event_fed_gravity,0.037445
TMO,21,31,event_earn_gravity,0.0
TMO,21,31,event_div_gravity,0.0
TMO,21,31,event_cpi_gravity,0.042204
TMO,21,31,event_nfp_gravity,0.035149
TMO,21,31,put_call_skew_30d,0.009049
TMO,21,31,term_structure_slope,0.038911
TMO,21,31,vrp_wedge,0.010067
TMO,21,31,iv_atm_z_score,0.045455
TMO,21,31,macro_yield_curve_slope,0.013864
TMO,21,31,macro_hy_spread,0.027938
TMO,21,31,macro_hy_spread_chg_5d,0.0
TMO,21,31,macro_breakeven_5y,0.03586
TMO,21,31,macro_inflation_fwd_5y5y,0.008056
TMO,21,31,macro_inflation_fwd_chg_21d,0.014789
TMO,21,31,macro_inflation_fwd_abs_chg_21d,0.0
TMO,21,31,macro_inflation_fwd_chg_63d,0.020503
TMO,21,31,macro_inflation_fwd_zscore,0.015267
TMO,21,31,macro_dollar_ret,0.0
TMO,21,31,beta_spy,0.022399
TMO,21,31,res_vol,0.022007
TMO,21,31,res_vol_vel,0.008077
TMO,21,31,price_regime,0.059733
TMO,21,31,corr_sector_21d,0.016499
TMO,21,31,corr_sector_252d,0.099725
TMO,21,31,sector_wedge,0.028407
TMO,21,32,rv_5d,0.116871
TMO,21,32,rv_10d,0.013733
TMO,21,32,rv_21d,0.046226
TMO,21,32,rv_63d,0.027976
TMO,21,32,rv_126d,0.021266
TMO,21,32,ewma_vol,0.015106
TMO,21,32,garch_cond_vol,0.023779
TMO,21,32,ret_TARGET,0.0
TMO,21,32,tech_RSI,0.020806
TMO,21,32,tech_MACD_hist,0.01412
TMO,21,32,ret_VIXY,0.0
TMO,21,32,mom21_VIXY,0.008657
TMO,21,32,ret_HYG,0.0
TMO,21,32,mom21_HYG,0.010705
TMO,21,32,ret_USO,0.0
TMO,21,32,mom21_USO,0.037727
TMO,21,32,ret_TLT,0.0
TMO,21,32,mom21_TLT,0.009614
TMO,21,32,ret_UUP,0.0
TMO,21,32,mom21_UUP,0.007801
TMO,21,32,ret_SPY,0.0
TMO,21,32,mom21_SPY,0.006523
TMO,21,32,vol_vel,0.0
TMO,21,32,vol_of_vol,0.012705
TMO,21,32,vol_regime_zscore,0.008352
TMO,21,32,vol_chg_21d,0.009604
TMO,21,32,event_fed_gravity,0.043151
TMO,21,32,event_earn_gravity,0.0
TMO,21,32,event_div_gravity,0.0
TMO,21,32,event_cpi_gravity,0.034603
TMO,21,32,event_nfp_gravity,0.027774
TMO,21,32,put_call_skew_30d,0.007969
TMO,21,32,term_structure_slope,0.023155
TMO,21,32,vrp_wedge,0.009619
TMO,21,32,iv_atm_z_score,0.050782
TMO,21,32,macro_yield_curve_slope,0.015267
TMO,21,32,macro_hy_spread,0.036813
TMO,21,32,macro_hy_spread_chg_5d,0.006357
TMO,21,32,macro_breakeven_5y,0.041947
TMO,21,32,macro_inflation_fwd_5y5y,0.010966
TMO,21,32,macro_inflation_fwd_chg_21d,0.010889
TMO,21,32,macro_inflation_fwd_abs_chg_21d,0.0
TMO,21,32,macro_inflation_fwd_chg_63d,0.016896
TMO,21,32,macro_inflation_fwd_zscore,0.009643
TMO,21,32,macro_dollar_ret,0.0
TMO,21,32,beta_spy,0.019074
TMO,21,32,res_vol,0.019082
TMO,21,32,res_vol_vel,0.015515
TMO,21,32,price_regime,0.0971
TMO,21,32,corr_sector_21d,0.021942
TMO,21,32,corr_sector_252d,0.056307
TMO,21,32,sector_wedge,0.013577
TMO,21,33,rv_5d,0.027114
TMO,21,33,rv_10d,0.016795
TMO,21,33,rv_21d,0.084148
TMO,21,33,rv_63d,0.027903
TMO,21,33,rv_126d,0.018636
TMO,21,33,ewma_vol,0.034082
TMO,21,33,garch_cond_vol,0.058229
TMO,21,33,ret_TARGET,0.0
TMO,21,33,tech_RSI,0.005697
TMO,21,33,tech_MACD_hist,0.00853
TMO,21,33,ret_VIXY,0.0
TMO,21,33,mom21_VIXY,0.014938
TMO,21,33,ret_HYG,0.0
TMO,21,33,mom21_HYG,0.038945
TMO,21,33,ret_USO,0.0
TMO,21,33,mom21_USO,0.033908
TMO,21,33,ret_TLT,0.0
TMO,21,33,mom21_TLT,0.010914
TMO,21,33,ret_UUP,0.0
TMO,21,33,mom21_UUP,0.010035
TMO,21,33,ret_SPY,0.0
TMO,21,33,mom21_SPY,0.007681
TMO,21,33,vol_vel,0.0
TMO,21,33,vol_of_vol,0.012089
TMO,21,33,vol_regime_zscore,0.013392
TMO,21,33,vol_chg_21d,0.010321
TMO,21,33,event_fed_gravity,0.057615
TMO,21,33,event_earn_gravity,0.0
TMO,21,33,event_div_gravity,0.0
TMO,21,33,event_cpi_gravity,0.045213
TMO,21,33,event_nfp_gravity,0.032753
TMO,21,33,put_call_skew_30d,0.008669
TMO,21,33,term_structure_slope,0.019162
TMO,21,33,vrp_wedge,0.00828
TMO,21,33,iv_atm_z_score,0.052136
TMO,21,33,macro_yield_curve_slope,0.016907
TMO,21,33,macro_hy_spread,0.03459
TMO,21,33,macro_hy_spread_chg_5d,0.0
TMO,21,33,macro_breakeven_5y,0.022469
TMO,21,33,macro_inflation_fwd_5y5y,0.010403
TMO,21,33,macro_inflation_fwd_chg_21d,0.023132
TMO,21,33,macro_inflation_fwd_abs_chg_21d,0.0
TMO,21,33,macro_inflation_fwd_chg_63d,0.013672
TMO,21,33,macro_inflation_fwd_zscore,0.018709
TMO,21,33,macro_dollar_ret,0.0
TMO,21,33,beta_spy,0.023859
TMO,21,33,res_vol,0.020241
TMO,21,33,res_vol_vel,0.006986
TMO,21,33,price_regime,0.086606
TMO,21,33,corr_sector_21d,0.022341
TMO,21,33,corr_sector_252d,0.024048
TMO,21,33,sector_wedge,0.018852
TMO,21,34,rv_5d,0.030205
TMO,21,34,rv_10d,0.065519
TMO,21,34,rv_21d,0.067318
TMO,21,34,rv_63d,0.027321
TMO,21,34,rv_126d,0.017567
TMO,21,34,ewma_vol,0.046029
TMO,21,34,garch_cond_vol,0.04207
TMO,21,34,ret_TARGET,0.0
TMO,21,34,tech_RSI,0.007991
TMO,21,34,tech_MACD_hist,0.00805
TMO,21,34,ret_VIXY,0.0
TMO,21,34,mom21_VIXY,0.013065
TMO,21,34,ret_HYG,0.0
TMO,21,34,mom21_HYG,0.031657
TMO,21,34,ret_USO,0.0
TMO,21,34,mom21_USO,0.031935
TMO,21,34,ret_TLT,0.0
TMO,21,34,mom21_TLT,0.011698
TMO,21,34,ret_UUP,0.0
TMO,21,34,mom21_UUP,0.010688
TMO,21,34,ret_SPY,0.0
TMO,21,34,mom21_SPY,0.007711
TMO,21,34,vol_vel,0.0
TMO,21,34,vol_of_vol,0.010398
TMO,21,34,vol_regime_zscore,0.017383
TMO,21,34,vol_chg_21d,0.008836
TMO,21,34,event_fed_gravity,0.06036
TMO,21,34,event_earn_gravity,0.0
TMO,21,34,event_div_gravity,0.0
TMO,21,34,event_cpi_gravity,0.029319
TMO,21,34,event_nfp_gravity,0.031945
TMO,21,34,put_call_skew_30d,0.0
TMO,21,34,term_structure_slope,0.022138
TMO,21,34,vrp_wedge,0.009857
TMO,21,34,iv_atm_z_score,0.056713
TMO,21,34,macro_yield_curve_slope,0.013869
TMO,21,34,macro_hy_spread,0.034904
TMO,21,34,macro_hy_spread_chg_5d,0.0
TMO,21,34,macro_breakeven_5y,0.019521
TMO,21,34,macro_inflation_fwd_5y5y,0.007069
TMO,21,34,macro_inflation_fwd_chg_21d,0.022627
TMO,21,34,macro_inflation_fwd_abs_chg_21d,0.0
TMO,21,34,macro_inflation_fwd_chg_63d,0.012358
TMO,21,34,macro_inflation_fwd_zscore,0.00607
TMO,21,34,macro_dollar_ret,0.0
TMO,21,34,beta_spy,0.016251
TMO,21,34,res_vol,0.021499
TMO,21,34,res_vol_vel,0.008576
TMO,21,34,price_regime,0.097503
TMO,21,34,corr_sector_21d,0.023258
TMO,21,34,corr_sector_252d,0.026007
TMO,21,34,sector_wedge,0.024715
TMO,21,35,rv_5d,0.050301
TMO,21,35,rv_10d,0.052974
TMO,21,35,rv_21d,0.066887
TMO,21,35,rv_63d,0.016611
TMO,21,35,rv_126d,0.016988
TMO,21,35,ewma_vol,0.028403
TMO,21,35,garch_cond_vol,0.034055
TMO,21,35,ret_TARGET,0.0
TMO,21,35,tech_RSI,0.0
TMO,21,35,tech_MACD_hist,0.010255
TMO,21,35,ret_VIXY,0.0
TMO,21,35,mom21_VIXY,0.015013
TMO,21,35,ret_HYG,0.0
TMO,21,35,mom21_HYG,0.017849
TMO,21,35,ret_USO,0.0
TMO,21,35,mom21_USO,0.035041
TMO,21,35,ret_TLT,0.0
TMO,21,35,mom21_TLT,0.012606
TMO,21,35,ret_UUP,0.0
TMO,21,35,mom21_UUP,0.01156
TMO,21,35,ret_SPY,0.0
TMO,21,35,mom21_SPY,0.007483
TMO,21,35,vol_vel,0.0
TMO,21,35,vol_of_vol,0.010055
TMO,21,35,vol_regime_zscore,0.02009
TMO,21,35,vol_chg_21d,0.007347
TMO,21,35,event_fed_gravity,0.060102
TMO,21,35,event_earn_gravity,0.0
TMO,21,35,event_div_gravity,0.0
TMO,21,35,event_cpi_gravity,0.041517
TMO,21,35,event_nfp_gravity,0.026374
TMO,21,35,put_call_skew_30d,0.0
TMO,21,35,term_structure_slope,0.027942
TMO,21,35,vrp_wedge,0.007981
TMO,21,35,iv_atm_z_score,0.046889
TMO,21,35,macro_yield_curve_slope,0.013869
TMO,21,35,macro_hy_spread,0.036663
TMO,21,35,macro_hy_spread_chg_5d,0.0
TMO,21,35,macro_breakeven_5y,0.035383
TMO,21,35,macro_inflation_fwd_5y5y,0.009535
TMO,21,35,macro_inflation_fwd_chg_21d,0.030014
TMO,21,35,macro_inflation_fwd_abs_chg_21d,0.0
TMO,21,35,macro_inflation_fwd_chg_63d,0.01427
TMO,21,35,macro_inflation_fwd_zscore,0.011566
TMO,21,35,macro_dollar_ret,0.0
TMO,21,35,beta_spy,0.014275
TMO,21,35,res_vol,0.021529
TMO,21,35,res_vol_vel,0.008455
TMO,21,35,price_regime,0.116878
TMO,21,35,corr_sector_21d,0.016501
TMO,21,35,corr_sector_252d,0.023601
TMO,21,35,sector_wedge,0.02314
TMO,21,36,rv_5d,0.04927
TMO,21,36,rv_10d,0.013514
TMO,21,36,rv_21d,0.067845
TMO,21,36,rv_63d,0.016339
TMO,21,36,rv_126d,0.017537
TMO,21,36,ewma_vol,0.038799
TMO,21,36,garch_cond_vol,0.051906
TMO,21,36,ret_TARGET,0.0
TMO,21,36,tech_RSI,0.020718
TMO,21,36,tech_MACD_hist,0.00947
TMO,21,36,ret_VIXY,0.0
TMO,21,36,mom21_VIXY,0.013386
TMO,21,36,ret_HYG,0.0
TMO,21,36,mom21_HYG,0.023858
TMO,21,36,ret_USO,0.0
TMO,21,36,mom21_USO,0.03437
TMO,21,36,ret_TLT,0.0
TMO,21,36,mom21_TLT,0.007243
TMO,21,36,ret_UUP,0.0
TMO,21,36,mom21_UUP,0.011522
TMO,21,36,ret_SPY,0.0
TMO,21,36,mom21_SPY,0.007387
TMO,21,36,vol_vel,0.0
TMO,21,36,vol_of_vol,0.013672
TMO,21,36,vol_regime_zscore,0.024846
TMO,21,36,vol_chg_21d,0.008927
TMO,21,36,event_fed_gravity,0.066532
TMO,21,36,event_earn_gravity,0.0
TMO,21,36,event_div_gravity,0.0
TMO,21,36,event_cpi_gravity,0.033854
TMO,21,36,event_nfp_gravity,0.033022
TMO,21,36,put_call_skew_30d,0.008828
TMO,21,36,term_structure_slope,0.030563
TMO,21,36,vrp_wedge,0.008725
TMO,21,36,iv_atm_z_score,0.052832
TMO,21,36,macro_yield_curve_slope,0.016684
TMO,21,36,macro_hy_spread,0.038186
TMO,21,36,macro_hy_spread_chg_5d,0.0
TMO,21,36,macro_breakeven_5y,0.024881
TMO,21,36,macro_inflation_fwd_5y5y,0.010474
TMO,21,36,macro_inflation_fwd_chg_21d,0.021156
TMO,21,36,macro_inflation_fwd_abs_chg_21d,0.0
TMO,21,36,macro_inflation_fwd_chg_63d,0.013808
TMO,21,36,macro_inflation_fwd_zscore,0.013043
TMO,21,36,macro_dollar_ret,0.0
TMO,21,36,beta_spy,0.012903
TMO,21,36,res_vol,0.022957
TMO,21,36,res_vol_vel,0.008335
TMO,21,36,price_regime,0.089853
TMO,21,36,corr_sector_21d,0.01896
TMO,21,36,corr_sector_252d,0.022705
TMO,21,36,sector_wedge,0.02109
TMO,21,37,rv_5d,0.051911
TMO,21,37,rv_10d,0.031843
TMO,21,37,rv_21d,0.065987
TMO,21,37,rv_63d,0.028462
TMO,21,37,rv_126d,0.017396
TMO,21,37,ewma_vol,0.027759
TMO,21,37,garch_cond_vol,0.032641
TMO,21,37,ret_TARGET,0.0
TMO,21,37,tech_RSI,0.017349
TMO,21,37,tech_MACD_hist,0.010969
TMO,21,37,ret_VIXY,0.0
TMO,21,37,mom21_VIXY,0.015081
TMO,21,37,ret_HYG,0.0
TMO,21,37,mom21_HYG,0.031815
TMO,21,37,ret_USO,0.0
TMO,21,37,mom21_USO,0.030431
TMO,21,37,ret_TLT,0.0
TMO,21,37,mom21_TLT,0.0059
TMO,21,37,ret_UUP,0.0
TMO,21,37,mom21_UUP,0.011012
TMO,21,37,ret_SPY,0.0
TMO,21,37,mom21_SPY,0.009674
TMO,21,37,vol_vel,0.0
TMO,21,37,vol_of_vol,0.011044
TMO,21,37,vol_regime_zscore,0.018077
TMO,21,37,vol_chg_21d,0.010402
TMO,21,37,event_fed_gravity,0.022681
TMO,21,37,event_earn_gravity,0.0
TMO,21,37,event_div_gravity,0.0
TMO,21,37,event_cpi_gravity,0.064949
TMO,21,37,event_nfp_gravity,0.027842
TMO,21,37,put_call_skew_30d,0.018143
TMO,21,37,term_structure_slope,0.021324
TMO,21,37,vrp_wedge,0.01171
TMO,21,37,iv_atm_z_score,0.049043
TMO,21,37,macro_yield_curve_slope,0.015265
TMO,21,37,macro_hy_spread,0.031101
TMO,21,37,macro_hy_spread_chg_5d,0.0
TMO,21,37,macro_breakeven_5y,0.064007
TMO,21,37,macro_inflation_fwd_5y5y,0.010514
TMO,21,37,macro_inflation_fwd_chg_21d,0.019759
TMO,21,37,macro_inflation_fwd_abs_chg_21d,0.0
TMO,21,37,macro_inflation_fwd_chg_63d,0.013141
TMO,21,37,macro_inflation_fwd_zscore,0.012106
TMO,21,37,macro_dollar_ret,0.0
TMO,21,37,beta_spy,0.016051
TMO,21,37,res_vol,0.02123
TMO,21,37,res_vol_vel,0.007979
TMO,21,37,price_regime,0.088438
TMO,21,37,corr_sector_21d,0.022589
TMO,21,37,corr_sector_252d,0.020037
TMO,21,37,sector_wedge,0.014336
TMO,21,38,rv_5d,0.053721
TMO,21,38,rv_10d,0.034249
TMO,21,38,rv_21d,0.065138
TMO,21,38,rv_63d,0.015655
TMO,21,38,rv_126d,0.015448
TMO,21,38,ewma_vol,0.017595
TMO,21,38,garch_cond_vol,0.042833
TMO,21,38,ret_TARGET,0.0
TMO,21,38,tech_RSI,0.024513
TMO,21,38,tech_MACD_hist,0.007989
TMO,21,38,ret_VIXY,0.0
TMO,21,38,mom21_VIXY,0.012481
TMO,21,38,ret_HYG,0.0
TMO,21,38,mom21_HYG,0.034179
TMO,21,38,ret_USO,0.0
TMO,21,38,mom21_USO,0.025649
TMO,21,38,ret_TLT,0.0
TMO,21,38,mom21_TLT,0.005774
TMO,21,38,ret_UUP,0.0
TMO,21,38,mom21_UUP,0.009667
TMO,21,38,ret_SPY,0.0
TMO,21,38,mom21_SPY,0.010269
TMO,21,38,vol_vel,0.0
TMO,21,38,vol_of_vol,0.010178
TMO,21,38,vol_regime_zscore,0.019276
TMO,21,38,vol_chg_21d,0.007789
TMO,21,38,event_fed_gravity,0.035522
TMO,21,38,event_earn_gravity,0.0
TMO,21,38,event_div_gravity,0.0
TMO,21,38,event_cpi_gravity,0.055602
TMO,21,38,event_nfp_gravity,0.03905
TMO,21,38,put_call_skew_30d,0.019396
TMO,21,38,term_structure_slope,0.027243
TMO,21,38,vrp_wedge,0.007304
TMO,21,38,iv_atm_z_score,0.044965
TMO,21,38,macro_yield_curve_slope,0.013644
TMO,21,38,macro_hy_spread,0.036814
TMO,21,38,macro_hy_spread_chg_5d,0.0
TMO,21,38,macro_breakeven_5y,0.050193
TMO,21,38,macro_inflation_fwd_5y5y,0.012573
TMO,21,38,macro_inflation_fwd_chg_21d,0.013723
TMO,21,38,macro_inflation_fwd_abs_chg_21d,0.005145
TMO,21,38,macro_inflation_fwd_chg_63d,0.014217
TMO,21,38,macro_inflation_fwd_zscore,0.014619
TMO,21,38,macro_dollar_ret,0.0
TMO,21,38,beta_spy,0.015254
TMO,21,38,res_vol,0.02197
TMO,21,38,res_vol_vel,0.005929
TMO,21,38,price_regime,0.094254
TMO,21,38,corr_sector_21d,0.019848
TMO,21,38,corr_sector_252d,0.020954
TMO,21,38,sector_wedge,0.019377
TMO,21,39,rv_5d,0.074646
TMO,21,39,rv_10d,0.055982
TMO,21,39,rv_21d,0.053786
TMO,21,39,rv_63d,0.017991
TMO,21,39,rv_126d,0.016813
TMO,21,39,ewma_vol,0.012445
TMO,21,39,garch_cond_vol,0.028525
TMO,21,39,ret_TARGET,0.0
TMO,21,39,tech_RSI,0.017109
TMO,21,39,tech_MACD_hist,0.007695
TMO,21,39,ret_VIXY,0.0
TMO,21,39,mom21_VIXY,0.015668
TMO,21,39,ret_HYG,0.0
TMO,21,39,mom21_HYG,0.037098
TMO,21,39,ret_USO,0.0
TMO,21,39,mom21_USO,0.031647
TMO,21,39,ret_TLT,0.0
TMO,21,39,mom21_TLT,0.00759
TMO,21,39,ret_UUP,0.0
TMO,21,39,mom21_UUP,0.008714
TMO,21,39,ret_SPY,0.0
TMO,21,39,mom21_SPY,0.010505
TMO,21,39,vol_vel,0.0
TMO,21,39,vol_of_vol,0.008946
TMO,21,39,vol_regime_zscore,0.0268
TMO,21,39,vol_chg_21d,0.009685
TMO,21,39,event_fed_gravity,0.034688
TMO,21,39,event_earn_gravity,0.0
TMO,21,39,event_div_gravity,0.0
TMO,21,39,event_cpi_gravity,0.056579
TMO,21,39,event_nfp_gravity,0.035002
TMO,21,39,put_call_skew_30d,0.013112
TMO,21,39,term_structure_slope,0.017987
TMO,21,39,vrp_wedge,0.009135
TMO,21,39,iv_atm_z_score,0.050921
TMO,21,39,macro_yield_curve_slope,0.019167
TMO,21,39,macro_hy_spread,0.032481
TMO,21,39,macro_hy_spread_chg_5d,0.0
TMO,21,39,macro_breakeven_5y,0.033478
TMO,21,39,macro_inflation_fwd_5y5y,0.009359
TMO,21,39,macro_inflation_fwd_chg_21d,0.019146
TMO,21,39,macro_inflation_fwd_abs_chg_21d,0.0
TMO,21,39,macro_inflation_fwd_chg_63d,0.015258
TMO,21,39,macro_inflation_fwd_zscore,0.010338
TMO,21,39,macro_dollar_ret,0.0
TMO,21,39,beta_spy,0.019578
TMO,21,39,res_vol,0.019093
TMO,21,39,res_vol_vel,0.014443
TMO,21,39,price_regime,0.09067
TMO,21,39,corr_sector_21d,0.020075
TMO,21,39,corr_sector_252d,0.019905
TMO,21,39,sector_wedge,0.017938
TMO,21,40,rv_5d,0.068381
TMO,21,40,rv_10d,0.017879
TMO,21,40,rv_21d,0.047147
TMO,21,40,rv_63d,0.034357
TMO,21,40,rv_126d,0.015719
TMO,21,40,ewma_vol,0.025423
TMO,21,40,garch_cond_vol,0.031111
TMO,21,40,ret_TARGET,0.0
TMO,21,40,tech_RSI,0.021206
TMO,21,40,tech_MACD_hist,0.01128
TMO,21,40,ret_VIXY,0.0
TMO,21,40,mom21_VIXY,0.017055
TMO,21,40,ret_HYG,0.0
TMO,21,40,mom21_HYG,0.038187
TMO,21,40,ret_USO,0.0
TMO,21,40,mom21_USO,0.034667
TMO,21,40,ret_TLT,0.0
TMO,21,40,mom21_TLT,0.006512
TMO,21,40,ret_UUP,0.0
TMO,21,40,mom21_UUP,0.008949
TMO,21,40,ret_SPY,0.0
TMO,21,40,mom21_SPY,0.01116
TMO,21,40,vol_vel,0.0
TMO,21,40,vol_of_vol,0.010337
TMO,21,40,vol_regime_zscore,0.011514
TMO,21,40,vol_chg_21d,0.007762
TMO,21,40,event_fed_gravity,0.035776
TMO,21,40,event_earn_gravity,0.0
TMO,21,40,event_div_gravity,0.0
TMO,21,40,event_cpi_gravity,0.083012
TMO,21,40,event_nfp_gravity,0.031768
TMO,21,40,put_call_skew_30d,0.010376
TMO,21,40,term_structure_slope,0.03179
TMO,21,40,vrp_wedge,0.008942
TMO,21,40,iv_atm_z_score,0.051341
TMO,21,40,macro_yield_curve_slope,0.013188
TMO,21,40,macro_hy_spread,0.035338
TMO,21,40,macro_hy_spread_chg_5d,0.0
TMO,21,40,macro_breakeven_5y,0.034662
TMO,21,40,macro_inflation_fwd_5y5y,0.010914
TMO,21,40,macro_inflation_fwd_chg_21d,0.015658
TMO,21,40,macro_inflation_fwd_abs_chg_21d,0.0
TMO,21,40,macro_inflation_fwd_chg_63d,0.015552
TMO,21,40,macro_inflation_fwd_zscore,0.0
TMO,21,40,macro_dollar_ret,0.0
TMO,21,40,beta_spy,0.024227
TMO,21,40,res_vol,0.024291
TMO,21,40,res_vol_vel,0.006841
TMO,21,40,price_regime,0.089304
TMO,21,40,corr_sector_21d,0.019151
TMO,21,40,corr_sector_252d,0.02019
TMO,21,40,sector_wedge,0.019034
TMO,21,41,rv_5d,0.062702
TMO,21,41,rv_10d,0.037103
TMO,21,41,rv_21d,0.041568
TMO,21,41,rv_63d,0.035599
TMO,21,41,rv_126d,0.012731
TMO,21,41,ewma_vol,0.017154
TMO,21,41,garch_cond_vol,0.05588
TMO,21,41,ret_TARGET,0.0
TMO,21,41,tech_RSI,0.018091
TMO,21,41,tech_MACD_hist,0.005953
TMO,21,41,ret_VIXY,0.0
TMO,21,41,mom21_VIXY,0.014589
TMO,21,41,ret_HYG,0.0
TMO,21,41,mom21_HYG,0.03137
TMO,21,41,ret_USO,0.0
TMO,21,41,mom21_USO,0.036533
TMO,21,41,ret_TLT,0.0
TMO,21,41,mom21_TLT,0.0
TMO,21,41,ret_UUP,0.0
TMO,21,41,mom21_UUP,0.009542
TMO,21,41,ret_SPY,0.0
TMO,21,41,mom21_SPY,0.008644
TMO,21,41,vol_vel,0.0
TMO,21,41,vol_of_vol,0.011985
TMO,21,41,vol_regime_zscore,0.014783
TMO,21,41,vol_chg_21d,0.00967
TMO,21,41,event_fed_gravity,0.049828
TMO,21,41,event_earn_gravity,0.0
TMO,21,41,event_div_gravity,0.0
TMO,21,41,event_cpi_gravity,0.027775
TMO,21,41,event_nfp_gravity,0.0331
TMO,21,41,put_call_skew_30d,0.005178
TMO,21,41,term_structure_slope,0.022943
TMO,21,41,vrp_wedge,0.009963
TMO,21,41,iv_atm_z_score,0.054119
TMO,21,41,macro_yield_curve_slope,0.016697
TMO,21,41,macro_hy_spread,0.033218
TMO,21,41,macro_hy_spread_chg_5d,0.0
TMO,21,41,macro_breakeven_5y,0.026591
TMO,21,41,macro_inflation_fwd_5y5y,0.011452
TMO,21,41,macro_inflation_fwd_chg_21d,0.018174
TMO,21,41,macro_inflation_fwd_abs_chg_21d,0.013565
TMO,21,41,macro_inflation_fwd_chg_63d,0.018311
TMO,21,41,macro_inflation_fwd_zscore,0.020372
TMO,21,41,macro_dollar_ret,0.0
TMO,21,41,beta_spy,0.021603
TMO,21,41,res_vol,0.022687
TMO,21,41,res_vol_vel,0.007505
TMO,21,41,price_regime,0.099852
TMO,21,41,corr_sector_21d,0.020094
TMO,21,41,corr_sector_252d,0.021656
TMO,21,41,sector_wedge,0.021421
TMO,21,42,rv_5d,0.049521
TMO,21,42,rv_10d,0.036377
TMO,21,42,rv_21d,0.01011
TMO,21,42,rv_63d,0.017801
TMO,21,42,rv_126d,0.011765
TMO,21,42,ewma_vol,0.032179
TMO,21,42,garch_cond_vol,0.037673
TMO,21,42,ret_TARGET,0.0
TMO,21,42,tech_RSI,0.022001
TMO,21,42,tech_MACD_hist,0.009587
TMO,21,42,ret_VIXY,0.0
TMO,21,42,mom21_VIXY,0.009707
TMO,21,42,ret_HYG,0.0
TMO,21,42,mom21_HYG,0.020366
TMO,21,42,ret_USO,0.0
TMO,21,42,mom21_USO,0.035613
TMO,21,42,ret_TLT,0.0
TMO,21,42,mom21_TLT,0.004552
TMO,21,42,ret_UUP,0.005288
TMO,21,42,mom21_UUP,0.008395
TMO,21,42,ret_SPY,0.0
TMO,21,42,mom21_SPY,0.010974
TMO,21,42,vol_vel,0.0
TMO,21,42,vol_of_vol,0.012568
TMO,21,42,vol_regime_zscore,0.016421
TMO,21,42,vol_chg_21d,0.007654
TMO,21,42,event_fed_gravity,0.047522
TMO,21,42,event_earn_gravity,0.0
TMO,21,42,event_div_gravity,0.0
TMO,21,42,event_cpi_gravity,0.047037
TMO,21,42,event_nfp_gravity,0.067086
TMO,21,42,put_call_skew_30d,0.0
TMO,21,42,term_structure_slope,0.026238
TMO,21,42,vrp_wedge,0.008499
TMO,21,42,iv_atm_z_score,0.050424
TMO,21,42,macro_yield_curve_slope,0.014864
TMO,21,42,macro_hy_spread,0.029404
TMO,21,42,macro_hy_spread_chg_5d,0.0
TMO,21,42,macro_breakeven_5y,0.044118
TMO,21,42,macro_inflation_fwd_5y5y,0.008563
TMO,21,42,macro_inflation_fwd_chg_21d,0.015119
TMO,21,42,macro_inflation_fwd_abs_chg_21d,0.0
TMO,21,42,macro_inflation_fwd_chg_63d,0.013781
TMO,21,42,macro_inflation_fwd_zscore,0.018537
TMO,21,42,macro_dollar_ret,0.0
TMO,21,42,beta_spy,0.026955
TMO,21,42,res_vol,0.023396
TMO,21,42,res_vol_vel,0.007002
TMO,21,42,price_regime,0.121535
TMO,21,42,corr_sector_21d,0.022892
TMO,21,42,corr_sector_252d,0.021463
TMO,21,42,sector_wedge,0.027011
TMO,21,43,rv_5d,0.054427
TMO,21,43,rv_10d,0.027806
TMO,21,43,rv_21d,0.010933
TMO,21,43,rv_63d,0.02142
TMO,21,43,rv_126d,0.013391
TMO,21,43,ewma_vol,0.029685
TMO,21,43,garch_cond_vol,0.047444
TMO,21,43,ret_TARGET,0.0
TMO,21,43,tech_RSI,0.018427
TMO,21,43,tech_MACD_hist,0.007685
TMO,21,43,ret_VIXY,0.0
TMO,21,43,mom21_VIXY,0.010441
TMO,21,43,ret_HYG,0.0
TMO,21,43,mom21_HYG,0.022287
TMO,21,43,ret_USO,0.0
TMO,21,43,mom21_USO,0.032332
TMO,21,43,ret_TLT,0.0
TMO,21,43,mom21_TLT,0.004694
TMO,21,43,ret_UUP,0.0
TMO,21,43,mom21_UUP,0.011304
TMO,21,43,ret_SPY,0.0
TMO,21,43,mom21_SPY,0.013827
TMO,21,43,vol_vel,0.0
TMO,21,43,vol_of_vol,0.011874
TMO,21,43,vol_regime_zscore,0.016719
TMO,21,43,vol_chg_21d,0.010136
TMO,21,43,event_fed_gravity,0.030101
TMO,21,43,event_earn_gravity,0.0
TMO,21,43,event_div_gravity,0.0
TMO,21,43,event_cpi_gravity,0.092046
TMO,21,43,event_nfp_gravity,0.04374
TMO,21,43,put_call_skew_30d,0.01259
TMO,21,43,term_structure_slope,0.022354
TMO,21,43,vrp_wedge,0.00835
TMO,21,43,iv_atm_z_score,0.052892
TMO,21,43,macro_yield_curve_slope,0.018437
TMO,21,43,macro_hy_spread,0.030798
TMO,21,43,macro_hy_spread_chg_5d,0.0
TMO,21,43,macro_breakeven_5y,0.042715
TMO,21,43,macro_inflation_fwd_5y5y,0.012187
TMO,21,43,macro_inflation_fwd_chg_21d,0.024357
TMO,21,43,macro_inflation_fwd_abs_chg_21d,0.0
TMO,21,43,macro_inflation_fwd_chg_63d,0.014773
TMO,21,43,macro_inflation_fwd_zscore,0.0
TMO,21,43,macro_dollar_ret,0.0
TMO,21,43,beta_spy,0.032551
TMO,21,43,res_vol,0.019589
TMO,21,43,res_vol_vel,0.0
TMO,21,43,price_regime,0.097577
TMO,21,43,corr_sector_21d,0.026335
TMO,21,43,corr_sector_252d,0.023054
TMO,21,43,sector_wedge,0.030719
TMO,21,44,rv_5d,0.036333
TMO,21,44,rv_10d,0.035407
TMO,21,44,rv_21d,0.007634
TMO,21,44,rv_63d,0.017481
TMO,21,44,rv_126d,0.012686
TMO,21,44,ewma_vol,0.036266
TMO,21,44,garch_cond_vol,0.074251
TMO,21,44,ret_TARGET,0.0
TMO,21,44,tech_RSI,0.010931
TMO,21,44,tech_MACD_hist,0.007793
TMO,21,44,ret_VIXY,0.0
TMO,21,44,mom21_VIXY,0.007491
TMO,21,44,ret_HYG,0.0
TMO,21,44,mom21_HYG,0.020848
TMO,21,44,ret_USO,0.0
TMO,21,44,mom21_USO,0.018274
TMO,21,44,ret_TLT,0.0
TMO,21,44,mom21_TLT,0.006525
TMO,21,44,ret_UUP,0.0
TMO,21,44,mom21_UUP,0.010236
TMO,21,44,ret_SPY,0.0
TMO,21,44,mom21_SPY,0.012341
TMO,21,44,vol_vel,0.0
TMO,21,44,vol_of_vol,0.009138
TMO,21,44,vol_regime_zscore,0.009956
TMO,21,44,vol_chg_21d,0.011119
TMO,21,44,event_fed_gravity,0.025681
TMO,21,44,event_earn_gravity,0.0
TMO,21,44,event_div_gravity,0.0
TMO,21,44,event_cpi_gravity,0.064374
TMO,21,44,event_nfp_gravity,0.051052
TMO,21,44,put_call_skew_30d,0.00481
TMO,21,44,term_structure_slope,0.013159
TMO,21,44,vrp_wedge,0.015432
TMO,21,44,iv_atm_z_score,0.052662
TMO,21,44,macro_yield_curve_slope,0.018216
TMO,21,44,macro_hy_spread,0.029487
TMO,21,44,macro_hy_spread_chg_5d,0.0
TMO,21,44,macro_breakeven_5y,0.05675
TMO,21,44,macro_inflation_fwd_5y5y,0.01327
TMO,21,44,macro_inflation_fwd_chg_21d,0.017845
TMO,21,44,macro_inflation_fwd_abs_chg_21d,0.0
TMO,21,44,macro_inflation_fwd_chg_63d,0.010935
TMO,21,44,macro_inflation_fwd_zscore,0.034106
TMO,21,44,macro_dollar_ret,0.0
TMO,21,44,beta_spy,0.040067
TMO,21,44,res_vol,0.018203
TMO,21,44,res_vol_vel,0.009267
TMO,21,44,price_regime,0.107061
TMO,21,44,corr_sector_21d,0.016622
TMO,21,44,corr_sector_252d,0.024557
TMO,21,44,sector_wedge,0.031734
TMO,21,45,rv_5d,0.046255
TMO,21,45,rv_10d,0.047747
TMO,21,45,rv_21d,0.007667
TMO,21,45,rv_63d,0.017834
TMO,21,45,rv_126d,0.012196
TMO,21,45,ewma_vol,0.024824
TMO,21,45,garch_cond_vol,0.047876
TMO,21,45,ret_TARGET,0.0
TMO,21,45,tech_RSI,0.011175
TMO,21,45,tech_MACD_hist,0.008719
TMO,21,45,ret_VIXY,0.004833
TMO,21,45,mom21_VIXY,0.007235
TMO,21,45,ret_HYG,0.0
TMO,21,45,mom21_HYG,0.025111
TMO,21,45,ret_USO,0.0
TMO,21,45,mom21_USO,0.029386
TMO,21,45,ret_TLT,0.0
TMO,21,45,mom21_TLT,0.006069
TMO,21,45,ret_UUP,0.0
TMO,21,45,mom21_UUP,0.008489
TMO,21,45,ret_SPY,0.0
TMO,21,45,mom21_SPY,0.011928
TMO,21,45,vol_vel,0.0
TMO,21,45,vol_of_vol,0.008685
TMO,21,45,vol_regime_zscore,0.010294
TMO,21,45,vol_chg_21d,0.019628
TMO,21,45,event_fed_gravity,0.059438
TMO,21,45,event_earn_gravity,0.0
TMO,21,45,event_div_gravity,0.0
TMO,21,45,event_cpi_gravity,0.039102
TMO,21,45,event_nfp_gravity,0.039166
TMO,21,45,put_call_skew_30d,0.005073
TMO,21,45,term_structure_slope,0.016593
TMO,21,45,vrp_wedge,0.018418
TMO,21,45,iv_atm_z_score,0.048443
TMO,21,45,macro_yield_curve_slope,0.020428
TMO,21,45,macro_hy_spread,0.032657
TMO,21,45,macro_hy_spread_chg_5d,0.0
TMO,21,45,macro_breakeven_5y,0.062761
TMO,21,45,macro_inflation_fwd_5y5y,0.011951
TMO,21,45,macro_inflation_fwd_chg_21d,0.012917
TMO,21,45,macro_inflation_fwd_abs_chg_21d,0.0
TMO,21,45,macro_inflation_fwd_chg_63d,0.011481
TMO,21,45,macro_inflation_fwd_zscore,0.014551
TMO,21,45,macro_dollar_ret,0.0
TMO,21,45,beta_spy,0.042588
TMO,21,45,res_vol,0.018769
TMO,21,45,res_vol_vel,0.0
TMO,21,45,price_regime,0.120959
TMO,21,45,corr_sector_21d,0.018087
TMO,21,45,corr_sector_252d,0.023051
TMO,21,45,sector_wedge,0.027618
TMO,21,46,rv_5d,0.051745
TMO,21,46,rv_10d,0.035783
TMO,21,46,rv_21d,0.007415
TMO,21,46,rv_63d,0.017471
TMO,21,46,rv_126d,0.011202
TMO,21,46,ewma_vol,0.048091
TMO,21,46,garch_cond_vol,0.03728
TMO,21,46,ret_TARGET,0.0
TMO,21,46,tech_RSI,0.012031
TMO,21,46,tech_MACD_hist,0.006722
TMO,21,46,ret_VIXY,0.004417
TMO,21,46,mom21_VIXY,0.007104
TMO,21,46,ret_HYG,0.0
TMO,21,46,mom21_HYG,0.024093
TMO,21,46,ret_USO,0.0
TMO,21,46,mom21_USO,0.034109
TMO,21,46,ret_TLT,0.0
TMO,21,46,mom21_TLT,0.005623
TMO,21,46,ret_UUP,0.0
TMO,21,46,mom21_UUP,0.011171
TMO,21,46,ret_SPY,0.0
TMO,21,46,mom21_SPY,0.011854
TMO,21,46,vol_vel,0.0
TMO,21,46,vol_of_vol,0.010357
TMO,21,46,vol_regime_zscore,0.01185
TMO,21,46,vol_chg_21d,0.013237
TMO,21,46,event_fed_gravity,0.059669
TMO,21,46,event_earn_gravity,0.0
TMO,21,46,event_div_gravity,0.0
TMO,21,46,event_cpi_gravity,0.047884
TMO,21,46,event_nfp_gravity,0.043658
TMO,21,46,put_call_skew_30d,0.0
TMO,21,46,term_structure_slope,0.020625
TMO,21,46,vrp_wedge,0.017124
TMO,21,46,iv_atm_z_score,0.048209
TMO,21,46,macro_yield_curve_slope,0.020007
TMO,21,46,macro_hy_spread,0.029688
TMO,21,46,macro_hy_spread_chg_5d,0.0
TMO,21,46,macro_breakeven_5y,0.044492
TMO,21,46,macro_inflation_fwd_5y5y,0.010596
TMO,21,46,macro_inflation_fwd_chg_21d,0.011964
TMO,21,46,macro_inflation_fwd_abs_chg_21d,0.0
TMO,21,46,macro_inflation_fwd_chg_63d,0.01262
TMO,21,46,macro_inflation_fwd_zscore,0.014434
TMO,21,46,macro_dollar_ret,0.0
TMO,21,46,beta_spy,0.041843
TMO,21,46,res_vol,0.018897
TMO,21,46,res_vol_vel,0.004834
TMO,21,46,price_regime,0.115956
TMO,21,46,corr_sector_21d,0.017056
TMO,21,46,corr_sector_252d,0.025555
TMO,21,46,sector_wedge,0.033329
TMO,21,47,rv_5d,0.049446
TMO,21,47,rv_10d,0.026448
TMO,21,47,rv_21d,0.009142
TMO,21,47,rv_63d,0.018329
TMO,21,47,rv_126d,0.012816
TMO,21,47,ewma_vol,0.028588
TMO,21,47,garch_cond_vol,0.057272
TMO,21,47,ret_TARGET,0.0
TMO,21,47,tech_RSI,0.00837
TMO,21,47,tech_MACD_hist,0.009323
TMO,21,47,ret_VIXY,0.00418
TMO,21,47,mom21_VIXY,0.007522
TMO,21,47,ret_HYG,0.0
TMO,21,47,mom21_HYG,0.021451
TMO,21,47,ret_USO,0.0
TMO,21,47,mom21_USO,0.03545
TMO,21,47,ret_TLT,0.0
TMO,21,47,mom21_TLT,0.0
TMO,21,47,ret_UUP,0.0
TMO,21,47,mom21_UUP,0.014225
TMO,21,47,ret_SPY,0.0
TMO,21,47,mom21_SPY,0.013097
TMO,21,47,vol_vel,0.0
TMO,21,47,vol_of_vol,0.00811
TMO,21,47,vol_regime_zscore,0.016642
TMO,21,47,vol_chg_21d,0.018357
TMO,21,47,event_fed_gravity,0.022449
TMO,21,47,event_earn_gravity,0.0
TMO,21,47,event_div_gravity,0.0
TMO,21,47,event_cpi_gravity,0.062615
TMO,21,47,event_nfp_gravity,0.049954
TMO,21,47,put_call_skew_30d,0.005245
TMO,21,47,term_structure_slope,0.029283
TMO,21,47,vrp_wedge,0.014036
TMO,21,47,iv_atm_z_score,0.040524
TMO,21,47,macro_yield_curve_slope,0.020423
TMO,21,47,macro_hy_spread,0.028703
TMO,21,47,macro_hy_spread_chg_5d,0.0
TMO,21,47,macro_breakeven_5y,0.048919
TMO,21,47,macro_inflation_fwd_5y5y,0.010534
TMO,21,47,macro_inflation_fwd_chg_21d,0.011537
TMO,21,47,macro_inflation_fwd_abs_chg_21d,0.0
TMO,21,47,macro_inflation_fwd_chg_63d,0.012489
TMO,21,47,macro_inflation_fwd_zscore,0.028855
TMO,21,47,macro_dollar_ret,0.0
TMO,21,47,beta_spy,0.034911
TMO,21,47,res_vol,0.014393
TMO,21,47,res_vol_vel,0.005444
TMO,21,47,price_regime,0.133066
TMO,21,47,corr_sector_21d,0.01444
TMO,21,47,corr_sector_252d,0.028874
TMO,21,47,sector_wedge,0.02454
TMO,21,48,rv_5d,0.045819
TMO,21,48,rv_10d,0.011536
TMO,21,48,rv_21d,0.010128
TMO,21,48,rv_63d,0.018953
TMO,21,48,rv_126d,0.011181
TMO,21,48,ewma_vol,0.060868
TMO,21,48,garch_cond_vol,0.06883
TMO,21,48,ret_TARGET,0.0
TMO,21,48,tech_RSI,0.009928
TMO,21,48,tech_MACD_hist,0.008549
TMO,21,48,ret_VIXY,0.004081
TMO,21,48,mom21_VIXY,0.006986
TMO,21,48,ret_HYG,0.0
TMO,21,48,mom21_HYG,0.018647
TMO,21,48,ret_USO,0.0
TMO,21,48,mom21_USO,0.023057
TMO,21,48,ret_TLT,0.0
TMO,21,48,mom21_TLT,0.0
TMO,21,48,ret_UUP,0.0
TMO,21,48,mom21_UUP,0.012866
TMO,21,48,ret_SPY,0.0
TMO,21,48,mom21_SPY,0.010411
TMO,21,48,vol_vel,0.0
TMO,21,48,vol_of_vol,0.010545
TMO,21,48,vol_regime_zscore,0.012233
TMO,21,48,vol_chg_21d,0.017275
TMO,21,48,event_fed_gravity,0.02928
TMO,21,48,event_earn_gravity,0.0
TMO,21,48,event_div_gravity,0.0
TMO,21,48,event_cpi_gravity,0.04066
TMO,21,48,event_nfp_gravity,0.086366
TMO,21,48,put_call_skew_30d,0.006436
TMO,21,48,term_structure_slope,0.027453
TMO,21,48,vrp_wedge,0.014191
TMO,21,48,iv_atm_z_score,0.042135
TMO,21,48,macro_yield_curve_slope,0.018301
TMO,21,48,macro_hy_spread,0.032017
TMO,21,48,macro_hy_spread_chg_5d,0.0
TMO,21,48,macro_breakeven_5y,0.050746
TMO,21,48,macro_inflation_fwd_5y5y,0.008825
TMO,21,48,macro_inflation_fwd_chg_21d,0.023046
TMO,21,48,macro_inflation_fwd_abs_chg_21d,0.0
TMO,21,48,macro_inflation_fwd_chg_63d,0.01094
TMO,21,48,macro_inflation_fwd_zscore,0.026268
TMO,21,48,macro_dollar_ret,0.0
TMO,21,48,beta_spy,0.036685
TMO,21,48,res_vol,0.016122
TMO,21,48,res_vol_vel,0.00473
TMO,21,48,price_regime,0.104153
TMO,21,48,corr_sector_21d,0.015706
TMO,21,48,corr_sector_252d,0.021908
TMO,21,48,sector_wedge,0.022137
TMO,21,49,rv_5d,0.049931
TMO,21,49,rv_10d,0.023986
TMO,21,49,rv_21d,0.01112
TMO,21,49,rv_63d,0.021436
TMO,21,49,rv_126d,0.013258
TMO,21,49,ewma_vol,0.033391
TMO,21,49,garch_cond_vol,0.058534
TMO,21,49,ret_TARGET,0.0
TMO,21,49,tech_RSI,0.008209
TMO,21,49,tech_MACD_hist,0.009445
TMO,21,49,ret_VIXY,0.004321
TMO,21,49,mom21_VIXY,0.00761
TMO,21,49,ret_HYG,0.0
TMO,21,49,mom21_HYG,0.023061
TMO,21,49,ret_USO,0.0
TMO,21,49,mom21_USO,0.035159
TMO,21,49,ret_TLT,0.0
TMO,21,49,mom21_TLT,0.004857
TMO,21,49,ret_UUP,0.0
TMO,21,49,mom21_UUP,0.012355
TMO,21,49,ret_SPY,0.0
TMO,21,49,mom21_SPY,0.011524
TMO,21,49,vol_vel,0.0
TMO,21,49,vol_of_vol,0.009389
TMO,21,49,vol_regime_zscore,0.013397
TMO,21,49,vol_chg_21d,0.01391
TMO,21,49,event_fed_gravity,0.047744
TMO,21,49,event_earn_gravity,0.0
TMO,21,49,event_div_gravity,0.0
TMO,21,49,event_cpi_gravity,0.045434
TMO,21,49,event_nfp_gravity,0.047915
TMO,21,49,put_call_skew_30d,0.004454
TMO,21,49,term_structure_slope,0.022593
TMO,21,49,vrp_wedge,0.014944
TMO,21,49,iv_atm_z_score,0.044658
TMO,21,49,macro_yield_curve_slope,0.019543
TMO,21,49,macro_hy_spread,0.032189
TMO,21,49,macro_hy_spread_chg_5d,0.006945
TMO,21,49,macro_breakeven_5y,0.042437
TMO,21,49,macro_inflation_fwd_5y5y,0.012385
TMO,21,49,macro_inflation_fwd_chg_21d,0.010193
TMO,21,49,macro_inflation_fwd_abs_chg_21d,0.0
TMO,21,49,macro_inflation_fwd_chg_63d,0.013781
TMO,21,49,macro_inflation_fwd_zscore,0.030087
TMO,21,49,macro_dollar_ret,0.0
TMO,21,49,beta_spy,0.0364
TMO,21,49,res_vol,0.019072
TMO,21,49,res_vol_vel,0.005308
TMO,21,49,price_regime,0.121993
TMO,21,49,corr_sector_21d,0.01575
TMO,21,49,corr_sector_252d,0.020303
TMO,21,49,sector_wedge,0.020979
TMO,21,50,rv_5d,0.037948
TMO,21,50,rv_10d,0.026511
TMO,21,50,rv_21d,0.010361
TMO,21,50,rv_63d,0.017641
TMO,21,50,rv_126d,0.01257
TMO,21,50,ewma_vol,0.026817
TMO,21,50,garch_cond_vol,0.068059
TMO,21,50,ret_TARGET,0.0
TMO,21,50,tech_RSI,0.007617
TMO,21,50,tech_MACD_hist,0.009846
TMO,21,50,ret_VIXY,0.004461
TMO,21,50,mom21_VIXY,0.006115
TMO,21,50,ret_HYG,0.0
TMO,21,50,mom21_HYG,0.017543
TMO,21,50,ret_USO,0.0
TMO,21,50,mom21_USO,0.034436
TMO,21,50,ret_TLT,0.0
TMO,21,50,mom21_TLT,0.0
TMO,21,50,ret_UUP,0.0
TMO,21,50,mom21_UUP,0.013019
TMO,21,50,ret_SPY,0.0
TMO,21,50,mom21_SPY,0.011077
TMO,21,50,vol_vel,0.0
TMO,21,50,vol_of_vol,0.006936
TMO,21,50,vol_regime_zscore,0.015203
TMO,21,50,vol_chg_21d,0.01382
TMO,21,50,event_fed_gravity,0.027333
TMO,21,50,event_earn_gravity,0.0
TMO,21,50,event_div_gravity,0.0
TMO,21,50,event_cpi_gravity,0.059909
TMO,21,50,event_nfp_gravity,0.046539
TMO,21,50,put_call_skew_30d,0.0
TMO,21,50,term_structure_slope,0.019956
TMO,21,50,vrp_wedge,0.010869
TMO,21,50,iv_atm_z_score,0.043637
TMO,21,50,macro_yield_curve_slope,0.020247
TMO,21,50,macro_hy_spread,0.026054
TMO,21,50,macro_hy_spread_chg_5d,0.0
TMO,21,50,macro_breakeven_5y,0.07086
TMO,21,50,macro_inflation_fwd_5y5y,0.023487
TMO,21,50,macro_inflation_fwd_chg_21d,0.026019
TMO,21,50,macro_inflation_fwd_abs_chg_21d,0.0
TMO,21,50,macro_inflation_fwd_chg_63d,0.012281
TMO,21,50,macro_inflation_fwd_zscore,0.024594
TMO,21,50,macro_dollar_ret,0.0
TMO,21,50,beta_spy,0.043131
TMO,21,50,res_vol,0.016802
TMO,21,50,res_vol_vel,0.005445
TMO,21,50,price_regime,0.130577
TMO,21,50,corr_sector_21d,0.016681
TMO,21,50,corr_sector_252d,0.018218
TMO,21,50,sector_wedge,0.017381
TMO,21,51,rv_5d,0.046766
TMO,21,51,rv_10d,0.008416
TMO,21,51,rv_21d,0.014098
TMO,21,51,rv_63d,0.02561
TMO,21,51,rv_126d,0.012848
TMO,21,51,ewma_vol,0.046069
TMO,21,51,garch_cond_vol,0.073754
TMO,21,51,ret_TARGET,0.0
TMO,21,51,tech_RSI,0.013228
TMO,21,51,tech_MACD_hist,0.010036
TMO,21,51,ret_VIXY,0.004415
TMO,21,51,mom21_VIXY,0.008543
TMO,21,51,ret_HYG,0.0
TMO,21,51,mom21_HYG,0.026375
TMO,21,51,ret_USO,0.0
TMO,21,51,mom21_USO,0.024312
TMO,21,51,ret_TLT,0.0
TMO,21,51,mom21_TLT,0.005975
TMO,21,51,ret_UUP,0.0
TMO,21,51,mom21_UUP,0.009528
TMO,21,51,ret_SPY,0.0
TMO,21,51,mom21_SPY,0.011299
TMO,21,51,vol_vel,0.00472
TMO,21,51,vol_of_vol,0.006763
TMO,21,51,vol_regime_zscore,0.025439
TMO,21,51,vol_chg_21d,0.014564
TMO,21,51,event_fed_gravity,0.034518
TMO,21,51,event_earn_gravity,0.0
TMO,21,51,event_div_gravity,0.0
TMO,21,51,event_cpi_gravity,0.068434
TMO,21,51,event_nfp_gravity,0.054117
TMO,21,51,put_call_skew_30d,0.0
TMO,21,51,term_structure_slope,0.035652
TMO,21,51,vrp_wedge,0.009333
TMO,21,51,iv_atm_z_score,0.047739
TMO,21,51,macro_yield_curve_slope,0.014325
TMO,21,51,macro_hy_spread,0.029269
TMO,21,51,macro_hy_spread_chg_5d,0.0
TMO,21,51,macro_breakeven_5y,0.04084
TMO,21,51,macro_inflation_fwd_5y5y,0.011921
TMO,21,51,macro_inflation_fwd_chg_21d,0.014118
TMO,21,51,macro_inflation_fwd_abs_chg_21d,0.008242
TMO,21,51,macro_inflation_fwd_chg_63d,0.011568
TMO,21,51,macro_inflation_fwd_zscore,0.013217
TMO,21,51,macro_dollar_ret,0.0
TMO,21,51,beta_spy,0.02847
TMO,21,51,res_vol,0.014781
TMO,21,51,res_vol_vel,0.007489
TMO,21,51,price_regime,0.108564
TMO,21,51,corr_sector_21d,0.020502
TMO,21,51,corr_sector_252d,0.014862
TMO,21,51,sector_wedge,0.019278
TMO,21,52,rv_5d,0.045881
TMO,21,52,rv_10d,0.050964
TMO,21,52,rv_21d,0.017682
TMO,21,52,rv_63d,0.032048
TMO,21,52,rv_126d,0.011204
TMO,21,52,ewma_vol,0.022008
TMO,21,52,garch_cond_vol,0.069464
TMO,21,52,ret_TARGET,0.0
TMO,21,52,tech_RSI,0.008156
TMO,21,52,tech_MACD_hist,0.009635
TMO,21,52,ret_VIXY,0.004478
TMO,21,52,mom21_VIXY,0.007333
TMO,21,52,ret_HYG,0.0
TMO,21,52,mom21_HYG,0.027854
TMO,21,52,ret_USO,0.00442
TMO,21,52,mom21_USO,0.021386
TMO,21,52,ret_TLT,0.0
TMO,21,52,mom21_TLT,0.0
TMO,21,52,ret_UUP,0.0
TMO,21,52,mom21_UUP,0.009358
TMO,21,52,ret_SPY,0.0
TMO,21,52,mom21_SPY,0.010784
TMO,21,52,vol_vel,0.005109
TMO,21,52,vol_of_vol,0.008754
TMO,21,52,vol_regime_zscore,0.03332
TMO,21,52,vol_chg_21d,0.011539
TMO,21,52,event_fed_gravity,0.045088
TMO,21,52,event_earn_gravity,0.0
TMO,21,52,event_div_gravity,0.0
TMO,21,52,event_cpi_gravity,0.041487
TMO,21,52,event_nfp_gravity,0.051007
TMO,21,52,put_call_skew_30d,0.006232
TMO,21,52,term_structure_slope,0.037966
TMO,21,52,vrp_wedge,0.010076
TMO,21,52,iv_atm_z_score,0.058796
TMO,21,52,macro_yield_curve_slope,0.013345
TMO,21,52,macro_hy_spread,0.028518
TMO,21,52,macro_hy_spread_chg_5d,0.0
TMO,21,52,macro_breakeven_5y,0.019789
TMO,21,52,macro_inflation_fwd_5y5y,0.010144
TMO,21,52,macro_inflation_fwd_chg_21d,0.005601
TMO,21,52,macro_inflation_fwd_abs_chg_21d,0.004186
TMO,21,52,macro_inflation_fwd_chg_63d,0.00983
TMO,21,52,macro_inflation_fwd_zscore,0.010121
TMO,21,52,macro_dollar_ret,0.0
TMO,21,52,beta_spy,0.031999
TMO,21,52,res_vol,0.017119
TMO,21,52,res_vol_vel,0.006886
TMO,21,52,price_regime,0.114033
TMO,21,52,corr_sector_21d,0.025511
TMO,21,52,corr_sector_252d,0.016215
TMO,21,52,sector_wedge,0.024677
TMO,21,53,rv_5d,0.050482
TMO,21,53,rv_10d,0.038855
TMO,21,53,rv_21d,0.021441
TMO,21,53,rv_63d,0.026052
TMO,21,53,rv_126d,0.011608
TMO,21,53,ewma_vol,0.044052
TMO,21,53,garch_cond_vol,0.09337
TMO,21,53,ret_TARGET,0.0
TMO,21,53,tech_RSI,0.009773
TMO,21,53,tech_MACD_hist,0.011854
TMO,21,53,ret_VIXY,0.0
TMO,21,53,mom21_VIXY,0.00875
TMO,21,53,ret_HYG,0.0
TMO,21,53,mom21_HYG,0.02512
TMO,21,53,ret_USO,0.004287
TMO,21,53,mom21_USO,0.01777
TMO,21,53,ret_TLT,0.0
TMO,21,53,mom21_TLT,0.006148
TMO,21,53,ret_UUP,0.0
TMO,21,53,mom21_UUP,0.012842
TMO,21,53,ret_SPY,0.005044
TMO,21,53,mom21_SPY,0.011024
TMO,21,53,vol_vel,0.004436
TMO,21,53,vol_of_vol,0.009717
TMO,21,53,vol_regime_zscore,0.024174
TMO,21,53,vol_chg_21d,0.011695
TMO,21,53,event_fed_gravity,0.026273
TMO,21,53,event_earn_gravity,0.0
TMO,21,53,event_div_gravity,0.0
TMO,21,53,event_cpi_gravity,0.061742
TMO,21,53,event_nfp_gravity,0.052386
TMO,21,53,put_call_skew_30d,0.00594
TMO,21,53,term_structure_slope,0.035784
TMO,21,53,vrp_wedge,0.01
TMO,21,53,iv_atm_z_score,0.060466
TMO,21,53,macro_yield_curve_slope,0.010406
TMO,21,53,macro_hy_spread,0.027515
TMO,21,53,macro_hy_spread_chg_5d,0.0
TMO,21,53,macro_breakeven_5y,0.019256
TMO,21,53,macro_inflation_fwd_5y5y,0.0
TMO,21,53,macro_inflation_fwd_chg_21d,0.008193
TMO,21,53,macro_inflation_fwd_abs_chg_21d,0.004832
TMO,21,53,macro_inflation_fwd_chg_63d,0.010001
TMO,21,53,macro_inflation_fwd_zscore,0.007608
TMO,21,53,macro_dollar_ret,0.0
TMO,21,53,beta_spy,0.030752
TMO,21,53,res_vol,0.022697
TMO,21,53,res_vol_vel,0.006669
TMO,21,53,price_regime,0.089255
TMO,21,53,corr_sector_21d,0.013833
TMO,21,53,corr_sector_252d,0.015255
TMO,21,53,sector_wedge,0.032642
TMO,21,54,rv_5d,0.05734
TMO,21,54,rv_10d,0.067818
TMO,21,54,rv_21d,0.020802
TMO,21,54,rv_63d,0.033057
TMO,21,54,rv_126d,0.010502
TMO,21,54,ewma_vol,0.027211
TMO,21,54,garch_cond_vol,0.069939
TMO,21,54,ret_TARGET,0.0
TMO,21,54,tech_RSI,0.0
TMO,21,54,tech_MACD_hist,0.009031
TMO,21,54,ret_VIXY,0.005401
TMO,21,54,mom21_VIXY,0.00794
TMO,21,54,ret_HYG,0.0
TMO,21,54,mom21_HYG,0.027062
TMO,21,54,ret_USO,0.0
TMO,21,54,mom21_USO,0.016543
TMO,21,54,ret_TLT,0.0
TMO,21,54,mom21_TLT,0.0
TMO,21,54,ret_UUP,0.0
TMO,21,54,mom21_UUP,0.009838
TMO,21,54,ret_SPY,0.005024
TMO,21,54,mom21_SPY,0.008637
TMO,21,54,vol_vel,0.0
TMO,21,54,vol_of_vol,0.008034
TMO,21,54,vol_regime_zscore,0.031321
TMO,21,54,vol_chg_21d,0.009249
TMO,21,54,event_fed_gravity,0.045867
TMO,21,54,event_earn_gravity,0.0
TMO,21,54,event_div_gravity,0.0
TMO,21,54,event_cpi_gravity,0.035072
TMO,21,54,event_nfp_gravity,0.048307
TMO,21,54,put_call_skew_30d,0.008704
TMO,21,54,term_structure_slope,0.035714
TMO,21,54,vrp_wedge,0.024514
TMO,21,54,iv_atm_z_score,0.056769
TMO,21,54,macro_yield_curve_slope,0.011832
TMO,21,54,macro_hy_spread,0.027457
TMO,21,54,macro_hy_spread_chg_5d,0.0
TMO,21,54,macro_breakeven_5y,0.020159
TMO,21,54,macro_inflation_fwd_5y5y,0.018008
TMO,21,54,macro_inflation_fwd_chg_21d,0.007647
TMO,21,54,macro_inflation_fwd_abs_chg_21d,0.004404
TMO,21,54,macro_inflation_fwd_chg_63d,0.012019
TMO,21,54,macro_inflation_fwd_zscore,0.008317
TMO,21,54,macro_dollar_ret,0.0
TMO,21,54,beta_spy,0.030289
TMO,21,54,res_vol,0.014849
TMO,21,54,res_vol_vel,0.007458
TMO,21,54,price_regime,0.081229
TMO,21,54,corr_sector_21d,0.029928
TMO,21,54,corr_sector_252d,0.016574
TMO,21,54,sector_wedge,0.030131
TMO,21,55,rv_5d,0.056297
TMO,21,55,rv_10d,0.05793
TMO,21,55,rv_21d,0.020634
TMO,21,55,rv_63d,0.024288
TMO,21,55,rv_126d,0.010418
TMO,21,55,ewma_vol,0.039592
TMO,21,55,garch_cond_vol,0.085052
TMO,21,55,ret_TARGET,0.0
TMO,21,55,tech_RSI,0.008965
TMO,21,55,tech_MACD_hist,0.010614
TMO,21,55,ret_VIXY,0.005822
TMO,21,55,mom21_VIXY,0.008658
TMO,21,55,ret_HYG,0.0
TMO,21,55,mom21_HYG,0.019246
TMO,21,55,ret_USO,0.004777
TMO,21,55,mom21_USO,0.019142
TMO,21,55,ret_TLT,0.0
TMO,21,55,mom21_TLT,0.007678
TMO,21,55,ret_UUP,0.0
TMO,21,55,mom21_UUP,0.013621
TMO,21,55,ret_SPY,0.0
TMO,21,55,mom21_SPY,0.008684
TMO,21,55,vol_vel,0.0
TMO,21,55,vol_of_vol,0.009258
TMO,21,55,vol_regime_zscore,0.034745
TMO,21,55,vol_chg_21d,0.008707
TMO,21,55,event_fed_gravity,0.041597
TMO,21,55,event_earn_gravity,0.0
TMO,21,55,event_div_gravity,0.0
TMO,21,55,event_cpi_gravity,0.036733
TMO,21,55,event_nfp_gravity,0.047201
TMO,21,55,put_call_skew_30d,0.005843
TMO,21,55,term_structure_slope,0.038561
TMO,21,55,vrp_wedge,0.020253
TMO,21,55,iv_atm_z_score,0.056033
TMO,21,55,macro_yield_curve_slope,0.01235
TMO,21,55,macro_hy_spread,0.024602
TMO,21,55,macro_hy_spread_chg_5d,0.0
TMO,21,55,macro_breakeven_5y,0.013398
TMO,21,55,macro_inflation_fwd_5y5y,0.012398
TMO,21,55,macro_inflation_fwd_chg_21d,0.008467
TMO,21,55,macro_inflation_fwd_abs_chg_21d,0.005625
TMO,21,55,macro_inflation_fwd_chg_63d,0.010971
TMO,21,55,macro_inflation_fwd_zscore,0.007956
TMO,21,55,macro_dollar_ret,0.0
TMO,21,55,beta_spy,0.025891
TMO,21,55,res_vol,0.020376
TMO,21,55,res_vol_vel,0.006047
TMO,21,55,price_regime,0.077114
TMO,21,55,corr_sector_21d,0.025664
TMO,21,55,corr_sector_252d,0.014767
TMO,21,55,sector_wedge,0.034025
TMO,21,56,rv_5d,0.051106
TMO,21,56,rv_10d,0.05614
TMO,21,56,rv_21d,0.02816
TMO,21,56,rv_63d,0.026743
TMO,21,56,rv_126d,0.009942
TMO,21,56,ewma_vol,0.055719
TMO,21,56,garch_cond_vol,0.05324
TMO,21,56,ret_TARGET,0.0
TMO,21,56,tech_RSI,0.00847
TMO,21,56,tech_MACD_hist,0.00989
TMO,21,56,ret_VIXY,0.00465
TMO,21,56,mom21_VIXY,0.00947
TMO,21,56,ret_HYG,0.004336
TMO,21,56,mom21_HYG,0.025217
TMO,21,56,ret_USO,0.004388
TMO,21,56,mom21_USO,0.018217
TMO,21,56,ret_TLT,0.0
TMO,21,56,mom21_TLT,0.0
TMO,21,56,ret_UUP,0.0
TMO,21,56,mom21_UUP,0.010289
TMO,21,56,ret_SPY,0.0
TMO,21,56,mom21_SPY,0.009538
TMO,21,56,vol_vel,0.004843
TMO,21,56,vol_of_vol,0.008383
TMO,21,56,vol_regime_zscore,0.026036
TMO,21,56,vol_chg_21d,0.010102
TMO,21,56,event_fed_gravity,0.023718
TMO,21,56,event_earn_gravity,0.0
TMO,21,56,event_div_gravity,0.0
TMO,21,56,event_cpi_gravity,0.036662
TMO,21,56,event_nfp_gravity,0.082566
TMO,21,56,put_call_skew_30d,0.007306
TMO,21,56,term_structure_slope,0.033016
TMO,21,56,vrp_wedge,0.018149
TMO,21,56,iv_atm_z_score,0.056115
TMO,21,56,macro_yield_curve_slope,0.010764
TMO,21,56,macro_hy_spread,0.02488
TMO,21,56,macro_hy_spread_chg_5d,0.00573
TMO,21,56,macro_breakeven_5y,0.018533
TMO,21,56,macro_inflation_fwd_5y5y,0.02069
TMO,21,56,macro_inflation_fwd_chg_21d,0.006606
TMO,21,56,macro_inflation_fwd_abs_chg_21d,0.005505
TMO,21,56,macro_inflation_fwd_chg_63d,0.009981
TMO,21,56,macro_inflation_fwd_zscore,0.012184
TMO,21,56,macro_dollar_ret,0.0
TMO,21,56,beta_spy,0.0265
TMO,21,56,res_vol,0.017426
TMO,21,56,res_vol_vel,0.006156
TMO,21,56,price_regime,0.074526
TMO,21,56,corr_sector_21d,0.025106
TMO,21,56,corr_sector_252d,0.014626
TMO,21,56,sector_wedge,0.028377
TMO,21,57,rv_5d,0.040538
TMO,21,57,rv_10d,0.059556
TMO,21,57,rv_21d,0.018045
TMO,21,57,rv_63d,0.024903
TMO,21,57,rv_126d,0.008499
TMO,21,57,ewma_vol,0.033423
TMO,21,57,garch_cond_vol,0.120983
TMO,21,57,ret_TARGET,0.0
TMO,21,57,tech_RSI,0.0
TMO,21,57,tech_MACD_hist,0.008195
TMO,21,57,ret_VIXY,0.004686
TMO,21,57,mom21_VIXY,0.008481
TMO,21,57,ret_HYG,0.0
TMO,21,57,mom21_HYG,0.022945
TMO,21,57,ret_USO,0.0
TMO,21,57,mom21_USO,0.017864
TMO,21,57,ret_TLT,0.0
TMO,21,57,mom21_TLT,0.006621
TMO,21,57,ret_UUP,0.0
TMO,21,57,mom21_UUP,0.008997
TMO,21,57,ret_SPY,0.0
TMO,21,57,mom21_SPY,0.010654
TMO,21,57,vol_vel,0.004684
TMO,21,57,vol_of_vol,0.007766
TMO,21,57,vol_regime_zscore,0.031644
TMO,21,57,vol_chg_21d,0.009236
TMO,21,57,event_fed_gravity,0.050567
TMO,21,57,event_earn_gravity,0.0
TMO,21,57,event_div_gravity,0.0
TMO,21,57,event_cpi_gravity,0.034031
TMO,21,57,event_nfp_gravity,0.045318
TMO,21,57,put_call_skew_30d,0.0
TMO,21,57,term_structure_slope,0.034101
TMO,21,57,vrp_wedge,0.02345
TMO,21,57,iv_atm_z_score,0.053852
TMO,21,57,macro_yield_curve_slope,0.012126
TMO,21,57,macro_hy_spread,0.026572
TMO,21,57,macro_hy_spread_chg_5d,0.0
TMO,21,57,macro_breakeven_5y,0.022335
TMO,21,57,macro_inflation_fwd_5y5y,0.011205
TMO,21,57,macro_inflation_fwd_chg_21d,0.009706
TMO,21,57,macro_inflation_fwd_abs_chg_21d,0.005839
TMO,21,57,macro_inflation_fwd_chg_63d,0.009182
TMO,21,57,macro_inflation_fwd_zscore,0.006786
TMO,21,57,macro_dollar_ret,0.0
TMO,21,57,beta_spy,0.024205
TMO,21,57,res_vol,0.015414
TMO,21,57,res_vol_vel,0.005277
TMO,21,57,price_regime,0.093292
TMO,21,57,corr_sector_21d,0.023966
TMO,21,57,corr_sector_252d,0.015882
TMO,21,57,sector_wedge,0.029173
TMO,21,58,rv_5d,0.047891
TMO,21,58,rv_10d,0.031324
TMO,21,58,rv_21d,0.015596
TMO,21,58,rv_63d,0.026216
TMO,21,58,rv_126d,0.008934
TMO,21,58,ewma_vol,0.023795
TMO,21,58,garch_cond_vol,0.126867
TMO,21,58,ret_TARGET,0.0
TMO,21,58,tech_RSI,0.008021
TMO,21,58,tech_MACD_hist,0.009972
TMO,21,58,ret_VIXY,0.005132
TMO,21,58,mom21_VIXY,0.009292
TMO,21,58,ret_HYG,0.0
TMO,21,58,mom21_HYG,0.022941
TMO,21,58,ret_USO,0.0
TMO,21,58,mom21_USO,0.019813
TMO,21,58,ret_TLT,0.0
TMO,21,58,mom21_TLT,0.004521
TMO,21,58,ret_UUP,0.0
TMO,21,58,mom21_UUP,0.0087
TMO,21,58,ret_SPY,0.0
TMO,21,58,mom21_SPY,0.011148
TMO,21,58,vol_vel,0.0
TMO,21,58,vol_of_vol,0.009453
TMO,21,58,vol_regime_zscore,0.040968
TMO,21,58,vol_chg_21d,0.006997
TMO,21,58,event_fed_gravity,0.027845
TMO,21,58,event_earn_gravity,0.0
TMO,21,58,event_div_gravity,0.0
TMO,21,58,event_cpi_gravity,0.064063
TMO,21,58,event_nfp_gravity,0.040965
TMO,21,58,put_call_skew_30d,0.004416
TMO,21,58,term_structure_slope,0.031007
TMO,21,58,vrp_wedge,0.013052
TMO,21,58,iv_atm_z_score,0.053603
TMO,21,58,macro_yield_curve_slope,0.012334
TMO,21,58,macro_hy_spread,0.028735
TMO,21,58,macro_hy_spread_chg_5d,0.0
TMO,21,58,macro_breakeven_5y,0.019508
TMO,21,58,macro_inflation_fwd_5y5y,0.015461
TMO,21,58,macro_inflation_fwd_chg_21d,0.008788
TMO,21,58,macro_inflation_fwd_abs_chg_21d,0.004685
TMO,21,58,macro_inflation_fwd_chg_63d,0.00869
TMO,21,58,macro_inflation_fwd_zscore,0.011965
TMO,21,58,macro_dollar_ret,0.0
TMO,21,58,beta_spy,0.023391
TMO,21,58,res_vol,0.018259
TMO,21,58,res_vol_vel,0.005831
TMO,21,58,price_regime,0.098979
TMO,21,58,corr_sector_21d,0.023718
TMO,21,58,corr_sector_252d,0.01756
TMO,21,58,sector_wedge,0.029562
TMO,21,59,rv_5d,0.039133
TMO,21,59,rv_10d,0.082815
TMO,21,59,rv_21d,0.017529
TMO,21,59,rv_63d,0.030433
TMO,21,59,rv_126d,0.009793
TMO,21,59,ewma_vol,0.023643
TMO,21,59,garch_cond_vol,0.069391
TMO,21,59,ret_TARGET,0.0
TMO,21,59,tech_RSI,0.00862
TMO,21,59,tech_MACD_hist,0.011846
TMO,21,59,ret_VIXY,0.00471
TMO,21,59,mom21_VIXY,0.006413
TMO,21,59,ret_HYG,0.0
TMO,21,59,mom21_HYG,0.015005
TMO,21,59,ret_USO,0.0
TMO,21,59,mom21_USO,0.018429
TMO,21,59,ret_TLT,0.0
TMO,21,59,mom21_TLT,0.0
TMO,21,59,ret_UUP,0.0
TMO,21,59,mom21_UUP,0.008652
TMO,21,59,ret_SPY,0.0
TMO,21,59,mom21_SPY,0.010324
TMO,21,59,vol_vel,0.0
TMO,21,59,vol_of_vol,0.008956
TMO,21,59,vol_regime_zscore,0.035002
TMO,21,59,vol_chg_21d,0.006939
TMO,21,59,event_fed_gravity,0.054798
TMO,21,59,event_earn_gravity,0.0
TMO,21,59,event_div_gravity,0.0
TMO,21,59,event_cpi_gravity,0.042003
TMO,21,59,event_nfp_gravity,0.040025
TMO,21,59,put_call_skew_30d,0.00434
TMO,21,59,term_structure_slope,0.044599
TMO,21,59,vrp_wedge,0.019312
TMO,21,59,iv_atm_z_score,0.058079
TMO,21,59,macro_yield_curve_slope,0.0154
TMO,21,59,macro_hy_spread,0.041152
TMO,21,59,macro_hy_spread_chg_5d,0.0
TMO,21,59,macro_breakeven_5y,0.01202
TMO,21,59,macro_inflation_fwd_5y5y,0.013031
TMO,21,59,macro_inflation_fwd_chg_21d,0.007473
TMO,21,59,macro_inflation_fwd_abs_chg_21d,0.004532
TMO,21,59,macro_inflation_fwd_chg_63d,0.011607
TMO,21,59,macro_inflation_fwd_zscore,0.010201
TMO,21,59,macro_dollar_ret,0.0
TMO,21,59,beta_spy,0.020425
TMO,21,59,res_vol,0.015541
TMO,21,59,res_vol_vel,0.005937
TMO,21,59,price_regime,0.098325
TMO,21,59,corr_sector_21d,0.024607
TMO,21,59,corr_sector_252d,0.020012
TMO,21,59,sector_wedge,0.028945
TMO,21,60,rv_5d,0.038494
TMO,21,60,rv_10d,0.073663
TMO,21,60,rv_21d,0.019833
TMO,21,60,rv_63d,0.025402
TMO,21,60,rv_126d,0.010301
TMO,21,60,ewma_vol,0.021933
TMO,21,60,garch_cond_vol,0.066368
TMO,21,60,ret_TARGET,0.0
TMO,21,60,tech_RSI,0.009916
TMO,21,60,tech_MACD_hist,0.011167
TMO,21,60,ret_VIXY,0.005148
TMO,21,60,mom21_VIXY,0.010644
TMO,21,60,ret_HYG,0.0
TMO,21,60,mom21_HYG,0.023894
TMO,21,60,ret_USO,0.0
TMO,21,60,mom21_USO,0.020743
TMO,21,60,ret_TLT,0.0
TMO,21,60,mom21_TLT,0.004028
TMO,21,60,ret_UUP,0.0
TMO,21,60,mom21_UUP,0.00966
TMO,21,60,ret_SPY,0.0
TMO,21,60,mom21_SPY,0.009328
TMO,21,60,vol_vel,0.0
TMO,21,60,vol_of_vol,0.007799
TMO,21,60,vol_regime_zscore,0.024654
TMO,21,60,vol_chg_21d,0.009527
TMO,21,60,event_fed_gravity,0.027675
TMO,21,60,event_earn_gravity,0.0
TMO,21,60,event_div_gravity,0.0
TMO,21,60,event_cpi_gravity,0.06686
TMO,21,60,event_nfp_gravity,0.040424
TMO,21,60,put_call_skew_30d,0.006966
TMO,21,60,term_structure_slope,0.062035
TMO,21,60,vrp_wedge,0.008993
TMO,21,60,iv_atm_z_score,0.058476
TMO,21,60,macro_yield_curve_slope,0.016524
TMO,21,60,macro_hy_spread,0.029391
TMO,21,60,macro_hy_spread_chg_5d,0.0
TMO,21,60,macro_breakeven_5y,0.015303
TMO,21,60,macro_inflation_fwd_5y5y,0.01203
TMO,21,60,macro_inflation_fwd_chg_21d,0.007335
TMO,21,60,macro_inflation_fwd_abs_chg_21d,0.004889
TMO,21,60,macro_inflation_fwd_chg_63d,0.012518
TMO,21,60,macro_inflation_fwd_zscore,0.011898
TMO,21,60,macro_dollar_ret,0.0
TMO,21,60,beta_spy,0.025652
TMO,21,60,res_vol,0.016674
TMO,21,60,res_vol_vel,0.006359
TMO,21,60,price_regime,0.103901
TMO,21,60,corr_sector_21d,0.026338
TMO,21,60,corr_sector_252d,0.017123
TMO,21,60,sector_wedge,0.020136
TMO,21,61,rv_5d,0.064489
TMO,21,61,rv_10d,0.088623
TMO,21,61,rv_21d,0.020886
TMO,21,61,rv_63d,0.023251
TMO,21,61,rv_126d,0.010725
TMO,21,61,ewma_vol,0.014734
TMO,21,61,garch_cond_vol,0.073833
TMO,21,61,ret_TARGET,0.0
TMO,21,61,tech_RSI,0.009841
TMO,21,61,tech_MACD_hist,0.011561
TMO,21,61,ret_VIXY,0.004945
TMO,21,61,mom21_VIXY,0.011533
TMO,21,61,ret_HYG,0.0
TMO,21,61,mom21_HYG,0.021271
TMO,21,61,ret_USO,0.0
TMO,21,61,mom21_USO,0.017897
TMO,21,61,ret_TLT,0.0
TMO,21,61,mom21_TLT,0.00669
TMO,21,61,ret_UUP,0.0
TMO,21,61,mom21_UUP,0.009838
TMO,21,61,ret_SPY,0.0
TMO,21,61,mom21_SPY,0.008069
TMO,21,61,vol_vel,0.00547
TMO,21,61,vol_of_vol,0.009207
TMO,21,61,vol_regime_zscore,0.026376
TMO,21,61,vol_chg_21d,0.00702
TMO,21,61,event_fed_gravity,0.042258
TMO,21,61,event_earn_gravity,0.0
TMO,21,61,event_div_gravity,0.0
TMO,21,61,event_cpi_gravity,0.039502
TMO,21,61,event_nfp_gravity,0.027461
TMO,21,61,put_call_skew_30d,0.006385
TMO,21,61,term_structure_slope,0.043253
TMO,21,61,vrp_wedge,0.010631
TMO,21,61,iv_atm_z_score,0.059604
TMO,21,61,macro_yield_curve_slope,0.011882
TMO,21,61,macro_hy_spread,0.02446
TMO,21,61,macro_hy_spread_chg_5d,0.0
TMO,21,61,macro_breakeven_5y,0.014482
TMO,21,61,macro_inflation_fwd_5y5y,0.00961
TMO,21,61,macro_inflation_fwd_chg_21d,0.007393
TMO,21,61,macro_inflation_fwd_abs_chg_21d,0.0
TMO,21,61,macro_inflation_fwd_chg_63d,0.0119
TMO,21,61,macro_inflation_fwd_zscore,0.010629
TMO,21,61,macro_dollar_ret,0.0
TMO,21,61,beta_spy,0.025332
TMO,21,61,res_vol,0.018148
TMO,21,61,res_vol_vel,0.007821
TMO,21,61,price_regime,0.105267
TMO,21,61,corr_sector_21d,0.031706
TMO,21,61,corr_sector_252d,0.015196
TMO,21,61,sector_wedge,0.030821
TMO,21,62,rv_5d,0.071445
TMO,21,62,rv_10d,0.164781
TMO,21,62,rv_21d,0.027545
TMO,21,62,rv_63d,0.02355
TMO,21,62,rv_126d,0.009964
TMO,21,62,ewma_vol,0.011866
TMO,21,62,garch_cond_vol,0.01524
TMO,21,62,ret_TARGET,0.0
TMO,21,62,tech_RSI,0.0
TMO,21,62,tech_MACD_hist,0.009121
TMO,21,62,ret_VIXY,0.004969
TMO,21,62,mom21_VIXY,0.009371
TMO,21,62,ret_HYG,0.00387
TMO,21,62,mom21_HYG,0.012554
TMO,21,62,ret_USO,0.0
TMO,21,62,mom21_USO,0.024162
TMO,21,62,ret_TLT,0.0
TMO,21,62,mom21_TLT,0.01358
TMO,21,62,ret_UUP,0.0
TMO,21,62,mom21_UUP,0.006837
TMO,21,62,ret_SPY,0.0
TMO,21,62,mom21_SPY,0.009117
TMO,21,62,vol_vel,0.006043
TMO,21,62,vol_of_vol,0.010104
TMO,21,62,vol_regime_zscore,0.024354
TMO,21,62,vol_chg_21d,0.006893
TMO,21,62,event_fed_gravity,0.033723
TMO,21,62,event_earn_gravity,0.0
TMO,21,62,event_div_gravity,0.0
TMO,21,62,event_cpi_gravity,0.029482
TMO,21,62,event_nfp_gravity,0.03595
TMO,21,62,put_call_skew_30d,0.009986
TMO,21,62,term_structure_slope,0.063887
TMO,21,62,vrp_wedge,0.009362
TMO,21,62,iv_atm_z_score,0.058899
TMO,21,62,macro_yield_curve_slope,0.01226
TMO,21,62,macro_hy_spread,0.024093
TMO,21,62,macro_hy_spread_chg_5d,0.0
TMO,21,62,macro_breakeven_5y,0.015801
TMO,21,62,macro_inflation_fwd_5y5y,0.021972
TMO,21,62,macro_inflation_fwd_chg_21d,0.00594
TMO,21,62,macro_inflation_fwd_abs_chg_21d,0.0
TMO,21,62,macro_inflation_fwd_chg_63d,0.010656
TMO,21,62,macro_inflation_fwd_zscore,0.009675
TMO,21,62,macro_dollar_ret,0.0
TMO,21,62,beta_spy,0.021986
TMO,21,62,res_vol,0.017979
TMO,21,62,res_vol_vel,0.006495
TMO,21,62,price_regime,0.071821
TMO,21,62,corr_sector_21d,0.03033
TMO,21,62,corr_sector_252d,0.018871
TMO,21,62,sector_wedge,0.025466
TMO,21,63,rv_5d,0.116794
TMO,21,63,rv_10d,0.154812
TMO,21,63,rv_21d,0.01885
TMO,21,63,rv_63d,0.027743
TMO,21,63,rv_126d,0.010798
TMO,21,63,ewma_vol,0.01229
TMO,21,63,garch_cond_vol,0.016863
TMO,21,63,ret_TARGET,0.0
TMO,21,63,tech_RSI,0.0
TMO,21,63,tech_MACD_hist,0.01121
TMO,21,63,ret_VIXY,0.005394
TMO,21,63,mom21_VIXY,0.014125
TMO,21,63,ret_HYG,0.003654
TMO,21,63,mom21_HYG,0.015356
TMO,21,63,ret_USO,0.0
TMO,21,63,mom21_USO,0.019677
TMO,21,63,ret_TLT,0.0
TMO,21,63,mom21_TLT,0.014578
TMO,21,63,ret_UUP,0.0
TMO,21,63,mom21_UUP,0.008089
TMO,21,63,ret_SPY,0.0
TMO,21,63,mom21_SPY,0.009096
TMO,21,63,vol_vel,0.00512
TMO,21,63,vol_of_vol,0.007874
TMO,21,63,vol_regime_zscore,0.017716
TMO,21,63,vol_chg_21d,0.007256
TMO,21,63,event_fed_gravity,0.029835
TMO,21,63,event_earn_gravity,0.0
TMO,21,63,event_div_gravity,0.0
TMO,21,63,event_cpi_gravity,0.028095
TMO,21,63,event_nfp_gravity,0.031453
TMO,21,63,put_call_skew_30d,0.01062
TMO,21,63,term_structure_slope,0.05903
TMO,21,63,vrp_wedge,0.007606
TMO,21,63,iv_atm_z_score,0.059163
TMO,21,63,macro_yield_curve_slope,0.011396
TMO,21,63,macro_hy_spread,0.023972
TMO,21,63,macro_hy_spread_chg_5d,0.0
TMO,21,63,macro_breakeven_5y,0.016863
TMO,21,63,macro_inflation_fwd_5y5y,0.015115
TMO,21,63,macro_inflation_fwd_chg_21d,0.005566
TMO,21,63,macro_inflation_fwd_abs_chg_21d,0.0
TMO,21,63,macro_inflation_fwd_chg_63d,0.010179
TMO,21,63,macro_inflation_fwd_zscore,0.007932
TMO,21,63,macro_dollar_ret,0.0
TMO,21,63,beta_spy,0.023159
TMO,21,63,res_vol,0.021132
TMO,21,63,res_vol_vel,0.007412
TMO,21,63,price_regime,0.051197
TMO,21,63,corr_sector_21d,0.032057
TMO,21,63,corr_sector_252d,0.017861
TMO,21,63,sector_wedge,0.033064
TMO,21,64,rv_5d,0.086544
TMO,21,64,rv_10d,0.169962
TMO,21,64,rv_21d,0.018093
TMO,21,64,rv_63d,0.032061
TMO,21,64,rv_126d,0.011087
TMO,21,64,ewma_vol,0.006424
TMO,21,64,garch_cond_vol,0.019042
TMO,21,64,ret_TARGET,0.0
TMO,21,64,tech_RSI,0.0
TMO,21,64,tech_MACD_hist,0.012419
TMO,21,64,ret_VIXY,0.003791
TMO,21,64,mom21_VIXY,0.014478
TMO,21,64,ret_HYG,0.004766
TMO,21,64,mom21_HYG,0.015389
TMO,21,64,ret_USO,0.0
TMO,21,64,mom21_USO,0.022775
TMO,21,64,ret_TLT,0.0
TMO,21,64,mom21_TLT,0.013002
TMO,21,64,ret_UUP,0.0
TMO,21,64,mom21_UUP,0.011124
TMO,21,64,ret_SPY,0.0
TMO,21,64,mom21_SPY,0.009452
TMO,21,64,vol_vel,0.004985
TMO,21,64,vol_of_vol,0.012071
TMO,21,64,vol_regime_zscore,0.022715
TMO,21,64,vol_chg_21d,0.007244
TMO,21,64,event_fed_gravity,0.04093
TMO,21,64,event_earn_gravity,0.0
TMO,21,64,event_div_gravity,0.0
TMO,21,64,event_cpi_gravity,0.024762
TMO,21,64,event_nfp_gravity,0.029059
TMO,21,64,put_call_skew_30d,0.008625
TMO,21,64,term_structure_slope,0.044401
TMO,21,64,vrp_wedge,0.010342
TMO,21,64,iv_atm_z_score,0.062311
TMO,21,64,macro_yield_curve_slope,0.011778
TMO,21,64,macro_hy_spread,0.021041
TMO,21,64,macro_hy_spread_chg_5d,0.0
TMO,21,64,macro_breakeven_5y,0.017375
TMO,21,64,macro_inflation_fwd_5y5y,0.014125
TMO,21,64,macro_inflation_fwd_chg_21d,0.007769
TMO,21,64,macro_inflation_fwd_abs_chg_21d,0.0
TMO,21,64,macro_inflation_fwd_chg_63d,0.011543
TMO,21,64,macro_inflation_fwd_zscore,0.00735
TMO,21,64,macro_dollar_ret,0.0
TMO,21,64,beta_spy,0.021282
TMO,21,64,res_vol,0.016083
TMO,21,64,res_vol_vel,0.008977
TMO,21,64,price_regime,0.068079
TMO,21,64,corr_sector_21d,0.028141
TMO,21,64,corr_sector_252d,0.020363
TMO,21,64,sector_wedge,0.028242
TMO,21,65,rv_5d,0.105549
TMO,21,65,rv_10d,0.207285
TMO,21,65,rv_21d,0.02364
TMO,21,65,rv_63d,0.024474
TMO,21,65,rv_126d,0.010725
TMO,21,65,ewma_vol,0.00934
TMO,21,65,garch_cond_vol,0.023257
TMO,21,65,ret_TARGET,0.0
TMO,21,65,tech_RSI,0.0
TMO,21,65,tech_MACD_hist,0.010152
TMO,21,65,ret_VIXY,0.0
TMO,21,65,mom21_VIXY,0.014379
TMO,21,65,ret_HYG,0.003641
TMO,21,65,mom21_HYG,0.014129
TMO,21,65,ret_USO,0.0
TMO,21,65,mom21_USO,0.022483
TMO,21,65,ret_TLT,0.0
TMO,21,65,mom21_TLT,0.006134
TMO,21,65,ret_UUP,0.0
TMO,21,65,mom21_UUP,0.006904
TMO,21,65,ret_SPY,0.0
TMO,21,65,mom21_SPY,0.00992
TMO,21,65,vol_vel,0.003662
TMO,21,65,vol_of_vol,0.006348
TMO,21,65,vol_regime_zscore,0.019086
TMO,21,65,vol_chg_21d,0.006473
TMO,21,65,event_fed_gravity,0.033368
TMO,21,65,event_earn_gravity,0.0
TMO,21,65,event_div_gravity,0.0
TMO,21,65,event_cpi_gravity,0.019082
TMO,21,65,event_nfp_gravity,0.033719
TMO,21,65,put_call_skew_30d,0.018922
TMO,21,65,term_structure_slope,0.042531
TMO,21,65,vrp_wedge,0.008567
TMO,21,65,iv_atm_z_score,0.058228
TMO,21,65,macro_yield_curve_slope,0.012478
TMO,21,65,macro_hy_spread,0.021052
TMO,21,65,macro_hy_spread_chg_5d,0.00555
TMO,21,65,macro_breakeven_5y,0.012134
TMO,21,65,macro_inflation_fwd_5y5y,0.006674
TMO,21,65,macro_inflation_fwd_chg_21d,0.008074
TMO,21,65,macro_inflation_fwd_abs_chg_21d,0.004345
TMO,21,65,macro_inflation_fwd_chg_63d,0.011311
TMO,21,65,macro_inflation_fwd_zscore,0.008747
TMO,21,65,macro_dollar_ret,0.0
TMO,21,65,beta_spy,0.023825
TMO,21,65,res_vol,0.016649
TMO,21,65,res_vol_vel,0.005931
TMO,21,65,price_regime,0.050686
TMO,21,65,corr_sector_21d,0.025636
TMO,21,65,corr_sector_252d,0.014252
TMO,21,65,sector_wedge,0.030657
TMO,21,66,rv_5d,0.094176
TMO,21,66,rv_10d,0.227608
TMO,21,66,rv_21d,0.023607
TMO,21,66,rv_63d,0.028069
TMO,21,66,rv_126d,0.011744
TMO,21,66,ewma_vol,0.016935
TMO,21,66,garch_cond_vol,0.01569
TMO,21,66,ret_TARGET,0.0
TMO,21,66,tech_RSI,0.0
TMO,21,66,tech_MACD_hist,0.010316
TMO,21,66,ret_VIXY,0.004764
TMO,21,66,mom21_VIXY,0.017492
TMO,21,66,ret_HYG,0.0
TMO,21,66,mom21_HYG,0.01102
TMO,21,66,ret_USO,0.0
TMO,21,66,mom21_USO,0.020906
TMO,21,66,ret_TLT,0.0
TMO,21,66,mom21_TLT,0.0
TMO,21,66,ret_UUP,0.005838
TMO,21,66,mom21_UUP,0.007288
TMO,21,66,ret_SPY,0.0
TMO,21,66,mom21_SPY,0.008851
TMO,21,66,vol_vel,0.003764
TMO,21,66,vol_of_vol,0.010924
TMO,21,66,vol_regime_zscore,0.019175
TMO,21,66,vol_chg_21d,0.008495
TMO,21,66,event_fed_gravity,0.026706
TMO,21,66,event_earn_gravity,0.0
TMO,21,66,event_div_gravity,0.0
TMO,21,66,event_cpi_gravity,0.028072
TMO,21,66,event_nfp_gravity,0.024745
TMO,21,66,put_call_skew_30d,0.005795
TMO,21,66,term_structure_slope,0.046349
TMO,21,66,vrp_wedge,0.010636
TMO,21,66,iv_atm_z_score,0.051001
TMO,21,66,macro_yield_curve_slope,0.008328
TMO,21,66,macro_hy_spread,0.018727
TMO,21,66,macro_hy_spread_chg_5d,0.003907
TMO,21,66,macro_breakeven_5y,0.008742
TMO,21,66,macro_inflation_fwd_5y5y,0.007171
TMO,21,66,macro_inflation_fwd_chg_21d,0.006943
TMO,21,66,macro_inflation_fwd_abs_chg_21d,0.0
TMO,21,66,macro_inflation_fwd_chg_63d,0.009618
TMO,21,66,macro_inflation_fwd_zscore,0.009571
TMO,21,66,macro_dollar_ret,0.0
TMO,21,66,beta_spy,0.019928
TMO,21,66,res_vol,0.017888
TMO,21,66,res_vol_vel,0.005661
TMO,21,66,price_regime,0.072071
TMO,21,66,corr_sector_21d,0.019889
TMO,21,66,corr_sector_252d,0.020523
TMO,21,66,sector_wedge,0.031069
TMO,21,67,rv_5d,0.097814
TMO,21,67,rv_10d,0.198812
TMO,21,67,rv_21d,0.021015
TMO,21,67,rv_63d,0.028245
TMO,21,67,rv_126d,0.012395
TMO,21,67,ewma_vol,0.007188
TMO,21,67,garch_cond_vol,0.02299
TMO,21,67,ret_TARGET,0.0
TMO,21,67,tech_RSI,0.0
TMO,21,67,tech_MACD_hist,0.01127
TMO,21,67,ret_VIXY,0.0
TMO,21,67,mom21_VIXY,0.0189
TMO,21,67,ret_HYG,0.003532
TMO,21,67,mom21_HYG,0.012232
TMO,21,67,ret_USO,0.0
TMO,21,67,mom21_USO,0.02077
TMO,21,67,ret_TLT,0.0
TMO,21,67,mom21_TLT,0.005511
TMO,21,67,ret_UUP,0.0
TMO,21,67,mom21_UUP,0.008786
TMO,21,67,ret_SPY,0.0
TMO,21,67,mom21_SPY,0.008496
TMO,21,67,vol_vel,0.003607
TMO,21,67,vol_of_vol,0.009087
TMO,21,67,vol_regime_zscore,0.019495
TMO,21,67,vol_chg_21d,0.006784
TMO,21,67,event_fed_gravity,0.03113
TMO,21,67,event_earn_gravity,0.0
TMO,21,67,event_div_gravity,0.0
TMO,21,67,event_cpi_gravity,0.020772
TMO,21,67,event_nfp_gravity,0.034712
TMO,21,67,put_call_skew_30d,0.007237
TMO,21,67,term_structure_slope,0.075053
TMO,21,67,vrp_wedge,0.014691
TMO,21,67,iv_atm_z_score,0.055515
TMO,21,67,macro_yield_curve_slope,0.011334
TMO,21,67,macro_hy_spread,0.018423
TMO,21,67,macro_hy_spread_chg_5d,0.003784
TMO,21,67,macro_breakeven_5y,0.014491
TMO,21,67,macro_inflation_fwd_5y5y,0.011266
TMO,21,67,macro_inflation_fwd_chg_21d,0.007563
TMO,21,67,macro_inflation_fwd_abs_chg_21d,0.006733
TMO,21,67,macro_inflation_fwd_chg_63d,0.009707
TMO,21,67,macro_inflation_fwd_zscore,0.005464
TMO,21,67,macro_dollar_ret,0.0
TMO,21,67,beta_spy,0.021441
TMO,21,67,res_vol,0.015842
TMO,21,67,res_vol_vel,0.006761
TMO,21,67,price_regime,0.043228
TMO,21,67,corr_sector_21d,0.027425
TMO,21,67,corr_sector_252d,0.018534
TMO,21,67,sector_wedge,0.021964
TMO,21,68,rv_5d,0.104375
TMO,21,68,rv_10d,0.189837
TMO,21,68,rv_21d,0.0199
TMO,21,68,rv_63d,0.027768
TMO,21,68,rv_126d,0.0122
TMO,21,68,ewma_vol,0.009051
TMO,21,68,garch_cond_vol,0.021901
TMO,21,68,ret_TARGET,0.0
TMO,21,68,tech_RSI,0.009344
TMO,21,68,tech_MACD_hist,0.00908
TMO,21,68,ret_VIXY,0.004183
TMO,21,68,mom21_VIXY,0.016306
TMO,21,68,ret_HYG,0.0
TMO,21,68,mom21_HYG,0.01156
TMO,21,68,ret_USO,0.0
TMO,21,68,mom21_USO,0.020148
TMO,21,68,ret_TLT,0.0
TMO,21,68,mom21_TLT,0.007584
TMO,21,68,ret_UUP,0.0
TMO,21,68,mom21_UUP,0.007235
TMO,21,68,ret_SPY,0.0
TMO,21,68,mom21_SPY,0.008997
TMO,21,68,vol_vel,0.003725
TMO,21,68,vol_of_vol,0.011155
TMO,21,68,vol_regime_zscore,0.020565
TMO,21,68,vol_chg_21d,0.00832
TMO,21,68,event_fed_gravity,0.027024
TMO,21,68,event_earn_gravity,0.0
TMO,21,68,event_div_gravity,0.0
TMO,21,68,event_cpi_gravity,0.03191
TMO,21,68,event_nfp_gravity,0.029727
TMO,21,68,put_call_skew_30d,0.004589
TMO,21,68,term_structure_slope,0.059045
TMO,21,68,vrp_wedge,0.011553
TMO,21,68,iv_atm_z_score,0.05298
TMO,21,68,macro_yield_curve_slope,0.011439
TMO,21,68,macro_hy_spread,0.019204
TMO,21,68,macro_hy_spread_chg_5d,0.004259
TMO,21,68,macro_breakeven_5y,0.015708
TMO,21,68,macro_inflation_fwd_5y5y,0.008182
TMO,21,68,macro_inflation_fwd_chg_21d,0.008083
TMO,21,68,macro_inflation_fwd_abs_chg_21d,0.00679
TMO,21,68,macro_inflation_fwd_chg_63d,0.011204
TMO,21,68,macro_inflation_fwd_zscore,0.006673
TMO,21,68,macro_dollar_ret,0.0
TMO,21,68,beta_spy,0.0223
TMO,21,68,res_vol,0.01801
TMO,21,68,res_vol_vel,0.008303
TMO,21,68,price_regime,0.052259
TMO,21,68,corr_sector_21d,0.028583
TMO,21,68,corr_sector_252d,0.017404
TMO,21,68,sector_wedge,0.021537
TMO,21,69,rv_5d,0.072989
TMO,21,69,rv_10d,0.227613
TMO,21,69,rv_21d,0.019159
TMO,21,69,rv_63d,0.025429
TMO,21,69,rv_126d,0.013648
TMO,21,69,ewma_vol,0.013546
TMO,21,69,garch_cond_vol,0.012931
TMO,21,69,ret_TARGET,0.0
TMO,21,69,tech_RSI,0.007724
TMO,21,69,tech_MACD_hist,0.009879
TMO,21,69,ret_VIXY,0.004239
TMO,21,69,mom21_VIXY,0.016343
TMO,21,69,ret_HYG,0.004201
TMO,21,69,mom21_HYG,0.012833
TMO,21,69,ret_USO,0.0
TMO,21,69,mom21_USO,0.018089
TMO,21,69,ret_TLT,0.0
TMO,21,69,mom21_TLT,0.005526
TMO,21,69,ret_UUP,0.0
TMO,21,69,mom21_UUP,0.010111
TMO,21,69,ret_SPY,0.0
TMO,21,69,mom21_SPY,0.009907
TMO,21,69,vol_vel,0.004315
TMO,21,69,vol_of_vol,0.012779
TMO,21,69,vol_regime_zscore,0.017295
TMO,21,69,vol_chg_21d,0.006963
TMO,21,69,event_fed_gravity,0.026094
TMO,21,69,event_earn_gravity,0.0
TMO,21,69,event_div_gravity,0.0
TMO,21,69,event_cpi_gravity,0.032864
TMO,21,69,event_nfp_gravity,0.027218
TMO,21,69,put_call_skew_30d,0.004493
TMO,21,69,term_structure_slope,0.068701
TMO,21,69,vrp_wedge,0.01101
TMO,21,69,iv_atm_z_score,0.058606
TMO,21,69,macro_yield_curve_slope,0.008888
TMO,21,69,macro_hy_spread,0.018087
TMO,21,69,macro_hy_spread_chg_5d,0.004005
TMO,21,69,macro_breakeven_5y,0.013634
TMO,21,69,macro_inflation_fwd_5y5y,0.010404
TMO,21,69,macro_inflation_fwd_chg_21d,0.006213
TMO,21,69,macro_inflation_fwd_abs_chg_21d,0.006397
TMO,21,69,macro_inflation_fwd_chg_63d,0.01057
TMO,21,69,macro_inflation_fwd_zscore,0.00597
TMO,21,69,macro_dollar_ret,0.0
TMO,21,69,beta_spy,0.020534
TMO,21,69,res_vol,0.014685
TMO,21,69,res_vol_vel,0.006118
TMO,21,69,price_regime,0.055817
TMO,21,69,corr_sector_21d,0.02226
TMO,21,69,corr_sector_252d,0.019109
TMO,21,69,sector_wedge,0.0228
TMO,21,70,rv_5d,0.098729
TMO,21,70,rv_10d,0.145231
TMO,21,70,rv_21d,0.021953
TMO,21,70,rv_63d,0.030154
TMO,21,70,rv_126d,0.016544
TMO,21,70,ewma_vol,0.007713
TMO,21,70,garch_cond_vol,0.028823
TMO,21,70,ret_TARGET,0.0
TMO,21,70,tech_RSI,0.0
TMO,21,70,tech_MACD_hist,0.0104
TMO,21,70,ret_VIXY,0.006181
TMO,21,70,mom21_VIXY,0.018534
TMO,21,70,ret_HYG,0.004138
TMO,21,70,mom21_HYG,0.009374
TMO,21,70,ret_USO,0.0
TMO,21,70,mom21_USO,0.018689
TMO,21,70,ret_TLT,0.0
TMO,21,70,mom21_TLT,0.006423
TMO,21,70,ret_UUP,0.0
TMO,21,70,mom21_UUP,0.009544
TMO,21,70,ret_SPY,0.006213
TMO,21,70,mom21_SPY,0.010543
TMO,21,70,vol_vel,0.004591
TMO,21,70,vol_of_vol,0.012521
TMO,21,70,vol_regime_zscore,0.020355
TMO,21,70,vol_chg_21d,0.006092
TMO,21,70,event_fed_gravity,0.035571
TMO,21,70,event_earn_gravity,0.0
TMO,21,70,event_div_gravity,0.0
TMO,21,70,event_cpi_gravity,0.021256
TMO,21,70,event_nfp_gravity,0.025437
TMO,21,70,put_call_skew_30d,0.005311
TMO,21,70,term_structure_slope,0.079638
TMO,21,70,vrp_wedge,0.011996
TMO,21,70,iv_atm_z_score,0.066529
TMO,21,70,macro_yield_curve_slope,0.01003
TMO,21,70,macro_hy_spread,0.01998
TMO,21,70,macro_hy_spread_chg_5d,0.004724
TMO,21,70,macro_breakeven_5y,0.015413
TMO,21,70,macro_inflation_fwd_5y5y,0.011102
TMO,21,70,macro_inflation_fwd_chg_21d,0.006815
TMO,21,70,macro_inflation_fwd_abs_chg_21d,0.004407
TMO,21,70,macro_inflation_fwd_chg_63d,0.009634
TMO,21,70,macro_inflation_fwd_zscore,0.006874
TMO,21,70,macro_dollar_ret,0.0
TMO,21,70,beta_spy,0.023375
TMO,21,70,res_vol,0.017428
TMO,21,70,res_vol_vel,0.008905
TMO,21,70,price_regime,0.05771
TMO,21,70,corr_sector_21d,0.020539
TMO,21,70,corr_sector_252d,0.023957
TMO,21,70,sector_wedge,0.020623
TMO,21,71,rv_5d,0.083719
TMO,21,71,rv_10d,0.149875
TMO,21,71,rv_21d,0.028001
TMO,21,71,rv_63d,0.030283
TMO,21,71,rv_126d,0.015738
TMO,21,71,ewma_vol,0.006914
TMO,21,71,garch_cond_vol,0.027371
TMO,21,71,ret_TARGET,0.0
TMO,21,71,tech_RSI,0.007938
TMO,21,71,tech_MACD_hist,0.0129
TMO,21,71,ret_VIXY,0.006367
TMO,21,71,mom21_VIXY,0.017688
TMO,21,71,ret_HYG,0.0
TMO,21,71,mom21_HYG,0.012153
TMO,21,71,ret_USO,0.0
TMO,21,71,mom21_USO,0.018745
TMO,21,71,ret_TLT,0.0
TMO,21,71,mom21_TLT,0.005336
TMO,21,71,ret_UUP,0.0
TMO,21,71,mom21_UUP,0.01125
TMO,21,71,ret_SPY,0.005771
TMO,21,71,mom21_SPY,0.0092
TMO,21,71,vol_vel,0.004546
TMO,21,71,vol_of_vol,0.011451
TMO,21,71,vol_regime_zscore,0.021761
TMO,21,71,vol_chg_21d,0.006493
TMO,21,71,event_fed_gravity,0.02737
TMO,21,71,event_earn_gravity,0.0
TMO,21,71,event_div_gravity,0.0
TMO,21,71,event_cpi_gravity,0.030783
TMO,21,71,event_nfp_gravity,0.025371
TMO,21,71,put_call_skew_30d,0.006315
TMO,21,71,term_structure_slope,0.077443
TMO,21,71,vrp_wedge,0.011075
TMO,21,71,iv_atm_z_score,0.063689
TMO,21,71,macro_yield_curve_slope,0.010279
TMO,21,71,macro_hy_spread,0.018866
TMO,21,71,macro_hy_spread_chg_5d,0.006248
TMO,21,71,macro_breakeven_5y,0.017075
TMO,21,71,macro_inflation_fwd_5y5y,0.012854
TMO,21,71,macro_inflation_fwd_chg_21d,0.008113
TMO,21,71,macro_inflation_fwd_abs_chg_21d,0.004446
TMO,21,71,macro_inflation_fwd_chg_63d,0.009251
TMO,21,71,macro_inflation_fwd_zscore,0.014429
TMO,21,71,macro_dollar_ret,0.0
TMO,21,71,beta_spy,0.021034
TMO,21,71,res_vol,0.017502
TMO,21,71,res_vol_vel,0.006956
TMO,21,71,price_regime,0.044206
TMO,21,71,corr_sector_21d,0.017984
TMO,21,71,corr_sector_252d,0.023318
TMO,21,71,sector_wedge,0.0319
TMO,21,72,rv_5d,0.113928
TMO,21,72,rv_10d,0.171417
TMO,21,72,rv_21d,0.02588
TMO,21,72,rv_63d,0.032273
TMO,21,72,rv_126d,0.013359
TMO,21,72,ewma_vol,0.00752
TMO,21,72,garch_cond_vol,0.0
TMO,21,72,ret_TARGET,0.0
TMO,21,72,tech_RSI,0.0
TMO,21,72,tech_MACD_hist,0.009301
TMO,21,72,ret_VIXY,0.005544
TMO,21,72,mom21_VIXY,0.01719
TMO,21,72,ret_HYG,0.004033
TMO,21,72,mom21_HYG,0.009511
TMO,21,72,ret_USO,0.0
TMO,21,72,mom21_USO,0.019852
TMO,21,72,ret_TLT,0.0
TMO,21,72,mom21_TLT,0.006936
TMO,21,72,ret_UUP,0.0
TMO,21,72,mom21_UUP,0.010031
TMO,21,72,ret_SPY,0.0
TMO,21,72,mom21_SPY,0.010578
TMO,21,72,vol_vel,0.004879
TMO,21,72,vol_of_vol,0.01285
TMO,21,72,vol_regime_zscore,0.019906
TMO,21,72,vol_chg_21d,0.007522
TMO,21,72,event_fed_gravity,0.031677
TMO,21,72,event_earn_gravity,0.0
TMO,21,72,event_div_gravity,0.0
TMO,21,72,event_cpi_gravity,0.027292
TMO,21,72,event_nfp_gravity,0.031844
TMO,21,72,put_call_skew_30d,0.005146
TMO,21,72,term_structure_slope,0.063025
TMO,21,72,vrp_wedge,0.00945
TMO,21,72,iv_atm_z_score,0.060062
TMO,21,72,macro_yield_curve_slope,0.01558
TMO,21,72,macro_hy_spread,0.020551
TMO,21,72,macro_hy_spread_chg_5d,0.004177
TMO,21,72,macro_breakeven_5y,0.014241
TMO,21,72,macro_inflation_fwd_5y5y,0.018869
TMO,21,72,macro_inflation_fwd_chg_21d,0.008855
TMO,21,72,macro_inflation_fwd_abs_chg_21d,0.005657
TMO,21,72,macro_inflation_fwd_chg_63d,0.011721
TMO,21,72,macro_inflation_fwd_zscore,0.005691
TMO,21,72,macro_dollar_ret,0.0
TMO,21,72,beta_spy,0.019498
TMO,21,72,res_vol,0.015958
TMO,21,72,res_vol_vel,0.008923
TMO,21,72,price_regime,0.043349
TMO,21,72,corr_sector_21d,0.022718
TMO,21,72,corr_sector_252d,0.02447
TMO,21,72,sector_wedge,0.028732
TMO,21,73,rv_5d,0.09919
TMO,21,73,rv_10d,0.164273
TMO,21,73,rv_21d,0.030872
TMO,21,73,rv_63d,0.030755
TMO,21,73,rv_126d,0.015121
TMO,21,73,ewma_vol,0.007758
TMO,21,73,garch_cond_vol,0.022035
TMO,21,73,ret_TARGET,0.0
TMO,21,73,tech_RSI,0.0
TMO,21,73,tech_MACD_hist,0.01032
TMO,21,73,ret_VIXY,0.004918
TMO,21,73,mom21_VIXY,0.018128
TMO,21,73,ret_HYG,0.0
TMO,21,73,mom21_HYG,0.012459
TMO,21,73,ret_USO,0.0
TMO,21,73,mom21_USO,0.017858
TMO,21,73,ret_TLT,0.0
TMO,21,73,mom21_TLT,0.006809
TMO,21,73,ret_UUP,0.0
TMO,21,73,mom21_UUP,0.01147
TMO,21,73,ret_SPY,0.0
TMO,21,73,mom21_SPY,0.008942
TMO,21,73,vol_vel,0.004308
TMO,21,73,vol_of_vol,0.015273
TMO,21,73,vol_regime_zscore,0.016251
TMO,21,73,vol_chg_21d,0.007904
TMO,21,73,event_fed_gravity,0.023488
TMO,21,73,event_earn_gravity,0.0
TMO,21,73,event_div_gravity,0.0
TMO,21,73,event_cpi_gravity,0.028799
TMO,21,73,event_nfp_gravity,0.026418
TMO,21,73,put_call_skew_30d,0.004798
TMO,21,73,term_structure_slope,0.079535
TMO,21,73,vrp_wedge,0.013019
TMO,21,73,iv_atm_z_score,0.058255
TMO,21,73,macro_yield_curve_slope,0.01386
TMO,21,73,macro_hy_spread,0.021184
TMO,21,73,macro_hy_spread_chg_5d,0.004782
TMO,21,73,macro_breakeven_5y,0.019166
TMO,21,73,macro_inflation_fwd_5y5y,0.012576
TMO,21,73,macro_inflation_fwd_chg_21d,0.008772
TMO,21,73,macro_inflation_fwd_abs_chg_21d,0.004029
TMO,21,73,macro_inflation_fwd_chg_63d,0.008665
TMO,21,73,macro_inflation_fwd_zscore,0.007577
TMO,21,73,macro_dollar_ret,0.0
TMO,21,73,beta_spy,0.018886
TMO,21,73,res_vol,0.015829
TMO,21,73,res_vol_vel,0.008213
TMO,21,73,price_regime,0.038398
TMO,21,73,corr_sector_21d,0.02827
TMO,21,73,corr_sector_252d,0.025107
TMO,21,73,sector_wedge,0.025729
TMO,21,74,rv_5d,0.095997
TMO,21,74,rv_10d,0.136121
TMO,21,74,rv_21d,0.030409
TMO,21,74,rv_63d,0.028802
TMO,21,74,rv_126d,0.017667
TMO,21,74,ewma_vol,0.008335
TMO,21,74,garch_cond_vol,0.00406
TMO,21,74,ret_TARGET,0.0
TMO,21,74,tech_RSI,0.0
TMO,21,74,tech_MACD_hist,0.0086
TMO,21,74,ret_VIXY,0.005269
TMO,21,74,mom21_VIXY,0.013649
TMO,21,74,ret_HYG,0.004054
TMO,21,74,mom21_HYG,0.008315
TMO,21,74,ret_USO,0.0
TMO,21,74,mom21_USO,0.01755
TMO,21,74,ret_TLT,0.0
TMO,21,74,mom21_TLT,0.006234
TMO,21,74,ret_UUP,0.007523
TMO,21,74,mom21_UUP,0.009193
TMO,21,74,ret_SPY,0.0
TMO,21,74,mom21_SPY,0.011236
TMO,21,74,vol_vel,0.005409
TMO,21,74,vol_of_vol,0.013607
TMO,21,74,vol_regime_zscore,0.01941
TMO,21,74,vol_chg_21d,0.007632
TMO,21,74,event_fed_gravity,0.03585
TMO,21,74,event_earn_gravity,0.0
TMO,21,74,event_div_gravity,0.0
TMO,21,74,event_cpi_gravity,0.032078
TMO,21,74,event_nfp_gravity,0.026137
TMO,21,74,put_call_skew_30d,0.005725
TMO,21,74,term_structure_slope,0.068465
TMO,21,74,vrp_wedge,0.008898
TMO,21,74,iv_atm_z_score,0.064837
TMO,21,74,macro_yield_curve_slope,0.01503
TMO,21,74,macro_hy_spread,0.02053
TMO,21,74,macro_hy_spread_chg_5d,0.004752
TMO,21,74,macro_breakeven_5y,0.013548
TMO,21,74,macro_inflation_fwd_5y5y,0.018157
TMO,21,74,macro_inflation_fwd_chg_21d,0.010225
TMO,21,74,macro_inflation_fwd_abs_chg_21d,0.004855
TMO,21,74,macro_inflation_fwd_chg_63d,0.014585
TMO,21,74,macro_inflation_fwd_zscore,0.015695
TMO,21,74,macro_dollar_ret,0.0
TMO,21,74,beta_spy,0.021674
TMO,21,74,res_vol,0.019567
TMO,21,74,res_vol_vel,0.008101
TMO,21,74,price_regime,0.057925
TMO,21,74,corr_sector_21d,0.029352
TMO,21,74,corr_sector_252d,0.025962
TMO,21,74,sector_wedge,0.018979
TMO,21,75,rv_5d,0.116676
TMO,21,75,rv_10d,0.144809
TMO,21,75,rv_21d,0.023708
TMO,21,75,rv_63d,0.028242
TMO,21,75,rv_126d,0.017092
TMO,21,75,ewma_vol,0.007818
TMO,21,75,garch_cond_vol,0.005888
TMO,21,75,ret_TARGET,0.0
TMO,21,75,tech_RSI,0.0
TMO,21,75,tech_MACD_hist,0.007292
TMO,21,75,ret_VIXY,0.004686
TMO,21,75,mom21_VIXY,0.016379
TMO,21,75,ret_HYG,0.003846
TMO,21,75,mom21_HYG,0.010265
TMO,21,75,ret_USO,0.003927
TMO,21,75,mom21_USO,0.020389
TMO,21,75,ret_TLT,0.0
TMO,21,75,mom21_TLT,0.006433
TMO,21,75,ret_UUP,0.0
TMO,21,75,mom21_UUP,0.009202
TMO,21,75,ret_SPY,0.0
TMO,21,75,mom21_SPY,0.009141
TMO,21,75,vol_vel,0.004581
TMO,21,75,vol_of_vol,0.01463
TMO,21,75,vol_regime_zscore,0.019492
TMO,21,75,vol_chg_21d,0.007255
TMO,21,75,event_fed_gravity,0.027669
TMO,21,75,event_earn_gravity,0.0
TMO,21,75,event_div_gravity,0.0
TMO,21,75,event_cpi_gravity,0.029414
TMO,21,75,event_nfp_gravity,0.04129
TMO,21,75,put_call_skew_30d,0.006484
TMO,21,75,term_structure_slope,0.074722
TMO,21,75,vrp_wedge,0.008863
TMO,21,75,iv_atm_z_score,0.064143
TMO,21,75,macro_yield_curve_slope,0.012602
TMO,21,75,macro_hy_spread,0.019153
TMO,21,75,macro_hy_spread_chg_5d,0.0043
TMO,21,75,macro_breakeven_5y,0.013708
TMO,21,75,macro_inflation_fwd_5y5y,0.012394
TMO,21,75,macro_inflation_fwd_chg_21d,0.010758
TMO,21,75,macro_inflation_fwd_abs_chg_21d,0.0
TMO,21,75,macro_inflation_fwd_chg_63d,0.009059
TMO,21,75,macro_inflation_fwd_zscore,0.007676
TMO,21,75,macro_dollar_ret,0.0
TMO,21,75,beta_spy,0.019633
TMO,21,75,res_vol,0.018939
TMO,21,75,res_vol_vel,0.00631
TMO,21,75,price_regime,0.049042
TMO,21,75,corr_sector_21d,0.024395
TMO,21,75,corr_sector_252d,0.02835
TMO,21,75,sector_wedge,0.029343
TMO,21,76,rv_5d,0.099177
TMO,21,76,rv_10d,0.152214
TMO,21,76,rv_21d,0.023883
TMO,21,76,rv_63d,0.027313
TMO,21,76,rv_126d,0.014744
TMO,21,76,ewma_vol,0.007876
TMO,21,76,garch_cond_vol,0.019059
TMO,21,76,ret_TARGET,0.0
TMO,21,76,tech_RSI,0.0
TMO,21,76,tech_MACD_hist,0.010785
TMO,21,76,ret_VIXY,0.005105
TMO,21,76,mom21_VIXY,0.014045
TMO,21,76,ret_HYG,0.005115
TMO,21,76,mom21_HYG,0.007674
TMO,21,76,ret_USO,0.0
TMO,21,76,mom21_USO,0.018171
TMO,21,76,ret_TLT,0.0
TMO,21,76,mom21_TLT,0.006144
TMO,21,76,ret_UUP,0.0
TMO,21,76,mom21_UUP,0.011928
TMO,21,76,ret_SPY,0.0
TMO,21,76,mom21_SPY,0.00881
TMO,21,76,vol_vel,0.003932
TMO,21,76,vol_of_vol,0.011849
TMO,21,76,vol_regime_zscore,0.02072
TMO,21,76,vol_chg_21d,0.007786
TMO,21,76,event_fed_gravity,0.030133
TMO,21,76,event_earn_gravity,0.0
TMO,21,76,event_div_gravity,0.0
TMO,21,76,event_cpi_gravity,0.028583
TMO,21,76,event_nfp_gravity,0.032741
TMO,21,76,put_call_skew_30d,0.005981
TMO,21,76,term_structure_slope,0.087283
TMO,21,76,vrp_wedge,0.009752
TMO,21,76,iv_atm_z_score,0.064996
TMO,21,76,macro_yield_curve_slope,0.012878
TMO,21,76,macro_hy_spread,0.020743
TMO,21,76,macro_hy_spread_chg_5d,0.004585
TMO,21,76,macro_breakeven_5y,0.013745
TMO,21,76,macro_inflation_fwd_5y5y,0.015694
TMO,21,76,macro_inflation_fwd_chg_21d,0.009633
TMO,21,76,macro_inflation_fwd_abs_chg_21d,0.004919
TMO,21,76,macro_inflation_fwd_chg_63d,0.011178
TMO,21,76,macro_inflation_fwd_zscore,0.005513
TMO,21,76,macro_dollar_ret,0.0
TMO,21,76,beta_spy,0.02079
TMO,21,76,res_vol,0.016119
TMO,21,76,res_vol_vel,0.005577
TMO,21,76,price_regime,0.047715
TMO,21,76,corr_sector_21d,0.023254
TMO,21,76,corr_sector_252d,0.027019
TMO,21,76,sector_wedge,0.024841
TMO,21,77,rv_5d,0.094154
TMO,21,77,rv_10d,0.125629
TMO,21,77,rv_21d,0.043589
TMO,21,77,rv_63d,0.018945
TMO,21,77,rv_126d,0.016392
TMO,21,77,ewma_vol,0.011609
TMO,21,77,garch_cond_vol,0.029568
TMO,21,77,ret_TARGET,0.0
TMO,21,77,tech_RSI,0.0
TMO,21,77,tech_MACD_hist,0.007576
TMO,21,77,ret_VIXY,0.004896
TMO,21,77,mom21_VIXY,0.013221
TMO,21,77,ret_HYG,0.0
TMO,21,77,mom21_HYG,0.009385
TMO,21,77,ret_USO,0.003829
TMO,21,77,mom21_USO,0.025435
TMO,21,77,ret_TLT,0.0
TMO,21,77,mom21_TLT,0.004589
TMO,21,77,ret_UUP,0.0
TMO,21,77,mom21_UUP,0.009946
TMO,21,77,ret_SPY,0.0
TMO,21,77,mom21_SPY,0.008867
TMO,21,77,vol_vel,0.004447
TMO,21,77,vol_of_vol,0.011415
TMO,21,77,vol_regime_zscore,0.014904
TMO,21,77,vol_chg_21d,0.016054
TMO,21,77,event_fed_gravity,0.024071
TMO,21,77,event_earn_gravity,0.0
TMO,21,77,event_div_gravity,0.0
TMO,21,77,event_cpi_gravity,0.030041
TMO,21,77,event_nfp_gravity,0.022406
TMO,21,77,put_call_skew_30d,0.030109
TMO,21,77,term_structure_slope,0.096802
TMO,21,77,vrp_wedge,0.011477
TMO,21,77,iv_atm_z_score,0.052772
TMO,21,77,macro_yield_curve_slope,0.021465
TMO,21,77,macro_hy_spread,0.017152
TMO,21,77,macro_hy_spread_chg_5d,0.004889
TMO,21,77,macro_breakeven_5y,0.014336
TMO,21,77,macro_inflation_fwd_5y5y,0.009761
TMO,21,77,macro_inflation_fwd_chg_21d,0.008214
TMO,21,77,macro_inflation_fwd_abs_chg_21d,0.0061
TMO,21,77,macro_inflation_fwd_chg_63d,0.013728
TMO,21,77,macro_inflation_fwd_zscore,0.006304
TMO,21,77,macro_dollar_ret,0.0
TMO,21,77,beta_spy,0.015699
TMO,21,77,res_vol,0.016084
TMO,21,77,res_vol_vel,0.008047
TMO,21,77,price_regime,0.0428
TMO,21,77,corr_sector_21d,0.030448
TMO,21,77,corr_sector_252d,0.020309
TMO,21,77,sector_wedge,0.022535
TMO,21,78,rv_5d,0.116611
TMO,21,78,rv_10d,0.146743
TMO,21,78,rv_21d,0.04311
TMO,21,78,rv_63d,0.02155
TMO,21,78,rv_126d,0.01547
TMO,21,78,ewma_vol,0.050194
TMO,21,78,garch_cond_vol,0.0
TMO,21,78,ret_TARGET,0.0
TMO,21,78,tech_RSI,0.0
TMO,21,78,tech_MACD_hist,0.010829
TMO,21,78,ret_VIXY,0.004349
TMO,21,78,mom21_VIXY,0.011605
TMO,21,78,ret_HYG,0.0
TMO,21,78,mom21_HYG,0.007423
TMO,21,78,ret_USO,0.00387
TMO,21,78,mom21_USO,0.022663
TMO,21,78,ret_TLT,0.0
TMO,21,78,mom21_TLT,0.003634
TMO,21,78,ret_UUP,0.003017
TMO,21,78,mom21_UUP,0.011139
TMO,21,78,ret_SPY,0.0
TMO,21,78,mom21_SPY,0.007156
TMO,21,78,vol_vel,0.004004
TMO,21,78,vol_of_vol,0.006473
TMO,21,78,vol_regime_zscore,0.016162
TMO,21,78,vol_chg_21d,0.005093
TMO,21,78,event_fed_gravity,0.019392
TMO,21,78,event_earn_gravity,0.0
TMO,21,78,event_div_gravity,0.0
TMO,21,78,event_cpi_gravity,0.017504
TMO,21,78,event_nfp_gravity,0.025738
TMO,21,78,put_call_skew_30d,0.037973
TMO,21,78,term_structure_slope,0.078277
TMO,21,78,vrp_wedge,0.018225
TMO,21,78,iv_atm_z_score,0.058492
TMO,21,78,macro_yield_curve_slope,0.023059
TMO,21,78,macro_hy_spread,0.016534
TMO,21,78,macro_hy_spread_chg_5d,0.004547
TMO,21,78,macro_breakeven_5y,0.011383
TMO,21,78,macro_inflation_fwd_5y5y,0.020298
TMO,21,78,macro_inflation_fwd_chg_21d,0.00736
TMO,21,78,macro_inflation_fwd_abs_chg_21d,0.004886
TMO,21,78,macro_inflation_fwd_chg_63d,0.008952
TMO,21,78,macro_inflation_fwd_zscore,0.007293
TMO,21,78,macro_dollar_ret,0.0
TMO,21,78,beta_spy,0.015034
TMO,21,78,res_vol,0.013761
TMO,21,78,res_vol_vel,0.005137
TMO,21,78,price_regime,0.039881
TMO,21,78,corr_sector_21d,0.019088
TMO,21,78,corr_sector_252d,0.017365
TMO,21,78,sector_wedge,0.018726
TMO,21,79,rv_5d,0.138245
TMO,21,79,rv_10d,0.159069
TMO,21,79,rv_21d,0.054758
TMO,21,79,rv_63d,0.019712
TMO,21,79,rv_126d,0.01601
TMO,21,79,ewma_vol,0.039006
TMO,21,79,garch_cond_vol,0.004388
TMO,21,79,ret_TARGET,0.00521
TMO,21,79,tech_RSI,0.003569
TMO,21,79,tech_MACD_hist,0.008793
TMO,21,79,ret_VIXY,0.004598
TMO,21,79,mom21_VIXY,0.012507
TMO,21,79,ret_HYG,0.0
TMO,21,79,mom21_HYG,0.009071
TMO,21,79,ret_USO,0.0
TMO,21,79,mom21_USO,0.021486
TMO,21,79,ret_TLT,0.0
TMO,21,79,mom21_TLT,0.003372
TMO,21,79,ret_UUP,0.0
TMO,21,79,mom21_UUP,0.010711
TMO,21,79,ret_SPY,0.003536
TMO,21,79,mom21_SPY,0.006388
TMO,21,79,vol_vel,0.006118
TMO,21,79,vol_of_vol,0.005509
TMO,21,79,vol_regime_zscore,0.015117
TMO,21,79,vol_chg_21d,0.006526
TMO,21,79,event_fed_gravity,0.015857
TMO,21,79,event_earn_gravity,0.0
TMO,21,79,event_div_gravity,0.0
TMO,21,79,event_cpi_gravity,0.017567
TMO,21,79,event_nfp_gravity,0.016258
TMO,21,79,put_call_skew_30d,0.05025
TMO,21,79,term_structure_slope,0.070191
TMO,21,79,vrp_wedge,0.015386
TMO,21,79,iv_atm_z_score,0.049758
TMO,21,79,macro_yield_curve_slope,0.020352
TMO,21,79,macro_hy_spread,0.014522
TMO,21,79,macro_hy_spread_chg_5d,0.003848
TMO,21,79,macro_breakeven_5y,0.009877
TMO,21,79,macro_inflation_fwd_5y5y,0.012986
TMO,21,79,macro_inflation_fwd_chg_21d,0.006728
TMO,21,79,macro_inflation_fwd_abs_chg_21d,0.008077
TMO,21,79,macro_inflation_fwd_chg_63d,0.006629
TMO,21,79,macro_inflation_fwd_zscore,0.005296
TMO,21,79,macro_dollar_ret,0.002785
TMO,21,79,beta_spy,0.014402
TMO,21,79,res_vol,0.010804
TMO,21,79,res_vol_vel,0.00411
TMO,21,79,price_regime,0.041487
TMO,21,79,corr_sector_21d,0.015368
TMO,21,79,corr_sector_252d,0.014779
TMO,21,79,sector_wedge,0.018986
TMO,21,80,rv_5d,0.108618
TMO,21,80,rv_10d,0.17386
TMO,21,80,rv_21d,0.039796
TMO,21,80,rv_63d,0.017841
TMO,21,80,rv_126d,0.014736
TMO,21,80,ewma_vol,0.031721
TMO,21,80,garch_cond_vol,0.007576
TMO,21,80,ret_TARGET,0.0
TMO,21,80,tech_RSI,0.0
TMO,21,80,tech_MACD_hist,0.008995
TMO,21,80,ret_VIXY,0.004407
TMO,21,80,mom21_VIXY,0.011265
TMO,21,80,ret_HYG,0.0
TMO,21,80,mom21_HYG,0.00947
TMO,21,80,ret_USO,0.003779
TMO,21,80,mom21_USO,0.023207
TMO,21,80,ret_TLT,0.0
TMO,21,80,mom21_TLT,0.003324
TMO,21,80,ret_UUP,0.0
TMO,21,80,mom21_UUP,0.010752
TMO,21,80,ret_SPY,0.002819
TMO,21,80,mom21_SPY,0.006668
TMO,21,80,vol_vel,0.005208
TMO,21,80,vol_of_vol,0.008015
TMO,21,80,vol_regime_zscore,0.017734
TMO,21,80,vol_chg_21d,0.010229
TMO,21,80,event_fed_gravity,0.015363
TMO,21,80,event_earn_gravity,0.0
TMO,21,80,event_div_gravity,0.0
TMO,21,80,event_cpi_gravity,0.019605
TMO,21,80,event_nfp_gravity,0.014004
TMO,21,80,put_call_skew_30d,0.045645
TMO,21,80,term_structure_slope,0.093146
TMO,21,80,vrp_wedge,0.014899
TMO,21,80,iv_atm_z_score,0.04778
TMO,21,80,macro_yield_curve_slope,0.021079
TMO,21,80,macro_hy_spread,0.016799
TMO,21,80,macro_hy_spread_chg_5d,0.018625
TMO,21,80,macro_breakeven_5y,0.009297
TMO,21,80,macro_inflation_fwd_5y5y,0.01648
TMO,21,80,macro_inflation_fwd_chg_21d,0.008144
TMO,21,80,macro_inflation_fwd_abs_chg_21d,0.003601
TMO,21,80,macro_inflation_fwd_chg_63d,0.008434
TMO,21,80,macro_inflation_fwd_zscore,0.004937
TMO,21,80,macro_dollar_ret,0.0
TMO,21,80,beta_spy,0.011522
TMO,21,80,res_vol,0.011659
TMO,21,80,res_vol_vel,0.004059
TMO,21,80,price_regime,0.037803
TMO,21,80,corr_sector_21d,0.017368
TMO,21,80,corr_sector_252d,0.017433
TMO,21,80,sector_wedge,0.022299
TMO,21,81,rv_5d,0.112439
TMO,21,81,rv_10d,0.165285
TMO,21,81,rv_21d,0.050404
TMO,21,81,rv_63d,0.016453
TMO,21,81,rv_126d,0.016694
TMO,21,81,ewma_vol,0.027405
TMO,21,81,garch_cond_vol,0.005231
TMO,21,81,ret_TARGET,0.0
TMO,21,81,tech_RSI,0.005303
TMO,21,81,tech_MACD_hist,0.011026
TMO,21,81,ret_VIXY,0.004887
TMO,21,81,mom21_VIXY,0.012453
TMO,21,81,ret_HYG,0.0
TMO,21,81,mom21_HYG,0.009857
TMO,21,81,ret_USO,0.0
TMO,21,81,mom21_USO,0.021171
TMO,21,81,ret_TLT,0.0
TMO,21,81,mom21_TLT,0.009001
TMO,21,81,ret_UUP,0.0
TMO,21,81,mom21_UUP,0.009458
TMO,21,81,ret_SPY,0.0
TMO,21,81,mom21_SPY,0.007486
TMO,21,81,vol_vel,0.003692
TMO,21,81,vol_of_vol,0.008865
TMO,21,81,vol_regime_zscore,0.017469
TMO,21,81,vol_chg_21d,0.00928
TMO,21,81,event_fed_gravity,0.016706
TMO,21,81,event_earn_gravity,0.0
TMO,21,81,event_div_gravity,0.0
TMO,21,81,event_cpi_gravity,0.015826
TMO,21,81,event_nfp_gravity,0.01851
TMO,21,81,put_call_skew_30d,0.067775
TMO,21,81,term_structure_slope,0.074489
TMO,21,81,vrp_wedge,0.015492
TMO,21,81,iv_atm_z_score,0.042631
TMO,21,81,macro_yield_curve_slope,0.019243
TMO,21,81,macro_hy_spread,0.015687
TMO,21,81,macro_hy_spread_chg_5d,0.021453
TMO,21,81,macro_breakeven_5y,0.007701
TMO,21,81,macro_inflation_fwd_5y5y,0.016643
TMO,21,81,macro_inflation_fwd_chg_21d,0.007105
TMO,21,81,macro_inflation_fwd_abs_chg_21d,0.00544
TMO,21,81,macro_inflation_fwd_chg_63d,0.009629
TMO,21,81,macro_inflation_fwd_zscore,0.009852
TMO,21,81,macro_dollar_ret,0.002849
TMO,21,81,beta_spy,0.012107
TMO,21,81,res_vol,0.012591
TMO,21,81,res_vol_vel,0.003331
TMO,21,81,price_regime,0.035347
TMO,21,81,corr_sector_21d,0.013551
TMO,21,81,corr_sector_252d,0.015336
TMO,21,81,sector_wedge,0.016849
TMO,21,82,rv_5d,0.101849
TMO,21,82,rv_10d,0.172748
TMO,21,82,rv_21d,0.05445
TMO,21,82,rv_63d,0.022724
TMO,21,82,rv_126d,0.019248
TMO,21,82,ewma_vol,0.013879
TMO,21,82,garch_cond_vol,0.005094
TMO,21,82,ret_TARGET,0.0
TMO,21,82,tech_RSI,0.0
TMO,21,82,tech_MACD_hist,0.011044
TMO,21,82,ret_VIXY,0.004662
TMO,21,82,mom21_VIXY,0.010806
TMO,21,82,ret_HYG,0.0
TMO,21,82,mom21_HYG,0.009515
TMO,21,82,ret_USO,0.003302
TMO,21,82,mom21_USO,0.023902
TMO,21,82,ret_TLT,0.0
TMO,21,82,mom21_TLT,0.018662
TMO,21,82,ret_UUP,0.0
TMO,21,82,mom21_UUP,0.011377
TMO,21,82,ret_SPY,0.0
TMO,21,82,mom21_SPY,0.006889
TMO,21,82,vol_vel,0.005623
TMO,21,82,vol_of_vol,0.006962
TMO,21,82,vol_regime_zscore,0.01664
TMO,21,82,vol_chg_21d,0.005439
TMO,21,82,event_fed_gravity,0.015509
TMO,21,82,event_earn_gravity,0.0
TMO,21,82,event_div_gravity,0.0
TMO,21,82,event_cpi_gravity,0.017956
TMO,21,82,event_nfp_gravity,0.016232
TMO,21,82,put_call_skew_30d,0.070764
TMO,21,82,term_structure_slope,0.082475
TMO,21,82,vrp_wedge,0.011926
TMO,21,82,iv_atm_z_score,0.041934
TMO,21,82,macro_yield_curve_slope,0.020527
TMO,21,82,macro_hy_spread,0.014548
TMO,21,82,macro_hy_spread_chg_5d,0.006543
TMO,21,82,macro_breakeven_5y,0.008148
TMO,21,82,macro_inflation_fwd_5y5y,0.014858
TMO,21,82,macro_inflation_fwd_chg_21d,0.006875
TMO,21,82,macro_inflation_fwd_abs_chg_21d,0.005744
TMO,21,82,macro_inflation_fwd_chg_63d,0.006618
TMO,21,82,macro_inflation_fwd_zscore,0.018519
TMO,21,82,macro_dollar_ret,0.003236
TMO,21,82,beta_spy,0.014166
TMO,21,82,res_vol,0.014991
TMO,21,82,res_vol_vel,0.003556
TMO,21,82,price_regime,0.02863
TMO,21,82,corr_sector_21d,0.016525
TMO,21,82,corr_sector_252d,0.015399
TMO,21,82,sector_wedge,0.019506
TMO,21,83,rv_5d,0.084087
TMO,21,83,rv_10d,0.182185
TMO,21,83,rv_21d,0.065541
TMO,21,83,rv_63d,0.018916
TMO,21,83,rv_126d,0.018636
TMO,21,83,ewma_vol,0.028893
TMO,21,83,garch_cond_vol,0.013697
TMO,21,83,ret_TARGET,0.0
TMO,21,83,tech_RSI,0.005204
TMO,21,83,tech_MACD_hist,0.010946
TMO,21,83,ret_VIXY,0.004769
TMO,21,83,mom21_VIXY,0.011994
TMO,21,83,ret_HYG,0.0
TMO,21,83,mom21_HYG,0.007939
TMO,21,83,ret_USO,0.0
TMO,21,83,mom21_USO,0.022441
TMO,21,83,ret_TLT,0.0
TMO,21,83,mom21_TLT,0.0
TMO,21,83,ret_UUP,0.0
TMO,21,83,mom21_UUP,0.008963
TMO,21,83,ret_SPY,0.0
TMO,21,83,mom21_SPY,0.007453
TMO,21,83,vol_vel,0.005456
TMO,21,83,vol_of_vol,0.006212
TMO,21,83,vol_regime_zscore,0.012326
TMO,21,83,vol_chg_21d,0.004659
TMO,21,83,event_fed_gravity,0.014079
TMO,21,83,event_earn_gravity,0.0
TMO,21,83,event_div_gravity,0.0
TMO,21,83,event_cpi_gravity,0.016647
TMO,21,83,event_nfp_gravity,0.016475
TMO,21,83,put_call_skew_30d,0.087266
TMO,21,83,term_structure_slope,0.064537
TMO,21,83,vrp_wedge,0.01206
TMO,21,83,iv_atm_z_score,0.043685
TMO,21,83,macro_yield_curve_slope,0.020088
TMO,21,83,macro_hy_spread,0.013909
TMO,21,83,macro_hy_spread_chg_5d,0.020951
TMO,21,83,macro_breakeven_5y,0.007845
TMO,21,83,macro_inflation_fwd_5y5y,0.013334
TMO,21,83,macro_inflation_fwd_chg_21d,0.006905
TMO,21,83,macro_inflation_fwd_abs_chg_21d,0.004196
TMO,21,83,macro_inflation_fwd_chg_63d,0.009306
TMO,21,83,macro_inflation_fwd_zscore,0.013978
TMO,21,83,macro_dollar_ret,0.002811
TMO,21,83,beta_spy,0.012682
TMO,21,83,res_vol,0.013383
TMO,21,83,res_vol_vel,0.004
TMO,21,83,price_regime,0.031441
TMO,21,83,corr_sector_21d,0.017132
TMO,21,83,corr_sector_252d,0.015998
TMO,21,83,sector_wedge,0.016976
TMO,21,84,rv_5d,0.100012
TMO,21,84,rv_10d,0.196443
TMO,21,84,rv_21d,0.040894
TMO,21,84,rv_63d,0.016099
TMO,21,84,rv_126d,0.018307
TMO,21,84,ewma_vol,0.047683
TMO,21,84,garch_cond_vol,0.002858
TMO,21,84,ret_TARGET,0.0
TMO,21,84,tech_RSI,0.004004
TMO,21,84,tech_MACD_hist,0.01015
TMO,21,84,ret_VIXY,0.003932
TMO,21,84,mom21_VIXY,0.012806
TMO,21,84,ret_HYG,0.0
TMO,21,84,mom21_HYG,0.009887
TMO,21,84,ret_USO,0.00286
TMO,21,84,mom21_USO,0.019849
TMO,21,84,ret_TLT,0.0
TMO,21,84,mom21_TLT,0.007136
TMO,21,84,ret_UUP,0.0
TMO,21,84,mom21_UUP,0.010184
TMO,21,84,ret_SPY,0.0
TMO,21,84,mom21_SPY,0.006307
TMO,21,84,vol_vel,0.009041
TMO,21,84,vol_of_vol,0.004624
TMO,21,84,vol_regime_zscore,0.012265
TMO,21,84,vol_chg_21d,0.006421
TMO,21,84,event_fed_gravity,0.016859
TMO,21,84,event_earn_gravity,0.0
TMO,21,84,event_div_gravity,0.0
TMO,21,84,event_cpi_gravity,0.008974
TMO,21,84,event_nfp_gravity,0.017555
TMO,21,84,put_call_skew_30d,0.099016
TMO,21,84,term_structure_slope,0.055804
TMO,21,84,vrp_wedge,0.014566
TMO,21,84,iv_atm_z_score,0.037357
TMO,21,84,macro_yield_curve_slope,0.018255
TMO,21,84,macro_hy_spread,0.013477
TMO,21,84,macro_hy_spread_chg_5d,0.013845
TMO,21,84,macro_breakeven_5y,0.009343
TMO,21,84,macro_inflation_fwd_5y5y,0.014958
TMO,21,84,macro_inflation_fwd_chg_21d,0.005412
TMO,21,84,macro_inflation_fwd_abs_chg_21d,0.007693
TMO,21,84,macro_inflation_fwd_chg_63d,0.006725
TMO,21,84,macro_inflation_fwd_zscore,0.013961
TMO,21,84,macro_dollar_ret,0.0
TMO,21,84,beta_spy,0.012313
TMO,21,84,res_vol,0.013016
TMO,21,84,res_vol_vel,0.007342
TMO,21,84,price_regime,0.025206
TMO,21,84,corr_sector_21d,0.014202
TMO,21,84,corr_sector_252d,0.015435
TMO,21,84,sector_wedge,0.016925
TMO,21,85,rv_5d,0.105342
TMO,21,85,rv_10d,0.154845
TMO,21,85,rv_21d,0.048398
TMO,21,85,rv_63d,0.015674
TMO,21,85,rv_126d,0.017268
TMO,21,85,ewma_vol,0.032214
TMO,21,85,garch_cond_vol,0.025345
TMO,21,85,ret_TARGET,0.0
TMO,21,85,tech_RSI,0.003548
TMO,21,85,tech_MACD_hist,0.010175
TMO,21,85,ret_VIXY,0.004299
TMO,21,85,mom21_VIXY,0.010042
TMO,21,85,ret_HYG,0.0
TMO,21,85,mom21_HYG,0.012082
TMO,21,85,ret_USO,0.0
TMO,21,85,mom21_USO,0.018337
TMO,21,85,ret_TLT,0.0
TMO,21,85,mom21_TLT,0.008986
TMO,21,85,ret_UUP,0.003833
TMO,21,85,mom21_UUP,0.008523
TMO,21,85,ret_SPY,0.0
TMO,21,85,mom21_SPY,0.00654
TMO,21,85,vol_vel,0.008705
TMO,21,85,vol_of_vol,0.004693
TMO,21,85,vol_regime_zscore,0.007255
TMO,21,85,vol_chg_21d,0.0055
TMO,21,85,event_fed_gravity,0.02018
TMO,21,85,event_earn_gravity,0.0
TMO,21,85,event_div_gravity,0.0
TMO,21,85,event_cpi_gravity,0.010102
TMO,21,85,event_nfp_gravity,0.019897
TMO,21,85,put_call_skew_30d,0.106766
TMO,21,85,term_structure_slope,0.054787
TMO,21,85,vrp_wedge,0.015019
TMO,21,85,iv_atm_z_score,0.038579
TMO,21,85,macro_yield_curve_slope,0.018832
TMO,21,85,macro_hy_spread,0.014485
TMO,21,85,macro_hy_spread_chg_5d,0.019534
TMO,21,85,macro_breakeven_5y,0.008148
TMO,21,85,macro_inflation_fwd_5y5y,0.015103
TMO,21,85,macro_inflation_fwd_chg_21d,0.006503
TMO,21,85,macro_inflation_fwd_abs_chg_21d,0.010164
TMO,21,85,macro_inflation_fwd_chg_63d,0.009054
TMO,21,85,macro_inflation_fwd_zscore,0.017632
TMO,21,85,macro_dollar_ret,0.0
TMO,21,85,beta_spy,0.013995
TMO,21,85,res_vol,0.011356
TMO,21,85,res_vol_vel,0.005464
TMO,21,85,price_regime,0.027965
TMO,21,85,corr_sector_21d,0.015434
TMO,21,85,corr_sector_252d,0.01429
TMO,21,85,sector_wedge,0.015109
TMO,21,86,rv_5d,0.089706
TMO,21,86,rv_10d,0.168573
TMO,21,86,rv_21d,0.048714
TMO,21,86,rv_63d,0.017116
TMO,21,86,rv_126d,0.021752
TMO,21,86,ewma_vol,0.023869
TMO,21,86,garch_cond_vol,0.036045
TMO,21,86,ret_TARGET,0.0
TMO,21,86,tech_RSI,0.004619
TMO,21,86,tech_MACD_hist,0.007355
TMO,21,86,ret_VIXY,0.005228
TMO,21,86,mom21_VIXY,0.013672
TMO,21,86,ret_HYG,0.0
TMO,21,86,mom21_HYG,0.014035
TMO,21,86,ret_USO,0.0
TMO,21,86,mom21_USO,0.019453
TMO,21,86,ret_TLT,0.0
TMO,21,86,mom21_TLT,0.005542
TMO,21,86,ret_UUP,0.0
TMO,21,86,mom21_UUP,0.007579
TMO,21,86,ret_SPY,0.008678
TMO,21,86,mom21_SPY,0.007072
TMO,21,86,vol_vel,0.0036
TMO,21,86,vol_of_vol,0.005345
TMO,21,86,vol_regime_zscore,0.007664
TMO,21,86,vol_chg_21d,0.005897
TMO,21,86,event_fed_gravity,0.01695
TMO,21,86,event_earn_gravity,0.0
TMO,21,86,event_div_gravity,0.0
TMO,21,86,event_cpi_gravity,0.012352
TMO,21,86,event_nfp_gravity,0.015165
TMO,21,86,put_call_skew_30d,0.098764
TMO,21,86,term_structure_slope,0.060003
TMO,21,86,vrp_wedge,0.018052
TMO,21,86,iv_atm_z_score,0.041145
TMO,21,86,macro_yield_curve_slope,0.01896
TMO,21,86,macro_hy_spread,0.013176
TMO,21,86,macro_hy_spread_chg_5d,0.036112
TMO,21,86,macro_breakeven_5y,0.008267
TMO,21,86,macro_inflation_fwd_5y5y,0.01245
TMO,21,86,macro_inflation_fwd_chg_21d,0.006425
TMO,21,86,macro_inflation_fwd_abs_chg_21d,0.008173
TMO,21,86,macro_inflation_fwd_chg_63d,0.007495
TMO,21,86,macro_inflation_fwd_zscore,0.01125
TMO,21,86,macro_dollar_ret,0.0
TMO,21,86,beta_spy,0.012483
TMO,21,86,res_vol,0.012788
TMO,21,86,res_vol_vel,0.003202
TMO,21,86,price_regime,0.024003
TMO,21,86,corr_sector_21d,0.010114
TMO,21,86,corr_sector_252d,0.015637
TMO,21,86,sector_wedge,0.015521
TMO,21,87,rv_5d,0.087972
TMO,21,87,rv_10d,0.229211
TMO,21,87,rv_21d,0.049264
TMO,21,87,rv_63d,0.013327
TMO,21,87,rv_126d,0.02
TMO,21,87,ewma_vol,0.044087
TMO,21,87,garch_cond_vol,0.003182
TMO,21,87,ret_TARGET,0.0
TMO,21,87,tech_RSI,0.0
TMO,21,87,tech_MACD_hist,0.008735
TMO,21,87,ret_VIXY,0.003729
TMO,21,87,mom21_VIXY,0.010703
TMO,21,87,ret_HYG,0.0
TMO,21,87,mom21_HYG,0.010627
TMO,21,87,ret_USO,0.002805
TMO,21,87,mom21_USO,0.015795
TMO,21,87,ret_TLT,0.0
TMO,21,87,mom21_TLT,0.015907
TMO,21,87,ret_UUP,0.0
TMO,21,87,mom21_UUP,0.008386
TMO,21,87,ret_SPY,0.012566
TMO,21,87,mom21_SPY,0.008581
TMO,21,87,vol_vel,0.003213
TMO,21,87,vol_of_vol,0.007627
TMO,21,87,vol_regime_zscore,0.006854
TMO,21,87,vol_chg_21d,0.005075
TMO,21,87,event_fed_gravity,0.016692
TMO,21,87,event_earn_gravity,0.0
TMO,21,87,event_div_gravity,0.0
TMO,21,87,event_cpi_gravity,0.01122
TMO,21,87,event_nfp_gravity,0.019549
TMO,21,87,put_call_skew_30d,0.080181
TMO,21,87,term_structure_slope,0.057162
TMO,21,87,vrp_wedge,0.016649
TMO,21,87,iv_atm_z_score,0.035157
TMO,21,87,macro_yield_curve_slope,0.015821
TMO,21,87,macro_hy_spread,0.011912
TMO,21,87,macro_hy_spread_chg_5d,0.021019
TMO,21,87,macro_breakeven_5y,0.006717
TMO,21,87,macro_inflation_fwd_5y5y,0.012515
TMO,21,87,macro_inflation_fwd_chg_21d,0.006069
TMO,21,87,macro_inflation_fwd_abs_chg_21d,0.006703
TMO,21,87,macro_inflation_fwd_chg_63d,0.007084
TMO,21,87,macro_inflation_fwd_zscore,0.022122
TMO,21,87,macro_dollar_ret,0.0
TMO,21,87,beta_spy,0.011152
TMO,21,87,res_vol,0.010171
TMO,21,87,res_vol_vel,0.003183
TMO,21,87,price_regime,0.021874
TMO,21,87,corr_sector_21d,0.010482
TMO,21,87,corr_sector_252d,0.014609
TMO,21,87,sector_wedge,0.014311
TMO,21,88,rv_5d,0.099303
TMO,21,88,rv_10d,0.210048
TMO,21,88,rv_21d,0.045374
TMO,21,88,rv_63d,0.013234
TMO,21,88,rv_126d,0.020108
TMO,21,88,ewma_vol,0.032536
TMO,21,88,garch_cond_vol,0.024233
TMO,21,88,ret_TARGET,0.0
TMO,21,88,tech_RSI,0.0
TMO,21,88,tech_MACD_hist,0.009803
TMO,21,88,ret_VIXY,0.004138
TMO,21,88,mom21_VIXY,0.0148
TMO,21,88,ret_HYG,0.0
TMO,21,88,mom21_HYG,0.012872
TMO,21,88,ret_USO,0.003234
TMO,21,88,mom21_USO,0.018411
TMO,21,88,ret_TLT,0.0
TMO,21,88,mom21_TLT,0.011274
TMO,21,88,ret_UUP,0.0
TMO,21,88,mom21_UUP,0.008948
TMO,21,88,ret_SPY,0.010216
TMO,21,88,mom21_SPY,0.007656
TMO,21,88,vol_vel,0.003743
TMO,21,88,vol_of_vol,0.008333
TMO,21,88,vol_regime_zscore,0.006925
TMO,21,88,vol_chg_21d,0.006276
TMO,21,88,event_fed_gravity,0.01447
TMO,21,88,event_earn_gravity,0.0
TMO,21,88,event_div_gravity,0.0
TMO,21,88,event_cpi_gravity,0.011337
TMO,21,88,event_nfp_gravity,0.014847
TMO,21,88,put_call_skew_30d,0.083726
TMO,21,88,term_structure_slope,0.05732
TMO,21,88,vrp_wedge,0.018092
TMO,21,88,iv_atm_z_score,0.034945
TMO,21,88,macro_yield_curve_slope,0.017859
TMO,21,88,macro_hy_spread,0.01407
TMO,21,88,macro_hy_spread_chg_5d,0.023431
TMO,21,88,macro_breakeven_5y,0.0069
TMO,21,88,macro_inflation_fwd_5y5y,0.016358
TMO,21,88,macro_inflation_fwd_chg_21d,0.006375
TMO,21,88,macro_inflation_fwd_abs_chg_21d,0.006656
TMO,21,88,macro_inflation_fwd_chg_63d,0.00607
TMO,21,88,macro_inflation_fwd_zscore,0.009635
TMO,21,88,macro_dollar_ret,0.0
TMO,21,88,beta_spy,0.013741
TMO,21,88,res_vol,0.009881
TMO,21,88,res_vol_vel,0.004497
TMO,21,88,price_regime,0.01922
TMO,21,88,corr_sector_21d,0.010184
TMO,21,88,corr_sector_252d,0.014558
TMO,21,88,sector_wedge,0.014362
TMO,21,89,rv_5d,0.100584
TMO,21,89,rv_10d,0.181064
TMO,21,89,rv_21d,0.055574
TMO,21,89,rv_63d,0.015583
TMO,21,89,rv_126d,0.02431
TMO,21,89,ewma_vol,0.047804
TMO,21,89,garch_cond_vol,0.00405
TMO,21,89,ret_TARGET,0.0
TMO,21,89,tech_RSI,0.004114
TMO,21,89,tech_MACD_hist,0.009694
TMO,21,89,ret_VIXY,0.004581
TMO,21,89,mom21_VIXY,0.017111
TMO,21,89,ret_HYG,0.0
TMO,21,89,mom21_HYG,0.013552
TMO,21,89,ret_USO,0.003675
TMO,21,89,mom21_USO,0.020432
TMO,21,89,ret_TLT,0.0
TMO,21,89,mom21_TLT,0.009592
TMO,21,89,ret_UUP,0.0
TMO,21,89,mom21_UUP,0.006644
TMO,21,89,ret_SPY,0.006558
TMO,21,89,mom21_SPY,0.00834
TMO,21,89,vol_vel,0.0
TMO,21,89,vol_of_vol,0.00604
TMO,21,89,vol_regime_zscore,0.00806
TMO,21,89,vol_chg_21d,0.008916
TMO,21,89,event_fed_gravity,0.011307
TMO,21,89,event_earn_gravity,0.0
TMO,21,89,event_div_gravity,0.0
TMO,21,89,event_cpi_gravity,0.01097
TMO,21,89,event_nfp_gravity,0.022085
TMO,21,89,put_call_skew_30d,0.065375
TMO,21,89,term_structure_slope,0.07194
TMO,21,89,vrp_wedge,0.022181
TMO,21,89,iv_atm_z_score,0.033087
TMO,21,89,macro_yield_curve_slope,0.01981
TMO,21,89,macro_hy_spread,0.014751
TMO,21,89,macro_hy_spread_chg_5d,0.020199
TMO,21,89,macro_breakeven_5y,0.008984
TMO,21,89,macro_inflation_fwd_5y5y,0.01833
TMO,21,89,macro_inflation_fwd_chg_21d,0.007905
TMO,21,89,macro_inflation_fwd_abs_chg_21d,0.007837
TMO,21,89,macro_inflation_fwd_chg_63d,0.009016
TMO,21,89,macro_inflation_fwd_zscore,0.009028
TMO,21,89,macro_dollar_ret,0.0
TMO,21,89,beta_spy,0.014394
TMO,21,89,res_vol,0.012202
TMO,21,89,res_vol_vel,0.006014
TMO,21,89,price_regime,0.017351
TMO,21,89,corr_sector_21d,0.009625
TMO,21,89,corr_sector_252d,0.015514
TMO,21,89,sector_wedge,0.015817
TMO,21,90,rv_5d,0.117252
TMO,21,90,rv_10d,0.198952
TMO,21,90,rv_21d,0.05406
TMO,21,90,rv_63d,0.019824
TMO,21,90,rv_126d,0.022738
TMO,21,90,ewma_vol,0.031909
TMO,21,90,garch_cond_vol,0.004259
TMO,21,90,ret_TARGET,0.0
TMO,21,90,tech_RSI,0.006181
TMO,21,90,tech_MACD_hist,0.010864
TMO,21,90,ret_VIXY,0.004713
TMO,21,90,mom21_VIXY,0.020077
TMO,21,90,ret_HYG,0.0
TMO,21,90,mom21_HYG,0.013755
TMO,21,90,ret_USO,0.003732
TMO,21,90,mom21_USO,0.022839
TMO,21,90,ret_TLT,0.0
TMO,21,90,mom21_TLT,0.008709
TMO,21,90,ret_UUP,0.0
TMO,21,90,mom21_UUP,0.008292
TMO,21,90,ret_SPY,0.003246
TMO,21,90,mom21_SPY,0.010136
TMO,21,90,vol_vel,0.004223
TMO,21,90,vol_of_vol,0.006147
TMO,21,90,vol_regime_zscore,0.009478
TMO,21,90,vol_chg_21d,0.005373
TMO,21,90,event_fed_gravity,0.016461
TMO,21,90,event_earn_gravity,0.0
TMO,21,90,event_div_gravity,0.0
TMO,21,90,event_cpi_gravity,0.013638
TMO,21,90,event_nfp_gravity,0.017515
TMO,21,90,put_call_skew_30d,0.037528
TMO,21,90,term_structure_slope,0.069735
TMO,21,90,vrp_wedge,0.02054
TMO,21,90,iv_atm_z_score,0.037753
TMO,21,90,macro_yield_curve_slope,0.021204
TMO,21,90,macro_hy_spread,0.012916
TMO,21,90,macro_hy_spread_chg_5d,0.009209
TMO,21,90,macro_breakeven_5y,0.009986
TMO,21,90,macro_inflation_fwd_5y5y,0.017311
TMO,21,90,macro_inflation_fwd_chg_21d,0.007303
TMO,21,90,macro_inflation_fwd_abs_chg_21d,0.010734
TMO,21,90,macro_inflation_fwd_chg_63d,0.009508
TMO,21,90,macro_inflation_fwd_zscore,0.010887
TMO,21,90,macro_dollar_ret,0.0
TMO,21,90,beta_spy,0.015257
TMO,21,90,res_vol,0.011832
TMO,21,90,res_vol_vel,0.005547
TMO,21,90,price_regime,0.019133
TMO,21,90,corr_sector_21d,0.009022
TMO,21,90,corr_sector_252d,0.014799
TMO,21,90,sector_wedge,0.015425
TMO,21,91,rv_5d,0.109454
TMO,21,91,rv_10d,0.236416
TMO,21,91,rv_21d,0.055567
TMO,21,91,rv_63d,0.020304
TMO,21,91,rv_126d,0.022587
TMO,21,91,ewma_vol,0.005711
TMO,21,91,garch_cond_vol,0.010415
TMO,21,91,ret_TARGET,0.002841
TMO,21,91,tech_RSI,0.007094
TMO,21,91,tech_MACD_hist,0.01034
TMO,21,91,ret_VIXY,0.004612
TMO,21,91,mom21_VIXY,0.014782
TMO,21,91,ret_HYG,0.0
TMO,21,91,mom21_HYG,0.010233
TMO,21,91,ret_USO,0.00292
TMO,21,91,mom21_USO,0.019137
TMO,21,91,ret_TLT,0.0
TMO,21,91,mom21_TLT,0.010082
TMO,21,91,ret_UUP,0.0
TMO,21,91,mom21_UUP,0.00861
TMO,21,91,ret_SPY,0.01433
TMO,21,91,mom21_SPY,0.007596
TMO,21,91,vol_vel,0.00376
TMO,21,91,vol_of_vol,0.008489
TMO,21,91,vol_regime_zscore,0.008818
TMO,21,91,vol_chg_21d,0.005659
TMO,21,91,event_fed_gravity,0.0123
TMO,21,91,event_earn_gravity,0.0
TMO,21,91,event_div_gravity,0.0
TMO,21,91,event_cpi_gravity,0.01037
TMO,21,91,event_nfp_gravity,0.020845
TMO,21,91,put_call_skew_30d,0.038185
TMO,21,91,term_structure_slope,0.064235
TMO,21,91,vrp_wedge,0.019564
TMO,21,91,iv_atm_z_score,0.033185
TMO,21,91,macro_yield_curve_slope,0.018924
TMO,21,91,macro_hy_spread,0.014371
TMO,21,91,macro_hy_spread_chg_5d,0.025915
TMO,21,91,macro_breakeven_5y,0.010474
TMO,21,91,macro_inflation_fwd_5y5y,0.015853
TMO,21,91,macro_inflation_fwd_chg_21d,0.007642
TMO,21,91,macro_inflation_fwd_abs_chg_21d,0.008544
TMO,21,91,macro_inflation_fwd_chg_63d,0.005498
TMO,21,91,macro_inflation_fwd_zscore,0.008411
TMO,21,91,macro_dollar_ret,0.0
TMO,21,91,beta_spy,0.012796
TMO,21,91,res_vol,0.009768
TMO,21,91,res_vol_vel,0.004751
TMO,21,91,price_regime,0.014898
TMO,21,91,corr_sector_21d,0.008616
TMO,21,91,corr_sector_252d,0.015745
TMO,21,91,sector_wedge,0.019353
TMO,21,92,rv_5d,0.126282
TMO,21,92,rv_10d,0.174138
TMO,21,92,rv_21d,0.067132
TMO,21,92,rv_63d,0.01635
TMO,21,92,rv_126d,0.024
TMO,21,92,ewma_vol,0.035271
TMO,21,92,garch_cond_vol,0.00456
TMO,21,92,ret_TARGET,0.00593
TMO,21,92,tech_RSI,0.002833
TMO,21,92,tech_MACD_hist,0.010334
TMO,21,92,ret_VIXY,0.005395
TMO,21,92,mom21_VIXY,0.016127
TMO,21,92,ret_HYG,0.0
TMO,21,92,mom21_HYG,0.010637
TMO,21,92,ret_USO,0.00373
TMO,21,92,mom21_USO,0.02204
TMO,21,92,ret_TLT,0.0
TMO,21,92,mom21_TLT,0.006397
TMO,21,92,ret_UUP,0.0
TMO,21,92,mom21_UUP,0.008427
TMO,21,92,ret_SPY,0.002918
TMO,21,92,mom21_SPY,0.010942
TMO,21,92,vol_vel,0.010659
TMO,21,92,vol_of_vol,0.00588
TMO,21,92,vol_regime_zscore,0.008425
TMO,21,92,vol_chg_21d,0.007973
TMO,21,92,event_fed_gravity,0.011733
TMO,21,92,event_earn_gravity,0.0
TMO,21,92,event_div_gravity,0.0
TMO,21,92,event_cpi_gravity,0.01606
TMO,21,92,event_nfp_gravity,0.014144
TMO,21,92,put_call_skew_30d,0.044396
TMO,21,92,term_structure_slope,0.059522
TMO,21,92,vrp_wedge,0.021509
TMO,21,92,iv_atm_z_score,0.032826
TMO,21,92,macro_yield_curve_slope,0.020827
TMO,21,92,macro_hy_spread,0.01418
TMO,21,92,macro_hy_spread_chg_5d,0.019731
TMO,21,92,macro_breakeven_5y,0.010924
TMO,21,92,macro_inflation_fwd_5y5y,0.02017
TMO,21,92,macro_inflation_fwd_chg_21d,0.007376
TMO,21,92,macro_inflation_fwd_abs_chg_21d,0.010405
TMO,21,92,macro_inflation_fwd_chg_63d,0.008388
TMO,21,92,macro_inflation_fwd_zscore,0.011381
TMO,21,92,macro_dollar_ret,0.0
TMO,21,92,beta_spy,0.011022
TMO,21,92,res_vol,0.011482
TMO,21,92,res_vol_vel,0.005466
TMO,21,92,price_regime,0.01909
TMO,21,92,corr_sector_21d,0.009699
TMO,21,92,corr_sector_252d,0.015477
TMO,21,92,sector_wedge,0.017815
TMO,21,93,rv_5d,0.114437
TMO,21,93,rv_10d,0.156385
TMO,21,93,rv_21d,0.059179
TMO,21,93,rv_63d,0.018252
TMO,21,93,rv_126d,0.024185
TMO,21,93,ewma_vol,0.039243
TMO,21,93,garch_cond_vol,0.005403
TMO,21,93,ret_TARGET,0.0
TMO,21,93,tech_RSI,0.007868
TMO,21,93,tech_MACD_hist,0.012773
TMO,21,93,ret_VIXY,0.005247
TMO,21,93,mom21_VIXY,0.017656
TMO,21,93,ret_HYG,0.0
TMO,21,93,mom21_HYG,0.010985
TMO,21,93,ret_USO,0.003755
TMO,21,93,mom21_USO,0.025104
TMO,21,93,ret_TLT,0.0
TMO,21,93,mom21_TLT,0.012139
TMO,21,93,ret_UUP,0.0
TMO,21,93,mom21_UUP,0.008779
TMO,21,93,ret_SPY,0.014685
TMO,21,93,mom21_SPY,0.010182
TMO,21,93,vol_vel,0.003954
TMO,21,93,vol_of_vol,0.005812
TMO,21,93,vol_regime_zscore,0.00749
TMO,21,93,vol_chg_21d,0.006544
TMO,21,93,event_fed_gravity,0.014484
TMO,21,93,event_earn_gravity,0.0
TMO,21,93,event_div_gravity,0.0
TMO,21,93,event_cpi_gravity,0.013573
TMO,21,93,event_nfp_gravity,0.020491
TMO,21,93,put_call_skew_30d,0.048139
TMO,21,93,term_structure_slope,0.066613
TMO,21,93,vrp_wedge,0.019411
TMO,21,93,iv_atm_z_score,0.035202
TMO,21,93,macro_yield_curve_slope,0.019145
TMO,21,93,macro_hy_spread,0.014755
TMO,21,93,macro_hy_spread_chg_5d,0.030123
TMO,21,93,macro_breakeven_5y,0.011361
TMO,21,93,macro_inflation_fwd_5y5y,0.019674
TMO,21,93,macro_inflation_fwd_chg_21d,0.007342
TMO,21,93,macro_inflation_fwd_abs_chg_21d,0.00833
TMO,21,93,macro_inflation_fwd_chg_63d,0.00794
TMO,21,93,macro_inflation_fwd_zscore,0.008007
TMO,21,93,macro_dollar_ret,0.0
TMO,21,93,beta_spy,0.011582
TMO,21,93,res_vol,0.011495
TMO,21,93,res_vol_vel,0.004839
TMO,21,93,price_regime,0.016476
TMO,21,93,corr_sector_21d,0.010826
TMO,21,93,corr_sector_252d,0.014002
TMO,21,93,sector_wedge,0.016135
TMO,21,94,rv_5d,0.11144
TMO,21,94,rv_10d,0.15423
TMO,21,94,rv_21d,0.079041
TMO,21,94,rv_63d,0.019607
TMO,21,94,rv_126d,0.024459
TMO,21,94,ewma_vol,0.020288
TMO,21,94,garch_cond_vol,0.004435
TMO,21,94,ret_TARGET,0.0
TMO,21,94,tech_RSI,0.004078
TMO,21,94,tech_MACD_hist,0.011502
TMO,21,94,ret_VIXY,0.004759
TMO,21,94,mom21_VIXY,0.017549
TMO,21,94,ret_HYG,0.0
TMO,21,94,mom21_HYG,0.011139
TMO,21,94,ret_USO,0.0
TMO,21,94,mom21_USO,0.021038
TMO,21,94,ret_TLT,0.0
TMO,21,94,mom21_TLT,0.011818
TMO,21,94,ret_UUP,0.004225
TMO,21,94,mom21_UUP,0.009189
TMO,21,94,ret_SPY,0.0
TMO,21,94,mom21_SPY,0.011083
TMO,21,94,vol_vel,0.004392
TMO,21,94,vol_of_vol,0.005223
TMO,21,94,vol_regime_zscore,0.007897
TMO,21,94,vol_chg_21d,0.007306
TMO,21,94,event_fed_gravity,0.015182
TMO,21,94,event_earn_gravity,0.0
TMO,21,94,event_div_gravity,0.0
TMO,21,94,event_cpi_gravity,0.012961
TMO,21,94,event_nfp_gravity,0.018608
TMO,21,94,put_call_skew_30d,0.044596
TMO,21,94,term_structure_slope,0.061829
TMO,21,94,vrp_wedge,0.019737
TMO,21,94,iv_atm_z_score,0.035508
TMO,21,94,macro_yield_curve_slope,0.021441
TMO,21,94,macro_hy_spread,0.014911
TMO,21,94,macro_hy_spread_chg_5d,0.053201
TMO,21,94,macro_breakeven_5y,0.008273
TMO,21,94,macro_inflation_fwd_5y5y,0.019329
TMO,21,94,macro_inflation_fwd_chg_21d,0.008728
TMO,21,94,macro_inflation_fwd_abs_chg_21d,0.011212
TMO,21,94,macro_inflation_fwd_chg_63d,0.008729
TMO,21,94,macro_inflation_fwd_zscore,0.013594
TMO,21,94,macro_dollar_ret,0.0
TMO,21,94,beta_spy,0.012238
TMO,21,94,res_vol,0.009863
TMO,21,94,res_vol_vel,0.00475
TMO,21,94,price_regime,0.018718
TMO,21,94,corr_sector_21d,0.010194
TMO,21,94,corr_sector_252d,0.016426
TMO,21,94,sector_wedge,0.015275
TMO,21,95,rv_5d,0.113086
TMO,21,95,rv_10d,0.172472
TMO,21,95,rv_21d,0.090115
TMO,21,95,rv_63d,0.017583
TMO,21,95,rv_126d,0.028826
TMO,21,95,ewma_vol,0.020536
TMO,21,95,garch_cond_vol,0.008445
TMO,21,95,ret_TARGET,0.0
TMO,21,95,tech_RSI,0.0
TMO,21,95,tech_MACD_hist,0.011529
TMO,21,95,ret_VIXY,0.005219
TMO,21,95,mom21_VIXY,0.015112
TMO,21,95,ret_HYG,0.0
TMO,21,95,mom21_HYG,0.010889
TMO,21,95,ret_USO,0.0036
TMO,21,95,mom21_USO,0.022361
TMO,21,95,ret_TLT,0.0
TMO,21,95,mom21_TLT,0.009985
TMO,21,95,ret_UUP,0.004262
TMO,21,95,mom21_UUP,0.007736
TMO,21,95,ret_SPY,0.0
TMO,21,95,mom21_SPY,0.011573
TMO,21,95,vol_vel,0.004298
TMO,21,95,vol_of_vol,0.007046
TMO,21,95,vol_regime_zscore,0.008353
TMO,21,95,vol_chg_21d,0.006085
TMO,21,95,event_fed_gravity,0.015327
TMO,21,95,event_earn_gravity,0.0
TMO,21,95,event_div_gravity,0.0
TMO,21,95,event_cpi_gravity,0.013473
TMO,21,95,event_nfp_gravity,0.01717
TMO,21,95,put_call_skew_30d,0.045333
TMO,21,95,term_structure_slope,0.059638
TMO,21,95,vrp_wedge,0.022403
TMO,21,95,iv_atm_z_score,0.037739
TMO,21,95,macro_yield_curve_slope,0.019667
TMO,21,95,macro_hy_spread,0.012529
TMO,21,95,macro_hy_spread_chg_5d,0.02792
TMO,21,95,macro_breakeven_5y,0.012817
TMO,21,95,macro_inflation_fwd_5y5y,0.02328
TMO,21,95,macro_inflation_fwd_chg_21d,0.009012
TMO,21,95,macro_inflation_fwd_abs_chg_21d,0.003151
TMO,21,95,macro_inflation_fwd_chg_63d,0.007919
TMO,21,95,macro_inflation_fwd_zscore,0.007267
TMO,21,95,macro_dollar_ret,0.0
TMO,21,95,beta_spy,0.01321
TMO,21,95,res_vol,0.010823
TMO,21,95,res_vol_vel,0.004912
TMO,21,95,price_regime,0.014899
TMO,21,95,corr_sector_21d,0.010844
TMO,21,95,corr_sector_252d,0.014276
TMO,21,95,sector_wedge,0.017276
TMO,21,96,rv_5d,0.101634
TMO,21,96,rv_10d,0.193781
TMO,21,96,rv_21d,0.075763
TMO,21,96,rv_63d,0.018568
TMO,21,96,rv_126d,0.026947
TMO,21,96,ewma_vol,0.030186
TMO,21,96,garch_cond_vol,0.005987
TMO,21,96,ret_TARGET,0.0
TMO,21,96,tech_RSI,0.00714
TMO,21,96,tech_MACD_hist,0.011017
TMO,21,96,ret_VIXY,0.004671
TMO,21,96,mom21_VIXY,0.016306
TMO,21,96,ret_HYG,0.0
TMO,21,96,mom21_HYG,0.013182
TMO,21,96,ret_USO,0.004181
TMO,21,96,mom21_USO,0.022518
TMO,21,96,ret_TLT,0.0
TMO,21,96,mom21_TLT,0.008638
TMO,21,96,ret_UUP,0.004414
TMO,21,96,mom21_UUP,0.007824
TMO,21,96,ret_SPY,0.0
TMO,21,96,mom21_SPY,0.011634
TMO,21,96,vol_vel,0.005108
TMO,21,96,vol_of_vol,0.006964
TMO,21,96,vol_regime_zscore,0.007632
TMO,21,96,vol_chg_21d,0.00599
TMO,21,96,event_fed_gravity,0.013953
TMO,21,96,event_earn_gravity,0.0
TMO,21,96,event_div_gravity,0.0
TMO,21,96,event_cpi_gravity,0.011918
TMO,21,96,event_nfp_gravity,0.018124
TMO,21,96,put_call_skew_30d,0.044859
TMO,21,96,term_structure_slope,0.076907
TMO,21,96,vrp_wedge,0.023292
TMO,21,96,iv_atm_z_score,0.036859
TMO,21,96,macro_yield_curve_slope,0.02073
TMO,21,96,macro_hy_spread,0.012872
TMO,21,96,macro_hy_spread_chg_5d,0.0
TMO,21,96,macro_breakeven_5y,0.009282
TMO,21,96,macro_inflation_fwd_5y5y,0.019593
TMO,21,96,macro_inflation_fwd_chg_21d,0.008731
TMO,21,96,macro_inflation_fwd_abs_chg_21d,0.009053
TMO,21,96,macro_inflation_fwd_chg_63d,0.007739
TMO,21,96,macro_inflation_fwd_zscore,0.010609
TMO,21,96,macro_dollar_ret,0.0
TMO,21,96,beta_spy,0.012179
TMO,21,96,res_vol,0.011345
TMO,21,96,res_vol_vel,0.004345
TMO,21,96,price_regime,0.014172
TMO,21,96,corr_sector_21d,0.011014
TMO,21,96,corr_sector_252d,0.01433
TMO,21,96,sector_wedge,0.018011
TMO,21,97,rv_5d,0.109168
TMO,21,97,rv_10d,0.20017
TMO,21,97,rv_21d,0.057972
TMO,21,97,rv_63d,0.021814
TMO,21,97,rv_126d,0.021557
TMO,21,97,ewma_vol,0.025999
TMO,21,97,garch_cond_vol,0.008517
TMO,21,97,ret_TARGET,0.0
TMO,21,97,tech_RSI,0.005642
TMO,21,97,tech_MACD_hist,0.010072
TMO,21,97,ret_VIXY,0.011202
TMO,21,97,mom21_VIXY,0.023364
TMO,21,97,ret_HYG,0.0
TMO,21,97,mom21_HYG,0.012312
TMO,21,97,ret_USO,0.0
TMO,21,97,mom21_USO,0.01849
TMO,21,97,ret_TLT,0.0
TMO,21,97,mom21_TLT,0.008947
TMO,21,97,ret_UUP,0.003572
TMO,21,97,mom21_UUP,0.006369
TMO,21,97,ret_SPY,0.013917
TMO,21,97,mom21_SPY,0.008139
TMO,21,97,vol_vel,0.005384
TMO,21,97,vol_of_vol,0.008148
TMO,21,97,vol_regime_zscore,0.00717
TMO,21,97,vol_chg_21d,0.005298
TMO,21,97,event_fed_gravity,0.011286
TMO,21,97,event_earn_gravity,0.0
TMO,21,97,event_div_gravity,0.0
TMO,21,97,event_cpi_gravity,0.014849
TMO,21,97,event_nfp_gravity,0.022098
TMO,21,97,put_call_skew_30d,0.052567
TMO,21,97,term_structure_slope,0.055189
TMO,21,97,vrp_wedge,0.021168
TMO,21,97,iv_atm_z_score,0.031126
TMO,21,97,macro_yield_curve_slope,0.01928
TMO,21,97,macro_hy_spread,0.012209
TMO,21,97,macro_hy_spread_chg_5d,0.019369
TMO,21,97,macro_breakeven_5y,0.012996
TMO,21,97,macro_inflation_fwd_5y5y,0.016719
TMO,21,97,macro_inflation_fwd_chg_21d,0.008325
TMO,21,97,macro_inflation_fwd_abs_chg_21d,0.004872
TMO,21,97,macro_inflation_fwd_chg_63d,0.008466
TMO,21,97,macro_inflation_fwd_zscore,0.010102
TMO,21,97,macro_dollar_ret,0.0
TMO,21,97,beta_spy,0.013329
TMO,21,97,res_vol,0.012259
TMO,21,97,res_vol_vel,0.005543
TMO,21,97,price_regime,0.015696
TMO,21,97,corr_sector_21d,0.009351
TMO,21,97,corr_sector_252d,0.014339
TMO,21,97,sector_wedge,0.015638
TMO,21,98,rv_5d,0.12977
TMO,21,98,rv_10d,0.184953
TMO,21,98,rv_21d,0.064277
TMO,21,98,rv_63d,0.020624
TMO,21,98,rv_126d,0.022229
TMO,21,98,ewma_vol,0.028327
TMO,21,98,garch_cond_vol,0.007253
TMO,21,98,ret_TARGET,0.0
TMO,21,98,tech_RSI,0.00557
TMO,21,98,tech_MACD_hist,0.011998
TMO,21,98,ret_VIXY,0.00543
TMO,21,98,mom21_VIXY,0.020748
TMO,21,98,ret_HYG,0.0
TMO,21,98,mom21_HYG,0.012297
TMO,21,98,ret_USO,0.0
TMO,21,98,mom21_USO,0.01942
TMO,21,98,ret_TLT,0.0
TMO,21,98,mom21_TLT,0.008266
TMO,21,98,ret_UUP,0.0
TMO,21,98,mom21_UUP,0.007827
TMO,21,98,ret_SPY,0.013839
TMO,21,98,mom21_SPY,0.008893
TMO,21,98,vol_vel,0.004665
TMO,21,98,vol_of_vol,0.007184
TMO,21,98,vol_regime_zscore,0.008701
TMO,21,98,vol_chg_21d,0.007375
TMO,21,98,event_fed_gravity,0.012157
TMO,21,98,event_earn_gravity,0.0
TMO,21,98,event_div_gravity,0.0
TMO,21,98,event_cpi_gravity,0.015992
TMO,21,98,event_nfp_gravity,0.016354
TMO,21,98,put_call_skew_30d,0.049667
TMO,21,98,term_structure_slope,0.052326
TMO,21,98,vrp_wedge,0.020547
TMO,21,98,iv_atm_z_score,0.030852
TMO,21,98,macro_yield_curve_slope,0.018351
TMO,21,98,macro_hy_spread,0.013988
TMO,21,98,macro_hy_spread_chg_5d,0.02639
TMO,21,98,macro_breakeven_5y,0.012095
TMO,21,98,macro_inflation_fwd_5y5y,0.015345
TMO,21,98,macro_inflation_fwd_chg_21d,0.007769
TMO,21,98,macro_inflation_fwd_abs_chg_21d,0.008676
TMO,21,98,macro_inflation_fwd_chg_63d,0.006497
TMO,21,98,macro_inflation_fwd_zscore,0.010116
TMO,21,98,macro_dollar_ret,0.0
TMO,21,98,beta_spy,0.011754
TMO,21,98,res_vol,0.009702
TMO,21,98,res_vol_vel,0.005777
TMO,21,98,price_regime,0.01444
TMO,21,98,corr_sector_21d,0.010442
TMO,21,98,corr_sector_252d,0.01647
TMO,21,98,sector_wedge,0.014646
TMO,21,99,rv_5d,0.13022
TMO,21,99,rv_10d,0.158717
TMO,21,99,rv_21d,0.095686
TMO,21,99,rv_63d,0.019694
TMO,21,99,rv_126d,0.021041
TMO,21,99,ewma_vol,0.020888
TMO,21,99,garch_cond_vol,0.007629
TMO,21,99,ret_TARGET,0.0
TMO,21,99,tech_RSI,0.007779
TMO,21,99,tech_MACD_hist,0.012078
TMO,21,99,ret_VIXY,0.005177
TMO,21,99,mom21_VIXY,0.018773
TMO,21,99,ret_HYG,0.0
TMO,21,99,mom21_HYG,0.010251
TMO,21,99,ret_USO,0.004211
TMO,21,99,mom21_USO,0.02122
TMO,21,99,ret_TLT,0.0
TMO,21,99,mom21_TLT,0.010496
TMO,21,99,ret_UUP,0.0
TMO,21,99,mom21_UUP,0.009722
TMO,21,99,ret_SPY,0.0
TMO,21,99,mom21_SPY,0.006607
TMO,21,99,vol_vel,0.003521
TMO,21,99,vol_of_vol,0.008158
TMO,21,99,vol_regime_zscore,0.008163
TMO,21,99,vol_chg_21d,0.005677
TMO,21,99,event_fed_gravity,0.010551
TMO,21,99,event_earn_gravity,0.0
TMO,21,99,event_div_gravity,0.0
TMO,21,99,event_cpi_gravity,0.014703
TMO,21,99,event_nfp_gravity,0.025482
TMO,21,99,put_call_skew_30d,0.054428
TMO,21,99,term_structure_slope,0.05144
TMO,21,99,vrp_wedge,0.020428
TMO,21,99,iv_atm_z_score,0.031819
TMO,21,99,macro_yield_curve_slope,0.016773
TMO,21,99,macro_hy_spread,0.014169
TMO,21,99,macro_hy_spread_chg_5d,0.019187
TMO,21,99,macro_breakeven_5y,0.014496
TMO,21,99,macro_inflation_fwd_5y5y,0.018547
TMO,21,99,macro_inflation_fwd_chg_21d,0.008608
TMO,21,99,macro_inflation_fwd_abs_chg_21d,0.008468
TMO,21,99,macro_inflation_fwd_chg_63d,0.008396
TMO,21,99,macro_inflation_fwd_zscore,0.01249
TMO,21,99,macro_dollar_ret,0.0
TMO,21,99,beta_spy,0.015081
TMO,21,99,res_vol,0.010126
TMO,21,99,res_vol_vel,0.005401
TMO,21,99,price_regime,0.012539
TMO,21,99,corr_sector_21d,0.009538
TMO,21,99,corr_sector_252d,0.015516
TMO,21,99,sector_wedge,0.01611
TMO,21,100,rv_5d,0.152014
TMO,21,100,rv_10d,0.149704
TMO,21,100,rv_21d,0.092775
TMO,21,100,rv_63d,0.021932
TMO,21,100,rv_126d,0.019306
TMO,21,100,ewma_vol,0.044496
TMO,21,100,garch_cond_vol,0.005742
TMO,21,100,ret_TARGET,0.0
TMO,21,100,tech_RSI,0.005652
TMO,21,100,tech_MACD_hist,0.010971
TMO,21,100,ret_VIXY,0.004129
TMO,21,100,mom21_VIXY,0.022789
TMO,21,100,ret_HYG,0.0
TMO,21,100,mom21_HYG,0.009414
TMO,21,100,ret_USO,0.003757
TMO,21,100,mom21_USO,0.018855
TMO,21,100,ret_TLT,0.0
TMO,21,100,mom21_TLT,0.01001
TMO,21,100,ret_UUP,0.0
TMO,21,100,mom21_UUP,0.008536
TMO,21,100,ret_SPY,0.012842
TMO,21,100,mom21_SPY,0.005856
TMO,21,100,vol_vel,0.004272
TMO,21,100,vol_of_vol,0.008271
TMO,21,100,vol_regime_zscore,0.00781
TMO,21,100,vol_chg_21d,0.007114
TMO,21,100,event_fed_gravity,0.011399
TMO,21,100,event_earn_gravity,0.0
TMO,21,100,event_div_gravity,0.0
TMO,21,100,event_cpi_gravity,0.010235
TMO,21,100,event_nfp_gravity,0.019883
TMO,21,100,put_call_skew_30d,0.034215
TMO,21,100,term_structure_slope,0.051881
TMO,21,100,vrp_wedge,0.016831
TMO,21,100,iv_atm_z_score,0.031817
TMO,21,100,macro_yield_curve_slope,0.018111
TMO,21,100,macro_hy_spread,0.014324
TMO,21,100,macro_hy_spread_chg_5d,0.02176
TMO,21,100,macro_breakeven_5y,0.014952
TMO,21,100,macro_inflation_fwd_5y5y,0.019053
TMO,21,100,macro_inflation_fwd_chg_21d,0.008084
TMO,21,100,macro_inflation_fwd_abs_chg_21d,0.004767
TMO,21,100,macro_inflation_fwd_chg_63d,0.007179
TMO,21,100,macro_inflation_fwd_zscore,0.006258
TMO,21,100,macro_dollar_ret,0.0
TMO,21,100,beta_spy,0.016204
TMO,21,100,res_vol,0.00901
TMO,21,100,res_vol_vel,0.005767
TMO,21,100,price_regime,0.013245
TMO,21,100,corr_sector_21d,0.009039
TMO,21,100,corr_sector_252d,0.017046
TMO,21,100,sector_wedge,0.012692
TMO,21,101,rv_5d,0.104664
TMO,21,101,rv_10d,0.168669
TMO,21,101,rv_21d,0.097253
TMO,21,101,rv_63d,0.023234
TMO,21,101,rv_126d,0.01999
TMO,21,101,ewma_vol,0.019089
TMO,21,101,garch_cond_vol,0.004869
TMO,21,101,ret_TARGET,0.0
TMO,21,101,tech_RSI,0.009343
TMO,21,101,tech_MACD_hist,0.013471
TMO,21,101,ret_VIXY,0.004168
TMO,21,101,mom21_VIXY,0.017753
TMO,21,101,ret_HYG,0.0
TMO,21,101,mom21_HYG,0.01308
TMO,21,101,ret_USO,0.003815
TMO,21,101,mom21_USO,0.017158
TMO,21,101,ret_TLT,0.0
TMO,21,101,mom21_TLT,0.009691
TMO,21,101,ret_UUP,0.0
TMO,21,101,mom21_UUP,0.006879
TMO,21,101,ret_SPY,0.0
TMO,21,101,mom21_SPY,0.006261
TMO,21,101,vol_vel,0.004693
TMO,21,101,vol_of_vol,0.007274
TMO,21,101,vol_regime_zscore,0.006102
TMO,21,101,vol_chg_21d,0.006049
TMO,21,101,event_fed_gravity,0.01098
TMO,21,101,event_earn_gravity,0.0
TMO,21,101,event_div_gravity,0.0
TMO,21,101,event_cpi_gravity,0.021103
TMO,21,101,event_nfp_gravity,0.023888
TMO,21,101,put_call_skew_30d,0.0334
TMO,21,101,term_structure_slope,0.061075
TMO,21,101,vrp_wedge,0.017782
TMO,21,101,iv_atm_z_score,0.034405
TMO,21,101,macro_yield_curve_slope,0.018483
TMO,21,101,macro_hy_spread,0.016651
TMO,21,101,macro_hy_spread_chg_5d,0.037904
TMO,21,101,macro_breakeven_5y,0.014512
TMO,21,101,macro_inflation_fwd_5y5y,0.022608
TMO,21,101,macro_inflation_fwd_chg_21d,0.007212
TMO,21,101,macro_inflation_fwd_abs_chg_21d,0.006304
TMO,21,101,macro_inflation_fwd_chg_63d,0.008483
TMO,21,101,macro_inflation_fwd_zscore,0.009075
TMO,21,101,macro_dollar_ret,0.0
TMO,21,101,beta_spy,0.018951
TMO,21,101,res_vol,0.010074
TMO,21,101,res_vol_vel,0.006973
TMO,21,101,price_regime,0.01364
TMO,21,101,corr_sector_21d,0.009398
TMO,21,101,corr_sector_252d,0.016616
TMO,21,101,sector_wedge,0.01698
TMO,21,102,rv_5d,0.136647
TMO,21,102,rv_10d,0.18915
TMO,21,102,rv_21d,0.089965
TMO,21,102,rv_63d,0.022704
TMO,21,102,rv_126d,0.017946
TMO,21,102,ewma_vol,0.005078
TMO,21,102,garch_cond_vol,0.006073
TMO,21,102,ret_TARGET,0.0
TMO,21,102,tech_RSI,0.005822
TMO,21,102,tech_MACD_hist,0.013487
TMO,21,102,ret_VIXY,0.006525
TMO,21,102,mom21_VIXY,0.015063
TMO,21,102,ret_HYG,0.0
TMO,21,102,mom21_HYG,0.01161
TMO,21,102,ret_USO,0.0
TMO,21,102,mom21_USO,0.017722
TMO,21,102,ret_TLT,0.0
TMO,21,102,mom21_TLT,0.013088
TMO,21,102,ret_UUP,0.0
TMO,21,102,mom21_UUP,0.008684
TMO,21,102,ret_SPY,0.011241
TMO,21,102,mom21_SPY,0.007275
TMO,21,102,vol_vel,0.004818
TMO,21,102,vol_of_vol,0.008748
TMO,21,102,vol_regime_zscore,0.006747
TMO,21,102,vol_chg_21d,0.005933
TMO,21,102,event_fed_gravity,0.012564
TMO,21,102,event_earn_gravity,0.0
TMO,21,102,event_div_gravity,0.0
TMO,21,102,event_cpi_gravity,0.016527
TMO,21,102,event_nfp_gravity,0.014502
TMO,21,102,put_call_skew_30d,0.027268
TMO,21,102,term_structure_slope,0.046824
TMO,21,102,vrp_wedge,0.023602
TMO,21,102,iv_atm_z_score,0.034424
TMO,21,102,macro_yield_curve_slope,0.016233
TMO,21,102,macro_hy_spread,0.014091
TMO,21,102,macro_hy_spread_chg_5d,0.024589
TMO,21,102,macro_breakeven_5y,0.017066
TMO,21,102,macro_inflation_fwd_5y5y,0.022439
TMO,21,102,macro_inflation_fwd_chg_21d,0.008008
TMO,21,102,macro_inflation_fwd_abs_chg_21d,0.003666
TMO,21,102,macro_inflation_fwd_chg_63d,0.007309
TMO,21,102,macro_inflation_fwd_zscore,0.014453
TMO,21,102,macro_dollar_ret,0.0
TMO,21,102,beta_spy,0.016353
TMO,21,102,res_vol,0.009054
TMO,21,102,res_vol_vel,0.006385
TMO,21,102,price_regime,0.01744
TMO,21,102,corr_sector_21d,0.009645
TMO,21,102,corr_sector_252d,0.017687
TMO,21,102,sector_wedge,0.015544
TMO,21,103,rv_5d,0.148393
TMO,21,103,rv_10d,0.180453
TMO,21,103,rv_21d,0.091366
TMO,21,103,rv_63d,0.022915
TMO,21,103,rv_126d,0.018024
TMO,21,103,ewma_vol,0.011586
TMO,21,103,garch_cond_vol,0.007857
TMO,21,103,ret_TARGET,0.0
TMO,21,103,tech_RSI,0.005802
TMO,21,103,tech_MACD_hist,0.012382
TMO,21,103,ret_VIXY,0.004855
TMO,21,103,mom21_VIXY,0.011501
TMO,21,103,ret_HYG,0.0
TMO,21,103,mom21_HYG,0.011435
TMO,21,103,ret_USO,0.0
TMO,21,103,mom21_USO,0.016508
TMO,21,103,ret_TLT,0.0
TMO,21,103,mom21_TLT,0.013886
TMO,21,103,ret_UUP,0.0
TMO,21,103,mom21_UUP,0.005515
TMO,21,103,ret_SPY,0.0
TMO,21,103,mom21_SPY,0.008492
TMO,21,103,vol_vel,0.004956
TMO,21,103,vol_of_vol,0.008819
TMO,21,103,vol_regime_zscore,0.00632
TMO,21,103,vol_chg_21d,0.004838
TMO,21,103,event_fed_gravity,0.009732
TMO,21,103,event_earn_gravity,0.0
TMO,21,103,event_div_gravity,0.0
TMO,21,103,event_cpi_gravity,0.013645
TMO,21,103,event_nfp_gravity,0.01373
TMO,21,103,put_call_skew_30d,0.043634
TMO,21,103,term_structure_slope,0.050268
TMO,21,103,vrp_wedge,0.020663
TMO,21,103,iv_atm_z_score,0.033238
TMO,21,103,macro_yield_curve_slope,0.014933
TMO,21,103,macro_hy_spread,0.014671
TMO,21,103,macro_hy_spread_chg_5d,0.040367
TMO,21,103,macro_breakeven_5y,0.012804
TMO,21,103,macro_inflation_fwd_5y5y,0.018136
TMO,21,103,macro_inflation_fwd_chg_21d,0.007357
TMO,21,103,macro_inflation_fwd_abs_chg_21d,0.0
TMO,21,103,macro_inflation_fwd_chg_63d,0.00646
TMO,21,103,macro_inflation_fwd_zscore,0.011852
TMO,21,103,macro_dollar_ret,0.0
TMO,21,103,beta_spy,0.018539
TMO,21,103,res_vol,0.008499
TMO,21,103,res_vol_vel,0.004475
TMO,21,103,price_regime,0.01863
TMO,21,103,corr_sector_21d,0.009231
TMO,21,103,corr_sector_252d,0.017523
TMO,21,103,sector_wedge,0.015712
TMO,21,104,rv_5d,0.113564
TMO,21,104,rv_10d,0.182984
TMO,21,104,rv_21d,0.096556
TMO,21,104,rv_63d,0.027334
TMO,21,104,rv_126d,0.019898
TMO,21,104,ewma_vol,0.011054
TMO,21,104,garch_cond_vol,0.005878
TMO,21,104,ret_TARGET,0.002807
TMO,21,104,tech_RSI,0.005289
TMO,21,104,tech_MACD_hist,0.01039
TMO,21,104,ret_VIXY,0.004821
TMO,21,104,mom21_VIXY,0.012758
TMO,21,104,ret_HYG,0.0
TMO,21,104,mom21_HYG,0.014667
TMO,21,104,ret_USO,0.003878
TMO,21,104,mom21_USO,0.016889
TMO,21,104,ret_TLT,0.0
TMO,21,104,mom21_TLT,0.009659
TMO,21,104,ret_UUP,0.003331
TMO,21,104,mom21_UUP,0.006871
TMO,21,104,ret_SPY,0.003814
TMO,21,104,mom21_SPY,0.006563
TMO,21,104,vol_vel,0.004
TMO,21,104,vol_of_vol,0.006914
TMO,21,104,vol_regime_zscore,0.007111
TMO,21,104,vol_chg_21d,0.011613
TMO,21,104,event_fed_gravity,0.012596
TMO,21,104,event_earn_gravity,0.0
TMO,21,104,event_div_gravity,0.0
TMO,21,104,event_cpi_gravity,0.015446
TMO,21,104,event_nfp_gravity,0.017775
TMO,21,104,put_call_skew_30d,0.034543
TMO,21,104,term_structure_slope,0.050674
TMO,21,104,vrp_wedge,0.020782
TMO,21,104,iv_atm_z_score,0.033817
TMO,21,104,macro_yield_curve_slope,0.015408
TMO,21,104,macro_hy_spread,0.01474
TMO,21,104,macro_hy_spread_chg_5d,0.025002
TMO,21,104,macro_breakeven_5y,0.01357
TMO,21,104,macro_inflation_fwd_5y5y,0.021006
TMO,21,104,macro_inflation_fwd_chg_21d,0.00766
TMO,21,104,macro_inflation_fwd_abs_chg_21d,0.005358
TMO,21,104,macro_inflation_fwd_chg_63d,0.008405
TMO,21,104,macro_inflation_fwd_zscore,0.015158
TMO,21,104,macro_dollar_ret,0.0
TMO,21,104,beta_spy,0.017461
TMO,21,104,res_vol,0.008964
TMO,21,104,res_vol_vel,0.005953
TMO,21,104,price_regime,0.021091
TMO,21,104,corr_sector_21d,0.010399
TMO,21,104,corr_sector_252d,0.019102
TMO,21,104,sector_wedge,0.01645
TMO,21,105,rv_5d,0.114977
TMO,21,105,rv_10d,0.205421
TMO,21,105,rv_21d,0.075825
TMO,21,105,rv_63d,0.025393
TMO,21,105,rv_126d,0.020698
TMO,21,105,ewma_vol,0.016056
TMO,21,105,garch_cond_vol,0.006916
TMO,21,105,ret_TARGET,0.0
TMO,21,105,tech_RSI,0.006093
TMO,21,105,tech_MACD_hist,0.015357
TMO,21,105,ret_VIXY,0.003966
TMO,21,105,mom21_VIXY,0.015178
TMO,21,105,ret_HYG,0.0
TMO,21,105,mom21_HYG,0.011172
TMO,21,105,ret_USO,0.0
TMO,21,105,mom21_USO,0.015986
TMO,21,105,ret_TLT,0.0
TMO,21,105,mom21_TLT,0.009293
TMO,21,105,ret_UUP,0.0
TMO,21,105,mom21_UUP,0.008079
TMO,21,105,ret_SPY,0.006641
TMO,21,105,mom21_SPY,0.006566
TMO,21,105,vol_vel,0.0
TMO,21,105,vol_of_vol,0.007705
TMO,21,105,vol_regime_zscore,0.006868
TMO,21,105,vol_chg_21d,0.008926
TMO,21,105,event_fed_gravity,0.009692
TMO,21,105,event_earn_gravity,0.0
TMO,21,105,event_div_gravity,0.0
TMO,21,105,event_cpi_gravity,0.014014
TMO,21,105,event_nfp_gravity,0.023453
TMO,21,105,put_call_skew_30d,0.051625
TMO,21,105,term_structure_slope,0.056149
TMO,21,105,vrp_wedge,0.019536
TMO,21,105,iv_atm_z_score,0.031746
TMO,21,105,macro_yield_curve_slope,0.015244
TMO,21,105,macro_hy_spread,0.015009
TMO,21,105,macro_hy_spread_chg_5d,0.018463
TMO,21,105,macro_breakeven_5y,0.015801
TMO,21,105,macro_inflation_fwd_5y5y,0.019905
TMO,21,105,macro_inflation_fwd_chg_21d,0.007904
TMO,21,105,macro_inflation_fwd_abs_chg_21d,0.005171
TMO,21,105,macro_inflation_fwd_chg_63d,0.006481
TMO,21,105,macro_inflation_fwd_zscore,0.012291
TMO,21,105,macro_dollar_ret,0.0
TMO,21,105,beta_spy,0.015676
TMO,21,105,res_vol,0.008879
TMO,21,105,res_vol_vel,0.006922
TMO,21,105,price_regime,0.013604
TMO,21,105,corr_sector_21d,0.008287
TMO,21,105,corr_sector_252d,0.016773
TMO,21,105,sector_wedge,0.02026
TMO,21,106,rv_5d,0.128531
TMO,21,106,rv_10d,0.198632
TMO,21,106,rv_21d,0.076054
TMO,21,106,rv_63d,0.022622
TMO,21,106,rv_126d,0.020211
TMO,21,106,ewma_vol,0.012349
TMO,21,106,garch_cond_vol,0.009719
TMO,21,106,ret_TARGET,0.0
TMO,21,106,tech_RSI,0.006553
TMO,21,106,tech_MACD_hist,0.012387
TMO,21,106,ret_VIXY,0.004884
TMO,21,106,mom21_VIXY,0.011581
TMO,21,106,ret_HYG,0.0
TMO,21,106,mom21_HYG,0.00938
TMO,21,106,ret_USO,0.00381
TMO,21,106,mom21_USO,0.016297
TMO,21,106,ret_TLT,0.0
TMO,21,106,mom21_TLT,0.01247
TMO,21,106,ret_UUP,0.0
TMO,21,106,mom21_UUP,0.008001
TMO,21,106,ret_SPY,0.005035
TMO,21,106,mom21_SPY,0.006311
TMO,21,106,vol_vel,0.003155
TMO,21,106,vol_of_vol,0.008266
TMO,21,106,vol_regime_zscore,0.005635
TMO,21,106,vol_chg_21d,0.006315
TMO,21,106,event_fed_gravity,0.010144
TMO,21,106,event_earn_gravity,0.0
TMO,21,106,event_div_gravity,0.0
TMO,21,106,event_cpi_gravity,0.011381
TMO,21,106,event_nfp_gravity,0.012837
TMO,21,106,put_call_skew_30d,0.0387
TMO,21,106,term_structure_slope,0.059106
TMO,21,106,vrp_wedge,0.019347
TMO,21,106,iv_atm_z_score,0.027906
TMO,21,106,macro_yield_curve_slope,0.014887
TMO,21,106,macro_hy_spread,0.014492
TMO,21,106,macro_hy_spread_chg_5d,0.047939
TMO,21,106,macro_breakeven_5y,0.015105
TMO,21,106,macro_inflation_fwd_5y5y,0.022254
TMO,21,106,macro_inflation_fwd_chg_21d,0.008046
TMO,21,106,macro_inflation_fwd_abs_chg_21d,0.005804
TMO,21,106,macro_inflation_fwd_chg_63d,0.007715
TMO,21,106,macro_inflation_fwd_zscore,0.011745
TMO,21,106,macro_dollar_ret,0.0
TMO,21,106,beta_spy,0.015305
TMO,21,106,res_vol,0.00857
TMO,21,106,res_vol_vel,0.005318
TMO,21,106,price_regime,0.014835
TMO,21,106,corr_sector_21d,0.008013
TMO,21,106,corr_sector_252d,0.015796
TMO,21,106,sector_wedge,0.016556
TMO,21,107,rv_5d,0.114874
TMO,21,107,rv_10d,0.186238
TMO,21,107,rv_21d,0.08609
TMO,21,107,rv_63d,0.024845
TMO,21,107,rv_126d,0.022959
TMO,21,107,ewma_vol,0.014903
TMO,21,107,garch_cond_vol,0.006911
TMO,21,107,ret_TARGET,0.0
TMO,21,107,tech_RSI,0.005678
TMO,21,107,tech_MACD_hist,0.013959
TMO,21,107,ret_VIXY,0.004503
TMO,21,107,mom21_VIXY,0.014698
TMO,21,107,ret_HYG,0.0
TMO,21,107,mom21_HYG,0.010921
TMO,21,107,ret_USO,0.003772
TMO,21,107,mom21_USO,0.017285
TMO,21,107,ret_TLT,0.0
TMO,21,107,mom21_TLT,0.009477
TMO,21,107,ret_UUP,0.0
TMO,21,107,mom21_UUP,0.00609
TMO,21,107,ret_SPY,0.006079
TMO,21,107,mom21_SPY,0.006096
TMO,21,107,vol_vel,0.005059
TMO,21,107,vol_of_vol,0.007065
TMO,21,107,vol_regime_zscore,0.006035
TMO,21,107,vol_chg_21d,0.007338
TMO,21,107,event_fed_gravity,0.010273
TMO,21,107,event_earn_gravity,0.0
TMO,21,107,event_div_gravity,0.0
TMO,21,107,event_cpi_gravity,0.012641
TMO,21,107,event_nfp_gravity,0.025141
TMO,21,107,put_call_skew_30d,0.038723
TMO,21,107,term_structure_slope,0.057001
TMO,21,107,vrp_wedge,0.020425
TMO,21,107,iv_atm_z_score,0.033466
TMO,21,107,macro_yield_curve_slope,0.014562
TMO,21,107,macro_hy_spread,0.014045
TMO,21,107,macro_hy_spread_chg_5d,0.027248
TMO,21,107,macro_breakeven_5y,0.016167
TMO,21,107,macro_inflation_fwd_5y5y,0.018596
TMO,21,107,macro_inflation_fwd_chg_21d,0.007326
TMO,21,107,macro_inflation_fwd_abs_chg_21d,0.005271
TMO,21,107,macro_inflation_fwd_chg_63d,0.00712
TMO,21,107,macro_inflation_fwd_zscore,0.012013
TMO,21,107,macro_dollar_ret,0.0
TMO,21,107,beta_spy,0.016172
TMO,21,107,res_vol,0.009582
TMO,21,107,res_vol_vel,0.004818
TMO,21,107,price_regime,0.01765
TMO,21,107,corr_sector_21d,0.009802
TMO,21,107,corr_sector_252d,0.019288
TMO,21,107,sector_wedge,0.021798
TMO,21,108,rv_5d,0.119666
TMO,21,108,rv_10d,0.181388
TMO,21,108,rv_21d,0.073697
TMO,21,108,rv_63d,0.025326
TMO,21,108,rv_126d,0.024248
TMO,21,108,ewma_vol,0.011285
TMO,21,108,garch_cond_vol,0.006228
TMO,21,108,ret_TARGET,0.0
TMO,21,108,tech_RSI,0.004455
TMO,21,108,tech_MACD_hist,0.012896
TMO,21,108,ret_VIXY,0.004959
TMO,21,108,mom21_VIXY,0.013579
TMO,21,108,ret_HYG,0.0
TMO,21,108,mom21_HYG,0.01169
TMO,21,108,ret_USO,0.0
TMO,21,108,mom21_USO,0.017132
TMO,21,108,ret_TLT,0.0
TMO,21,108,mom21_TLT,0.010082
TMO,21,108,ret_UUP,0.0
TMO,21,108,mom21_UUP,0.006696
TMO,21,108,ret_SPY,0.006625
TMO,21,108,mom21_SPY,0.007727
TMO,21,108,vol_vel,0.010268
TMO,21,108,vol_of_vol,0.008603
TMO,21,108,vol_regime_zscore,0.006154
TMO,21,108,vol_chg_21d,0.007096
TMO,21,108,event_fed_gravity,0.012632
TMO,21,108,event_earn_gravity,0.0
TMO,21,108,event_div_gravity,0.0
TMO,21,108,event_cpi_gravity,0.014012
TMO,21,108,event_nfp_gravity,0.016917
TMO,21,108,put_call_skew_30d,0.046162
TMO,21,108,term_structure_slope,0.059943
TMO,21,108,vrp_wedge,0.021463
TMO,21,108,iv_atm_z_score,0.035307
TMO,21,108,macro_yield_curve_slope,0.016917
TMO,21,108,macro_hy_spread,0.017097
TMO,21,108,macro_hy_spread_chg_5d,0.028913
TMO,21,108,macro_breakeven_5y,0.015388
TMO,21,108,macro_inflation_fwd_5y5y,0.020352
TMO,21,108,macro_inflation_fwd_chg_21d,0.007068
TMO,21,108,macro_inflation_fwd_abs_chg_21d,0.0
TMO,21,108,macro_inflation_fwd_chg_63d,0.007266
TMO,21,108,macro_inflation_fwd_zscore,0.014274
TMO,21,108,macro_dollar_ret,0.0
TMO,21,108,beta_spy,0.015448
TMO,21,108,res_vol,0.010784
TMO,21,108,res_vol_vel,0.008252
TMO,21,108,price_regime,0.016022
TMO,21,108,corr_sector_21d,0.009764
TMO,21,108,corr_sector_252d,0.01705
TMO,21,108,sector_wedge,0.019169
TMO,21,109,rv_5d,0.124916
TMO,21,109,rv_10d,0.185007
TMO,21,109,rv_21d,0.071894
TMO,21,109,rv_63d,0.026339
TMO,21,109,rv_126d,0.024798
TMO,21,109,ewma_vol,0.013048
TMO,21,109,garch_cond_vol,0.007334
TMO,21,109,ret_TARGET,0.0
TMO,21,109,tech_RSI,0.004504
TMO,21,109,tech_MACD_hist,0.013555
TMO,21,109,ret_VIXY,0.004662
TMO,21,109,mom21_VIXY,0.017066
TMO,21,109,ret_HYG,0.0
TMO,21,109,mom21_HYG,0.011511
TMO,21,109,ret_USO,0.0
TMO,21,109,mom21_USO,0.017453
TMO,21,109,ret_TLT,0.0
TMO,21,109,mom21_TLT,0.011271
TMO,21,109,ret_UUP,0.004926
TMO,21,109,mom21_UUP,0.007869
TMO,21,109,ret_SPY,0.0
TMO,21,109,mom21_SPY,0.006127
TMO,21,109,vol_vel,0.006561
TMO,21,109,vol_of_vol,0.00776
TMO,21,109,vol_regime_zscore,0.006861
TMO,21,109,vol_chg_21d,0.006296
TMO,21,109,event_fed_gravity,0.011992
TMO,21,109,event_earn_gravity,0.0
TMO,21,109,event_div_gravity,0.0
TMO,21,109,event_cpi_gravity,0.012845
TMO,21,109,event_nfp_gravity,0.016751
TMO,21,109,put_call_skew_30d,0.044663
TMO,21,109,term_structure_slope,0.049523
TMO,21,109,vrp_wedge,0.021553
TMO,21,109,iv_atm_z_score,0.03353
TMO,21,109,macro_yield_curve_slope,0.01693
TMO,21,109,macro_hy_spread,0.015668
TMO,21,109,macro_hy_spread_chg_5d,0.026608
TMO,21,109,macro_breakeven_5y,0.013361
TMO,21,109,macro_inflation_fwd_5y5y,0.017409
TMO,21,109,macro_inflation_fwd_chg_21d,0.008383
TMO,21,109,macro_inflation_fwd_abs_chg_21d,0.010276
TMO,21,109,macro_inflation_fwd_chg_63d,0.007342
TMO,21,109,macro_inflation_fwd_zscore,0.015332
TMO,21,109,macro_dollar_ret,0.0
TMO,21,109,beta_spy,0.016619
TMO,21,109,res_vol,0.009655
TMO,21,109,res_vol_vel,0.005661
TMO,21,109,price_regime,0.018707
TMO,21,109,corr_sector_21d,0.009507
TMO,21,109,corr_sector_252d,0.01644
TMO,21,109,sector_wedge,0.021491
TMO,21,110,rv_5d,0.109996
TMO,21,110,rv_10d,0.227578
TMO,21,110,rv_21d,0.100391
TMO,21,110,rv_63d,0.022562
TMO,21,110,rv_126d,0.022836
TMO,21,110,ewma_vol,0.010452
TMO,21,110,garch_cond_vol,0.005123
TMO,21,110,ret_TARGET,0.0
TMO,21,110,tech_RSI,0.004673
TMO,21,110,tech_MACD_hist,0.015734
TMO,21,110,ret_VIXY,0.005945
TMO,21,110,mom21_VIXY,0.01524
TMO,21,110,ret_HYG,0.0
TMO,21,110,mom21_HYG,0.008241
TMO,21,110,ret_USO,0.0
TMO,21,110,mom21_USO,0.017213
TMO,21,110,ret_TLT,0.0
TMO,21,110,mom21_TLT,0.006968
TMO,21,110,ret_UUP,0.0
TMO,21,110,mom21_UUP,0.00746
TMO,21,110,ret_SPY,0.0
TMO,21,110,mom21_SPY,0.006063
TMO,21,110,vol_vel,0.005017
TMO,21,110,vol_of_vol,0.00745
TMO,21,110,vol_regime_zscore,0.006398
TMO,21,110,vol_chg_21d,0.004812
TMO,21,110,event_fed_gravity,0.010125
TMO,21,110,event_earn_gravity,0.0
TMO,21,110,event_div_gravity,0.0
TMO,21,110,event_cpi_gravity,0.010522
TMO,21,110,event_nfp_gravity,0.014952
TMO,21,110,put_call_skew_30d,0.054086
TMO,21,110,term_structure_slope,0.04821
TMO,21,110,vrp_wedge,0.021658
TMO,21,110,iv_atm_z_score,0.034181
TMO,21,110,macro_yield_curve_slope,0.013663
TMO,21,110,macro_hy_spread,0.013774
TMO,21,110,macro_hy_spread_chg_5d,0.011936
TMO,21,110,macro_breakeven_5y,0.013107
TMO,21,110,macro_inflation_fwd_5y5y,0.019957
TMO,21,110,macro_inflation_fwd_chg_21d,0.00677
TMO,21,110,macro_inflation_fwd_abs_chg_21d,0.005976
TMO,21,110,macro_inflation_fwd_chg_63d,0.005955
TMO,21,110,macro_inflation_fwd_zscore,0.007743
TMO,21,110,macro_dollar_ret,0.0
TMO,21,110,beta_spy,0.016814
TMO,21,110,res_vol,0.009604
TMO,21,110,res_vol_vel,0.005915
TMO,21,110,price_regime,0.02315
TMO,21,110,corr_sector_21d,0.006141
TMO,21,110,corr_sector_252d,0.016124
TMO,21,110,sector_wedge,0.019486
TMO,21,111,rv_5d,0.134145
TMO,21,111,rv_10d,0.223788
TMO,21,111,rv_21d,0.074324
TMO,21,111,rv_63d,0.022997
TMO,21,111,rv_126d,0.025618
TMO,21,111,ewma_vol,0.009792
TMO,21,111,garch_cond_vol,0.005048
TMO,21,111,ret_TARGET,0.0
TMO,21,111,tech_RSI,0.0
TMO,21,111,tech_MACD_hist,0.015066
TMO,21,111,ret_VIXY,0.004268
TMO,21,111,mom21_VIXY,0.012613
TMO,21,111,ret_HYG,0.0
TMO,21,111,mom21_HYG,0.0094
TMO,21,111,ret_USO,0.0
TMO,21,111,mom21_USO,0.019154
TMO,21,111,ret_TLT,0.0
TMO,21,111,mom21_TLT,0.008563
TMO,21,111,ret_UUP,0.0
TMO,21,111,mom21_UUP,0.008444
TMO,21,111,ret_SPY,0.0
TMO,21,111,mom21_SPY,0.006516
TMO,21,111,vol_vel,0.004262
TMO,21,111,vol_of_vol,0.007178
TMO,21,111,vol_regime_zscore,0.006324
TMO,21,111,vol_chg_21d,0.008542
TMO,21,111,event_fed_gravity,0.00925
TMO,21,111,event_earn_gravity,0.0
TMO,21,111,event_div_gravity,0.0
TMO,21,111,event_cpi_gravity,0.00827
TMO,21,111,event_nfp_gravity,0.015974
TMO,21,111,put_call_skew_30d,0.051689
TMO,21,111,term_structure_slope,0.050286
TMO,21,111,vrp_wedge,0.019043
TMO,21,111,iv_atm_z_score,0.032645
TMO,21,111,macro_yield_curve_slope,0.015001
TMO,21,111,macro_hy_spread,0.015343
TMO,21,111,macro_hy_spread_chg_5d,0.018292
TMO,21,111,macro_breakeven_5y,0.016688
TMO,21,111,macro_inflation_fwd_5y5y,0.019091
TMO,21,111,macro_inflation_fwd_chg_21d,0.007403
TMO,21,111,macro_inflation_fwd_abs_chg_21d,0.0
TMO,21,111,macro_inflation_fwd_chg_63d,0.007837
TMO,21,111,macro_inflation_fwd_zscore,0.00721
TMO,21,111,macro_dollar_ret,0.0
TMO,21,111,beta_spy,0.016938
TMO,21,111,res_vol,0.009373
TMO,21,111,res_vol_vel,0.010211
TMO,21,111,price_regime,0.018971
TMO,21,111,corr_sector_21d,0.007879
TMO,21,111,corr_sector_252d,0.015275
TMO,21,111,sector_wedge,0.021291
TMO,21,112,rv_5d,0.130723
TMO,21,112,rv_10d,0.176675
TMO,21,112,rv_21d,0.086447
TMO,21,112,rv_63d,0.022341
TMO,21,112,rv_126d,0.023477
TMO,21,112,ewma_vol,0.010574
TMO,21,112,garch_cond_vol,0.003551
TMO,21,112,ret_TARGET,0.0
TMO,21,112,tech_RSI,0.003179
TMO,21,112,tech_MACD_hist,0.014712
TMO,21,112,ret_VIXY,0.00433
TMO,21,112,mom21_VIXY,0.010782
TMO,21,112,ret_HYG,0.0
TMO,21,112,mom21_HYG,0.007974
TMO,21,112,ret_USO,0.007896
TMO,21,112,mom21_USO,0.016969
TMO,21,112,ret_TLT,0.0
TMO,21,112,mom21_TLT,0.00653
TMO,21,112,ret_UUP,0.0
TMO,21,112,mom21_UUP,0.006488
TMO,21,112,ret_SPY,0.009445
TMO,21,112,mom21_SPY,0.006324
TMO,21,112,vol_vel,0.004078
TMO,21,112,vol_of_vol,0.006509
TMO,21,112,vol_regime_zscore,0.005638
TMO,21,112,vol_chg_21d,0.009217
TMO,21,112,event_fed_gravity,0.013979
TMO,21,112,event_earn_gravity,0.0
TMO,21,112,event_div_gravity,0.0
TMO,21,112,event_cpi_gravity,0.011464
TMO,21,112,event_nfp_gravity,0.013633
TMO,21,112,put_call_skew_30d,0.04584
TMO,21,112,term_structure_slope,0.047642
TMO,21,112,vrp_wedge,0.019634
TMO,21,112,iv_atm_z_score,0.033454
TMO,21,112,macro_yield_curve_slope,0.013294
TMO,21,112,macro_hy_spread,0.013981
TMO,21,112,macro_hy_spread_chg_5d,0.05482
TMO,21,112,macro_breakeven_5y,0.011533
TMO,21,112,macro_inflation_fwd_5y5y,0.019768
TMO,21,112,macro_inflation_fwd_chg_21d,0.006769
TMO,21,112,macro_inflation_fwd_abs_chg_21d,0.006591
TMO,21,112,macro_inflation_fwd_chg_63d,0.007083
TMO,21,112,macro_inflation_fwd_zscore,0.013333
TMO,21,112,macro_dollar_ret,0.0
TMO,21,112,beta_spy,0.017321
TMO,21,112,res_vol,0.01004
TMO,21,112,res_vol_vel,0.00662
TMO,21,112,price_regime,0.015818
TMO,21,112,corr_sector_21d,0.008655
TMO,21,112,corr_sector_252d,0.016119
TMO,21,112,sector_wedge,0.018751
TMO,21,113,rv_5d,0.120398
TMO,21,113,rv_10d,0.227029
TMO,21,113,rv_21d,0.078692
TMO,21,113,rv_63d,0.023256
TMO,21,113,rv_126d,0.024931
TMO,21,113,ewma_vol,0.008863
TMO,21,113,garch_cond_vol,0.008473
TMO,21,113,ret_TARGET,0.0
TMO,21,113,tech_RSI,0.004572
TMO,21,113,tech_MACD_hist,0.017785
TMO,21,113,ret_VIXY,0.004313
TMO,21,113,mom21_VIXY,0.014803
TMO,21,113,ret_HYG,0.0
TMO,21,113,mom21_HYG,0.009405
TMO,21,113,ret_USO,0.0
TMO,21,113,mom21_USO,0.015916
TMO,21,113,ret_TLT,0.0
TMO,21,113,mom21_TLT,0.006754
TMO,21,113,ret_UUP,0.0
TMO,21,113,mom21_UUP,0.008196
TMO,21,113,ret_SPY,0.0
TMO,21,113,mom21_SPY,0.005054
TMO,21,113,vol_vel,0.003874
TMO,21,113,vol_of_vol,0.007044
TMO,21,113,vol_regime_zscore,0.006164
TMO,21,113,vol_chg_21d,0.005796
TMO,21,113,event_fed_gravity,0.008714
TMO,21,113,event_earn_gravity,0.0
TMO,21,113,event_div_gravity,0.0
TMO,21,113,event_cpi_gravity,0.012251
TMO,21,113,event_nfp_gravity,0.017628
TMO,21,113,put_call_skew_30d,0.048018
TMO,21,113,term_structure_slope,0.043426
TMO,21,113,vrp_wedge,0.017827
TMO,21,113,iv_atm_z_score,0.032712
TMO,21,113,macro_yield_curve_slope,0.014755
TMO,21,113,macro_hy_spread,0.013931
TMO,21,113,macro_hy_spread_chg_5d,0.028889
TMO,21,113,macro_breakeven_5y,0.016533
TMO,21,113,macro_inflation_fwd_5y5y,0.016525
TMO,21,113,macro_inflation_fwd_chg_21d,0.007021
TMO,21,113,macro_inflation_fwd_abs_chg_21d,0.009548
TMO,21,113,macro_inflation_fwd_chg_63d,0.005535
TMO,21,113,macro_inflation_fwd_zscore,0.015574
TMO,21,113,macro_dollar_ret,0.0
TMO,21,113,beta_spy,0.016286
TMO,21,113,res_vol,0.00825
TMO,21,113,res_vol_vel,0.005039
TMO,21,113,price_regime,0.017967
TMO,21,113,corr_sector_21d,0.00816
TMO,21,113,corr_sector_252d,0.015109
TMO,21,113,sector_wedge,0.018983
TMO,21,114,rv_5d,0.141113
TMO,21,114,rv_10d,0.18426
TMO,21,114,rv_21d,0.083388
TMO,21,114,rv_63d,0.02519
TMO,21,114,rv_126d,0.023808
TMO,21,114,ewma_vol,0.009215
TMO,21,114,garch_cond_vol,0.0059
TMO,21,114,ret_TARGET,0.0
TMO,21,114,tech_RSI,0.003837
TMO,21,114,tech_MACD_hist,0.017128
TMO,21,114,ret_VIXY,0.005923
TMO,21,114,mom21_VIXY,0.015055
TMO,21,114,ret_HYG,0.0
TMO,21,114,mom21_HYG,0.009573
TMO,21,114,ret_USO,0.0
TMO,21,114,mom21_USO,0.018114
TMO,21,114,ret_TLT,0.0
TMO,21,114,mom21_TLT,0.005766
TMO,21,114,ret_UUP,0.0
TMO,21,114,mom21_UUP,0.006647
TMO,21,114,ret_SPY,0.009114
TMO,21,114,mom21_SPY,0.006562
TMO,21,114,vol_vel,0.003723
TMO,21,114,vol_of_vol,0.008402
TMO,21,114,vol_regime_zscore,0.005535
TMO,21,114,vol_chg_21d,0.005895
TMO,21,114,event_fed_gravity,0.01057
TMO,21,114,event_earn_gravity,0.0
TMO,21,114,event_div_gravity,0.0
TMO,21,114,event_cpi_gravity,0.012883
TMO,21,114,event_nfp_gravity,0.014353
TMO,21,114,put_call_skew_30d,0.050044
TMO,21,114,term_structure_slope,0.0426
TMO,21,114,vrp_wedge,0.021228
TMO,21,114,iv_atm_z_score,0.03639
TMO,21,114,macro_yield_curve_slope,0.01506
TMO,21,114,macro_hy_spread,0.015045
TMO,21,114,macro_hy_spread_chg_5d,0.02303
TMO,21,114,macro_breakeven_5y,0.013104
TMO,21,114,macro_inflation_fwd_5y5y,0.023364
TMO,21,114,macro_inflation_fwd_chg_21d,0.009311
TMO,21,114,macro_inflation_fwd_abs_chg_21d,0.006421
TMO,21,114,macro_inflation_fwd_chg_63d,0.007645
TMO,21,114,macro_inflation_fwd_zscore,0.008375
TMO,21,114,macro_dollar_ret,0.0
TMO,21,114,beta_spy,0.016593
TMO,21,114,res_vol,0.00998
TMO,21,114,res_vol_vel,0.007303
TMO,21,114,price_regime,0.016366
TMO,21,114,corr_sector_21d,0.009092
TMO,21,114,corr_sector_252d,0.014836
TMO,21,114,sector_wedge,0.02226
TMO,21,115,rv_5d,0.159986
TMO,21,115,rv_10d,0.203647
TMO,21,115,rv_21d,0.060062
TMO,21,115,rv_63d,0.031961
TMO,21,115,rv_126d,0.024466
TMO,21,115,ewma_vol,0.007824
TMO,21,115,garch_cond_vol,0.008025
TMO,21,115,ret_TARGET,0.0
TMO,21,115,tech_RSI,0.003318
TMO,21,115,tech_MACD_hist,0.012674
TMO,21,115,ret_VIXY,0.005668
TMO,21,115,mom21_VIXY,0.01542
TMO,21,115,ret_HYG,0.0
TMO,21,115,mom21_HYG,0.009069
TMO,21,115,ret_USO,0.0
TMO,21,115,mom21_USO,0.015758
TMO,21,115,ret_TLT,0.0
TMO,21,115,mom21_TLT,0.005642
TMO,21,115,ret_UUP,0.0
TMO,21,115,mom21_UUP,0.00667
TMO,21,115,ret_SPY,0.009136
TMO,21,115,mom21_SPY,0.008408
TMO,21,115,vol_vel,0.003426
TMO,21,115,vol_of_vol,0.008225
TMO,21,115,vol_regime_zscore,0.007884
TMO,21,115,vol_chg_21d,0.01002
TMO,21,115,event_fed_gravity,0.009765
TMO,21,115,event_earn_gravity,0.0
TMO,21,115,event_div_gravity,0.0
TMO,21,115,event_cpi_gravity,0.012021
TMO,21,115,event_nfp_gravity,0.015744
TMO,21,115,put_call_skew_30d,0.04215
TMO,21,115,term_structure_slope,0.046154
TMO,21,115,vrp_wedge,0.021075
TMO,21,115,iv_atm_z_score,0.037994
TMO,21,115,macro_yield_curve_slope,0.0157
TMO,21,115,macro_hy_spread,0.01319
TMO,21,115,macro_hy_spread_chg_5d,0.014336
TMO,21,115,macro_breakeven_5y,0.014503
TMO,21,115,macro_inflation_fwd_5y5y,0.018748
TMO,21,115,macro_inflation_fwd_chg_21d,0.006333
TMO,21,115,macro_inflation_fwd_abs_chg_21d,0.007871
TMO,21,115,macro_inflation_fwd_chg_63d,0.005171
TMO,21,115,macro_inflation_fwd_zscore,0.008697
TMO,21,115,macro_dollar_ret,0.0
TMO,21,115,beta_spy,0.015681
TMO,21,115,res_vol,0.010648
TMO,21,115,res_vol_vel,0.005228
TMO,21,115,price_regime,0.016183
TMO,21,115,corr_sector_21d,0.009369
TMO,21,115,corr_sector_252d,0.015774
TMO,21,115,sector_wedge,0.020375
TMO,21,116,rv_5d,0.133872
TMO,21,116,rv_10d,0.172461
TMO,21,116,rv_21d,0.083027
TMO,21,116,rv_63d,0.038585
TMO,21,116,rv_126d,0.023658
TMO,21,116,ewma_vol,0.013499
TMO,21,116,garch_cond_vol,0.008337
TMO,21,116,ret_TARGET,0.0
TMO,21,116,tech_RSI,0.005397
TMO,21,116,tech_MACD_hist,0.017314
TMO,21,116,ret_VIXY,0.005993
TMO,21,116,mom21_VIXY,0.018379
TMO,21,116,ret_HYG,0.0
TMO,21,116,mom21_HYG,0.010463
TMO,21,116,ret_USO,0.0
TMO,21,116,mom21_USO,0.016959
TMO,21,116,ret_TLT,0.0
TMO,21,116,mom21_TLT,0.006594
TMO,21,116,ret_UUP,0.0
TMO,21,116,mom21_UUP,0.007712
TMO,21,116,ret_SPY,0.0
TMO,21,116,mom21_SPY,0.009099
TMO,21,116,vol_vel,0.003648
TMO,21,116,vol_of_vol,0.009139
TMO,21,116,vol_regime_zscore,0.008342
TMO,21,116,vol_chg_21d,0.010767
TMO,21,116,event_fed_gravity,0.009998
TMO,21,116,event_earn_gravity,0.0
TMO,21,116,event_div_gravity,0.0
TMO,21,116,event_cpi_gravity,0.01206
TMO,21,116,event_nfp_gravity,0.017903
TMO,21,116,put_call_skew_30d,0.046541
TMO,21,116,term_structure_slope,0.052963
TMO,21,116,vrp_wedge,0.019504
TMO,21,116,iv_atm_z_score,0.040223
TMO,21,116,macro_yield_curve_slope,0.016117
TMO,21,116,macro_hy_spread,0.01614
TMO,21,116,macro_hy_spread_chg_5d,0.0
TMO,21,116,macro_breakeven_5y,0.015416
TMO,21,116,macro_inflation_fwd_5y5y,0.021062
TMO,21,116,macro_inflation_fwd_chg_21d,0.009142
TMO,21,116,macro_inflation_fwd_abs_chg_21d,0.0
TMO,21,116,macro_inflation_fwd_chg_63d,0.008102
TMO,21,116,macro_inflation_fwd_zscore,0.013819
TMO,21,116,macro_dollar_ret,0.0
TMO,21,116,beta_spy,0.016143
TMO,21,116,res_vol,0.009776
TMO,21,116,res_vol_vel,0.003885
TMO,21,116,price_regime,0.019843
TMO,21,116,corr_sector_21d,0.009954
TMO,21,116,corr_sector_252d,0.016119
TMO,21,116,sector_wedge,0.022043
TMO,21,117,rv_5d,0.127334
TMO,21,117,rv_10d,0.178007
TMO,21,117,rv_21d,0.076966
TMO,21,117,rv_63d,0.029419
TMO,21,117,rv_126d,0.025594
TMO,21,117,ewma_vol,0.012213
TMO,21,117,garch_cond_vol,0.005304
TMO,21,117,ret_TARGET,0.0
TMO,21,117,tech_RSI,0.004364
TMO,21,117,tech_MACD_hist,0.018088
TMO,21,117,ret_VIXY,0.004395
TMO,21,117,mom21_VIXY,0.018384
TMO,21,117,ret_HYG,0.0
TMO,21,117,mom21_HYG,0.010946
TMO,21,117,ret_USO,0.0
TMO,21,117,mom21_USO,0.017785
TMO,21,117,ret_TLT,0.0
TMO,21,117,mom21_TLT,0.006889
TMO,21,117,ret_UUP,0.0
TMO,21,117,mom21_UUP,0.00608
TMO,21,117,ret_SPY,0.007103
TMO,21,117,mom21_SPY,0.00838
TMO,21,117,vol_vel,0.005139
TMO,21,117,vol_of_vol,0.006996
TMO,21,117,vol_regime_zscore,0.010166
TMO,21,117,vol_chg_21d,0.010122
TMO,21,117,event_fed_gravity,0.009828
TMO,21,117,event_earn_gravity,0.0
TMO,21,117,event_div_gravity,0.0
TMO,21,117,event_cpi_gravity,0.010266
TMO,21,117,event_nfp_gravity,0.014675
TMO,21,117,put_call_skew_30d,0.053016
TMO,21,117,term_structure_slope,0.051571
TMO,21,117,vrp_wedge,0.020506
TMO,21,117,iv_atm_z_score,0.0363
TMO,21,117,macro_yield_curve_slope,0.016356
TMO,21,117,macro_hy_spread,0.016377
TMO,21,117,macro_hy_spread_chg_5d,0.019745
TMO,21,117,macro_breakeven_5y,0.01447
TMO,21,117,macro_inflation_fwd_5y5y,0.020553
TMO,21,117,macro_inflation_fwd_chg_21d,0.006876
TMO,21,117,macro_inflation_fwd_abs_chg_21d,0.009671
TMO,21,117,macro_inflation_fwd_chg_63d,0.005014
TMO,21,117,macro_inflation_fwd_zscore,0.013244
TMO,21,117,macro_dollar_ret,0.0
TMO,21,117,beta_spy,0.014207
TMO,21,117,res_vol,0.010452
TMO,21,117,res_vol_vel,0.004599
TMO,21,117,price_regime,0.01862
TMO,21,117,corr_sector_21d,0.009314
TMO,21,117,corr_sector_252d,0.015238
TMO,21,117,sector_wedge,0.019428
TMO,21,118,rv_5d,0.13894
TMO,21,118,rv_10d,0.178363
TMO,21,118,rv_21d,0.069398
TMO,21,118,rv_63d,0.036117
TMO,21,118,rv_126d,0.027422
TMO,21,118,ewma_vol,0.012464
TMO,21,118,garch_cond_vol,0.006625
TMO,21,118,ret_TARGET,0.0
TMO,21,118,tech_RSI,0.005289
TMO,21,118,tech_MACD_hist,0.016399
TMO,21,118,ret_VIXY,0.006013
TMO,21,118,mom21_VIXY,0.016883
TMO,21,118,ret_HYG,0.0
TMO,21,118,mom21_HYG,0.009672
TMO,21,118,ret_USO,0.0
TMO,21,118,mom21_USO,0.016789
TMO,21,118,ret_TLT,0.0
TMO,21,118,mom21_TLT,0.006318
TMO,21,118,ret_UUP,0.0
TMO,21,118,mom21_UUP,0.005704
TMO,21,118,ret_SPY,0.005482
TMO,21,118,mom21_SPY,0.008712
TMO,21,118,vol_vel,0.003639
TMO,21,118,vol_of_vol,0.007457
TMO,21,118,vol_regime_zscore,0.009124
TMO,21,118,vol_chg_21d,0.009787
TMO,21,118,event_fed_gravity,0.009156
TMO,21,118,event_earn_gravity,0.0
TMO,21,118,event_div_gravity,0.0
TMO,21,118,event_cpi_gravity,0.012486
TMO,21,118,event_nfp_gravity,0.008598
TMO,21,118,put_call_skew_30d,0.049774
TMO,21,118,term_structure_slope,0.058822
TMO,21,118,vrp_wedge,0.018865
TMO,21,118,iv_atm_z_score,0.037148
TMO,21,118,macro_yield_curve_slope,0.017143
TMO,21,118,macro_hy_spread,0.01641
TMO,21,118,macro_hy_spread_chg_5d,0.009225
TMO,21,118,macro_breakeven_5y,0.014666
TMO,21,118,macro_inflation_fwd_5y5y,0.021103
TMO,21,118,macro_inflation_fwd_chg_21d,0.009395
TMO,21,118,macro_inflation_fwd_abs_chg_21d,0.009145
TMO,21,118,macro_inflation_fwd_chg_63d,0.00638
TMO,21,118,macro_inflation_fwd_zscore,0.009255
TMO,21,118,macro_dollar_ret,0.0
TMO,21,118,beta_spy,0.014567
TMO,21,118,res_vol,0.009834
TMO,21,118,res_vol_vel,0.005357
TMO,21,118,price_regime,0.016492
TMO,21,118,corr_sector_21d,0.00901
TMO,21,118,corr_sector_252d,0.016339
TMO,21,118,sector_wedge,0.024229
TMO,21,119,rv_5d,0.134619
TMO,21,119,rv_10d,0.159062
TMO,21,119,rv_21d,0.085713
TMO,21,119,rv_63d,0.03231
TMO,21,119,rv_126d,0.028194
TMO,21,119,ewma_vol,0.016673
TMO,21,119,garch_cond_vol,0.006455
TMO,21,119,ret_TARGET,0.0
TMO,21,119,tech_RSI,0.00558
TMO,21,119,tech_MACD_hist,0.018594
TMO,21,119,ret_VIXY,0.004822
TMO,21,119,mom21_VIXY,0.019187
TMO,21,119,ret_HYG,0.0
TMO,21,119,mom21_HYG,0.013601
TMO,21,119,ret_USO,0.0
TMO,21,119,mom21_USO,0.018206
TMO,21,119,ret_TLT,0.0
TMO,21,119,mom21_TLT,0.00724
TMO,21,119,ret_UUP,0.0
TMO,21,119,mom21_UUP,0.006718
TMO,21,119,ret_SPY,0.008978
TMO,21,119,mom21_SPY,0.008823
TMO,21,119,vol_vel,0.003808
TMO,21,119,vol_of_vol,0.00727
TMO,21,119,vol_regime_zscore,0.007582
TMO,21,119,vol_chg_21d,0.005936
TMO,21,119,event_fed_gravity,0.011158
TMO,21,119,event_earn_gravity,0.0
TMO,21,119,event_div_gravity,0.0
TMO,21,119,event_cpi_gravity,0.011886
TMO,21,119,event_nfp_gravity,0.011931
TMO,21,119,put_call_skew_30d,0.053486
TMO,21,119,term_structure_slope,0.05236
TMO,21,119,vrp_wedge,0.021057
TMO,21,119,iv_atm_z_score,0.038542
TMO,21,119,macro_yield_curve_slope,0.019108
TMO,21,119,macro_hy_spread,0.016623
TMO,21,119,macro_hy_spread_chg_5d,0.0
TMO,21,119,macro_breakeven_5y,0.014101
TMO,21,119,macro_inflation_fwd_5y5y,0.021361
TMO,21,119,macro_inflation_fwd_chg_21d,0.006771
TMO,21,119,macro_inflation_fwd_abs_chg_21d,0.0
TMO,21,119,macro_inflation_fwd_chg_63d,0.004993
TMO,21,119,macro_inflation_fwd_zscore,0.011765
TMO,21,119,macro_dollar_ret,0.0
TMO,21,119,beta_spy,0.016249
TMO,21,119,res_vol,0.010274
TMO,21,119,res_vol_vel,0.007717
TMO,21,119,price_regime,0.020712
TMO,21,119,corr_sector_21d,0.009926
TMO,21,119,corr_sector_252d,0.01885
TMO,21,119,sector_wedge,0.021761
TMO,21,120,rv_5d,0.131024
TMO,21,120,rv_10d,0.165171
TMO,21,120,rv_21d,0.090939
TMO,21,120,rv_63d,0.025166
TMO,21,120,rv_126d,0.027064
TMO,21,120,ewma_vol,0.01107
TMO,21,120,garch_cond_vol,0.006753
TMO,21,120,ret_TARGET,0.0
TMO,21,120,tech_RSI,0.006134
TMO,21,120,tech_MACD_hist,0.018878
TMO,21,120,ret_VIXY,0.00709
TMO,21,120,mom21_VIXY,0.012884
TMO,21,120,ret_HYG,0.0
TMO,21,120,mom21_HYG,0.011092
TMO,21,120,ret_USO,0.0
TMO,21,120,mom21_USO,0.017657
TMO,21,120,ret_TLT,0.0
TMO,21,120,mom21_TLT,0.007499
TMO,21,120,ret_UUP,0.0
TMO,21,120,mom21_UUP,0.00618
TMO,21,120,ret_SPY,0.006522
TMO,21,120,mom21_SPY,0.009426
TMO,21,120,vol_vel,0.003691
TMO,21,120,vol_of_vol,0.006413
TMO,21,120,vol_regime_zscore,0.008146
TMO,21,120,vol_chg_21d,0.008047
TMO,21,120,event_fed_gravity,0.010641
TMO,21,120,event_earn_gravity,0.0
TMO,21,120,event_div_gravity,0.0
TMO,21,120,event_cpi_gravity,0.016404
TMO,21,120,event_nfp_gravity,0.009992
TMO,21,120,put_call_skew_30d,0.046913
TMO,21,120,term_structure_slope,0.053031
TMO,21,120,vrp_wedge,0.022128
TMO,21,120,iv_atm_z_score,0.033918
TMO,21,120,macro_yield_curve_slope,0.01667
TMO,21,120,macro_hy_spread,0.015809
TMO,21,120,macro_hy_spread_chg_5d,0.033612
TMO,21,120,macro_breakeven_5y,0.010607
TMO,21,120,macro_inflation_fwd_5y5y,0.021683
TMO,21,120,macro_inflation_fwd_chg_21d,0.009662
TMO,21,120,macro_inflation_fwd_abs_chg_21d,0.0
TMO,21,120,macro_inflation_fwd_chg_63d,0.005511
TMO,21,120,macro_inflation_fwd_zscore,0.01253
TMO,21,120,macro_dollar_ret,0.0
TMO,21,120,beta_spy,0.015516
TMO,21,120,res_vol,0.009883
TMO,21,120,res_vol_vel,0.005636
TMO,21,120,price_regime,0.0214
TMO,21,120,corr_sector_21d,0.007894
TMO,21,120,corr_sector_252d,0.014763
TMO,21,120,sector_wedge,0.018952
TMO,21,121,rv_5d,0.126824
TMO,21,121,rv_10d,0.146315
TMO,21,121,rv_21d,0.08842
TMO,21,121,rv_63d,0.037904
TMO,21,121,rv_126d,0.025496
TMO,21,121,ewma_vol,0.009
TMO,21,121,garch_cond_vol,0.009048
TMO,21,121,ret_TARGET,0.0
TMO,21,121,tech_RSI,0.005996
TMO,21,121,tech_MACD_hist,0.021573
TMO,21,121,ret_VIXY,0.006278
TMO,21,121,mom21_VIXY,0.016576
TMO,21,121,ret_HYG,0.0
TMO,21,121,mom21_HYG,0.011614
TMO,21,121,ret_USO,0.0
TMO,21,121,mom21_USO,0.020151
TMO,21,121,ret_TLT,0.0
TMO,21,121,mom21_TLT,0.007382
TMO,21,121,ret_UUP,0.0
TMO,21,121,mom21_UUP,0.005649
TMO,21,121,ret_SPY,0.008742
TMO,21,121,mom21_SPY,0.007541
TMO,21,121,vol_vel,0.005313
TMO,21,121,vol_of_vol,0.008395
TMO,21,121,vol_regime_zscore,0.008423
TMO,21,121,vol_chg_21d,0.006574
TMO,21,121,event_fed_gravity,0.011566
TMO,21,121,event_earn_gravity,0.0
TMO,21,121,event_div_gravity,0.0
TMO,21,121,event_cpi_gravity,0.01372
TMO,21,121,event_nfp_gravity,0.017636
TMO,21,121,put_call_skew_30d,0.051475
TMO,21,121,term_structure_slope,0.050582
TMO,21,121,vrp_wedge,0.02309
TMO,21,121,iv_atm_z_score,0.040738
TMO,21,121,macro_yield_curve_slope,0.019546
TMO,21,121,macro_hy_spread,0.016582
TMO,21,121,macro_hy_spread_chg_5d,0.0
TMO,21,121,macro_breakeven_5y,0.012158
TMO,21,121,macro_inflation_fwd_5y5y,0.024259
TMO,21,121,macro_inflation_fwd_chg_21d,0.007492
TMO,21,121,macro_inflation_fwd_abs_chg_21d,0.007276
TMO,21,121,macro_inflation_fwd_chg_63d,0.008236
TMO,21,121,macro_inflation_fwd_zscore,0.008348
TMO,21,121,macro_dollar_ret,0.0
TMO,21,121,beta_spy,0.013122
TMO,21,121,res_vol,0.010807
TMO,21,121,res_vol_vel,0.008217
TMO,21,121,price_regime,0.024279
TMO,21,121,corr_sector_21d,0.008494
TMO,21,121,corr_sector_252d,0.016569
TMO,21,121,sector_wedge,0.022595
TMO,21,122,rv_5d,0.112842
TMO,21,122,rv_10d,0.216532
TMO,21,122,rv_21d,0.088271
TMO,21,122,rv_63d,0.025729
TMO,21,122,rv_126d,0.026802
TMO,21,122,ewma_vol,0.01115
TMO,21,122,garch_cond_vol,0.00606
TMO,21,122,ret_TARGET,0.0
TMO,21,122,tech_RSI,0.004183
TMO,21,122,tech_MACD_hist,0.018764
TMO,21,122,ret_VIXY,0.0
TMO,21,122,mom21_VIXY,0.016823
TMO,21,122,ret_HYG,0.0
TMO,21,122,mom21_HYG,0.010136
TMO,21,122,ret_USO,0.0
TMO,21,122,mom21_USO,0.017722
TMO,21,122,ret_TLT,0.0
TMO,21,122,mom21_TLT,0.007009
TMO,21,122,ret_UUP,0.0
TMO,21,122,mom21_UUP,0.007443
TMO,21,122,ret_SPY,0.007975
TMO,21,122,mom21_SPY,0.005406
TMO,21,122,vol_vel,0.004852
TMO,21,122,vol_of_vol,0.0078
TMO,21,122,vol_regime_zscore,0.006736
TMO,21,122,vol_chg_21d,0.004746
TMO,21,122,event_fed_gravity,0.011908
TMO,21,122,event_earn_gravity,0.0
TMO,21,122,event_div_gravity,0.0
TMO,21,122,event_cpi_gravity,0.011912
TMO,21,122,event_nfp_gravity,0.009043
TMO,21,122,put_call_skew_30d,0.049664
TMO,21,122,term_structure_slope,0.046744
TMO,21,122,vrp_wedge,0.020077
TMO,21,122,iv_atm_z_score,0.036107
TMO,21,122,macro_yield_curve_slope,0.017664
TMO,21,122,macro_hy_spread,0.015933
TMO,21,122,macro_hy_spread_chg_5d,0.010797
TMO,21,122,macro_breakeven_5y,0.020397
TMO,21,122,macro_inflation_fwd_5y5y,0.019849
TMO,21,122,macro_inflation_fwd_chg_21d,0.008377
TMO,21,122,macro_inflation_fwd_abs_chg_21d,0.008727
TMO,21,122,macro_inflation_fwd_chg_63d,0.006344
TMO,21,122,macro_inflation_fwd_zscore,0.010084
TMO,21,122,macro_dollar_ret,0.0
TMO,21,122,beta_spy,0.012556
TMO,21,122,res_vol,0.00854
TMO,21,122,res_vol_vel,0.00416
TMO,21,122,price_regime,0.022554
TMO,21,122,corr_sector_21d,0.007711
TMO,21,122,corr_sector_252d,0.013992
TMO,21,122,sector_wedge,0.019879
TMO,21,123,rv_5d,0.125608
TMO,21,123,rv_10d,0.173037
TMO,21,123,rv_21d,0.096596
TMO,21,123,rv_63d,0.027381
TMO,21,123,rv_126d,0.02824
TMO,21,123,ewma_vol,0.012168
TMO,21,123,garch_cond_vol,0.0079
TMO,21,123,ret_TARGET,0.0
TMO,21,123,tech_RSI,0.00532
TMO,21,123,tech_MACD_hist,0.019506
TMO,21,123,ret_VIXY,0.0
TMO,21,123,mom21_VIXY,0.018251
TMO,21,123,ret_HYG,0.0
TMO,21,123,mom21_HYG,0.012554
TMO,21,123,ret_USO,0.0
TMO,21,123,mom21_USO,0.016741
TMO,21,123,ret_TLT,0.0
TMO,21,123,mom21_TLT,0.006745
TMO,21,123,ret_UUP,0.0
TMO,21,123,mom21_UUP,0.008127
TMO,21,123,ret_SPY,0.00783
TMO,21,123,mom21_SPY,0.007144
TMO,21,123,vol_vel,0.006884
TMO,21,123,vol_of_vol,0.007556
TMO,21,123,vol_regime_zscore,0.007438
TMO,21,123,vol_chg_21d,0.00905
TMO,21,123,event_fed_gravity,0.011547
TMO,21,123,event_earn_gravity,0.0
TMO,21,123,event_div_gravity,0.0
TMO,21,123,event_cpi_gravity,0.011819
TMO,21,123,event_nfp_gravity,0.009648
TMO,21,123,put_call_skew_30d,0.034838
TMO,21,123,term_structure_slope,0.054815
TMO,21,123,vrp_wedge,0.02065
TMO,21,123,iv_atm_z_score,0.033081
TMO,21,123,macro_yield_curve_slope,0.020328
TMO,21,123,macro_hy_spread,0.016797
TMO,21,123,macro_hy_spread_chg_5d,0.013125
TMO,21,123,macro_breakeven_5y,0.017659
TMO,21,123,macro_inflation_fwd_5y5y,0.023178
TMO,21,123,macro_inflation_fwd_chg_21d,0.006215
TMO,21,123,macro_inflation_fwd_abs_chg_21d,0.0
TMO,21,123,macro_inflation_fwd_chg_63d,0.007727
TMO,21,123,macro_inflation_fwd_zscore,0.010912
TMO,21,123,macro_dollar_ret,0.0
TMO,21,123,beta_spy,0.013707
TMO,21,123,res_vol,0.009191
TMO,21,123,res_vol_vel,0.006941
TMO,21,123,price_regime,0.031876
TMO,21,123,corr_sector_21d,0.006385
TMO,21,123,corr_sector_252d,0.016251
TMO,21,123,sector_wedge,0.019231
TMO,21,124,rv_5d,0.12201
TMO,21,124,rv_10d,0.142101
TMO,21,124,rv_21d,0.12107
TMO,21,124,rv_63d,0.028897
TMO,21,124,rv_126d,0.027608
TMO,21,124,ewma_vol,0.012897
TMO,21,124,garch_cond_vol,0.003912
TMO,21,124,ret_TARGET,0.0
TMO,21,124,tech_RSI,0.004648
TMO,21,124,tech_MACD_hist,0.015573
TMO,21,124,ret_VIXY,0.0
TMO,21,124,mom21_VIXY,0.014798
TMO,21,124,ret_HYG,0.0
TMO,21,124,mom21_HYG,0.012734
TMO,21,124,ret_USO,0.0
TMO,21,124,mom21_USO,0.018208
TMO,21,124,ret_TLT,0.0
TMO,21,124,mom21_TLT,0.008439
TMO,21,124,ret_UUP,0.0
TMO,21,124,mom21_UUP,0.007903
TMO,21,124,ret_SPY,0.010385
TMO,21,124,mom21_SPY,0.007717
TMO,21,124,vol_vel,0.005358
TMO,21,124,vol_of_vol,0.007942
TMO,21,124,vol_regime_zscore,0.009842
TMO,21,124,vol_chg_21d,0.006006
TMO,21,124,event_fed_gravity,0.014492
TMO,21,124,event_earn_gravity,0.0
TMO,21,124,event_div_gravity,0.0
TMO,21,124,event_cpi_gravity,0.013603
TMO,21,124,event_nfp_gravity,0.01045
TMO,21,124,put_call_skew_30d,0.04159
TMO,21,124,term_structure_slope,0.05293
TMO,21,124,vrp_wedge,0.02318
TMO,21,124,iv_atm_z_score,0.037973
TMO,21,124,macro_yield_curve_slope,0.019237
TMO,21,124,macro_hy_spread,0.014687
TMO,21,124,macro_hy_spread_chg_5d,0.012199
TMO,21,124,macro_breakeven_5y,0.019033
TMO,21,124,macro_inflation_fwd_5y5y,0.021073
TMO,21,124,macro_inflation_fwd_chg_21d,0.008435
TMO,21,124,macro_inflation_fwd_abs_chg_21d,0.006327
TMO,21,124,macro_inflation_fwd_chg_63d,0.006085
TMO,21,124,macro_inflation_fwd_zscore,0.016077
TMO,21,124,macro_dollar_ret,0.0
TMO,21,124,beta_spy,0.014565
TMO,21,124,res_vol,0.00918
TMO,21,124,res_vol_vel,0.005035
TMO,21,124,price_regime,0.028113
TMO,21,124,corr_sector_21d,0.006756
TMO,21,124,corr_sector_252d,0.015241
TMO,21,124,sector_wedge,0.015692
TMO,21,125,rv_5d,0.132197
TMO,21,125,rv_10d,0.158598
TMO,21,125,rv_21d,0.103712
TMO,21,125,rv_63d,0.02361
TMO,21,125,rv_126d,0.029167
TMO,21,125,ewma_vol,0.008156
TMO,21,125,garch_cond_vol,0.00725
TMO,21,125,ret_TARGET,0.0
TMO,21,125,tech_RSI,0.004808
TMO,21,125,tech_MACD_hist,0.025375
TMO,21,125,ret_VIXY,0.0
TMO,21,125,mom21_VIXY,0.015636
TMO,21,125,ret_HYG,0.0
TMO,21,125,mom21_HYG,0.013342
TMO,21,125,ret_USO,0.0
TMO,21,125,mom21_USO,0.01688
TMO,21,125,ret_TLT,0.0
TMO,21,125,mom21_TLT,0.008831
TMO,21,125,ret_UUP,0.0
TMO,21,125,mom21_UUP,0.006311
TMO,21,125,ret_SPY,0.0
TMO,21,125,mom21_SPY,0.006856
TMO,21,125,vol_vel,0.004696
TMO,21,125,vol_of_vol,0.008351
TMO,21,125,vol_regime_zscore,0.010919
TMO,21,125,vol_chg_21d,0.008838
TMO,21,125,event_fed_gravity,0.012351
TMO,21,125,event_earn_gravity,0.0
TMO,21,125,event_div_gravity,0.0
TMO,21,125,event_cpi_gravity,0.014078
TMO,21,125,event_nfp_gravity,0.013063
TMO,21,125,put_call_skew_30d,0.030301
TMO,21,125,term_structure_slope,0.055418
TMO,21,125,vrp_wedge,0.023773
TMO,21,125,iv_atm_z_score,0.044649
TMO,21,125,macro_yield_curve_slope,0.021608
TMO,21,125,macro_hy_spread,0.018105
TMO,21,125,macro_hy_spread_chg_5d,0.0
TMO,21,125,macro_breakeven_5y,0.017906
TMO,21,125,macro_inflation_fwd_5y5y,0.020933
TMO,21,125,macro_inflation_fwd_chg_21d,0.008475
TMO,21,125,macro_inflation_fwd_abs_chg_21d,0.008688
TMO,21,125,macro_inflation_fwd_chg_63d,0.007175
TMO,21,125,macro_inflation_fwd_zscore,0.013901
TMO,21,125,macro_dollar_ret,0.0
TMO,21,125,beta_spy,0.016702
TMO,21,125,res_vol,0.010305
TMO,21,125,res_vol_vel,0.005545
TMO,21,125,price_regime,0.023809
TMO,21,125,corr_sector_21d,0.007096
TMO,21,125,corr_sector_252d,0.01423
TMO,21,125,sector_wedge,0.018358
TMO,21,126,rv_5d,0.123984
TMO,21,126,rv_10d,0.151047
TMO,21,126,rv_21d,0.076689
TMO,21,126,rv_63d,0.033042
TMO,21,126,rv_126d,0.028485
TMO,21,126,ewma_vol,0.012664
TMO,21,126,garch_cond_vol,0.007929
TMO,21,126,ret_TARGET,0.0
TMO,21,126,tech_RSI,0.005105
TMO,21,126,tech_MACD_hist,0.020098
TMO,21,126,ret_VIXY,0.0
TMO,21,126,mom21_VIXY,0.013654
TMO,21,126,ret_HYG,0.0
TMO,21,126,mom21_HYG,0.012217
TMO,21,126,ret_USO,0.0
TMO,21,126,mom21_USO,0.016991
TMO,21,126,ret_TLT,0.0
TMO,21,126,mom21_TLT,0.007179
TMO,21,126,ret_UUP,0.0
TMO,21,126,mom21_UUP,0.007531
TMO,21,126,ret_SPY,0.005395
TMO,21,126,mom21_SPY,0.008797
TMO,21,126,vol_vel,0.005012
TMO,21,126,vol_of_vol,0.008074
TMO,21,126,vol_regime_zscore,0.006945
TMO,21,126,vol_chg_21d,0.008363
TMO,21,126,event_fed_gravity,0.01147
TMO,21,126,event_earn_gravity,0.0
TMO,21,126,event_div_gravity,0.0
TMO,21,126,event_cpi_gravity,0.013394
TMO,21,126,event_nfp_gravity,0.021742
TMO,21,126,put_call_skew_30d,0.04139
TMO,21,126,term_structure_slope,0.053884
TMO,21,126,vrp_wedge,0.024259
TMO,21,126,iv_atm_z_score,0.042655
TMO,21,126,macro_yield_curve_slope,0.023487
TMO,21,126,macro_hy_spread,0.01629
TMO,21,126,macro_hy_spread_chg_5d,0.019896
TMO,21,126,macro_breakeven_5y,0.024765
TMO,21,126,macro_inflation_fwd_5y5y,0.021424
TMO,21,126,macro_inflation_fwd_chg_21d,0.008577
TMO,21,126,macro_inflation_fwd_abs_chg_21d,0.0
TMO,21,126,macro_inflation_fwd_chg_63d,0.006783
TMO,21,126,macro_inflation_fwd_zscore,0.011232
TMO,21,126,macro_dollar_ret,0.0
TMO,21,126,beta_spy,0.014935
TMO,21,126,res_vol,0.009554
TMO,21,126,res_vol_vel,0.007435
TMO,21,126,price_regime,0.032615
TMO,21,126,corr_sector_21d,0.007405
TMO,21,126,corr_sector_252d,0.013802
TMO,21,126,sector_wedge,0.013807
TMO,21,127,rv_5d,0.117209
TMO,21,127,rv_10d,0.148658
TMO,21,127,rv_21d,0.089326
TMO,21,127,rv_63d,0.036895
TMO,21,127,rv_126d,0.028397
TMO,21,127,ewma_vol,0.01729
TMO,21,127,garch_cond_vol,0.0
TMO,21,127,ret_TARGET,0.0
TMO,21,127,tech_RSI,0.00553
TMO,21,127,tech_MACD_hist,0.01931
TMO,21,127,ret_VIXY,0.0
TMO,21,127,mom21_VIXY,0.013964
TMO,21,127,ret_HYG,0.0
TMO,21,127,mom21_HYG,0.012145
TMO,21,127,ret_USO,0.0
TMO,21,127,mom21_USO,0.019198
TMO,21,127,ret_TLT,0.0
TMO,21,127,mom21_TLT,0.007819
TMO,21,127,ret_UUP,0.0
TMO,21,127,mom21_UUP,0.006393
TMO,21,127,ret_SPY,0.0
TMO,21,127,mom21_SPY,0.00702
TMO,21,127,vol_vel,0.005765
TMO,21,127,vol_of_vol,0.008104
TMO,21,127,vol_regime_zscore,0.008782
TMO,21,127,vol_chg_21d,0.010077
TMO,21,127,event_fed_gravity,0.011856
TMO,21,127,event_earn_gravity,0.0
TMO,21,127,event_div_gravity,0.0
TMO,21,127,event_cpi_gravity,0.011771
TMO,21,127,event_nfp_gravity,0.018392
TMO,21,127,put_call_skew_30d,0.043649
TMO,21,127,term_structure_slope,0.060589
TMO,21,127,vrp_wedge,0.02557
TMO,21,127,iv_atm_z_score,0.042974
TMO,21,127,macro_yield_curve_slope,0.024243
TMO,21,127,macro_hy_spread,0.017515
TMO,21,127,macro_hy_spread_chg_5d,0.014031
TMO,21,127,macro_breakeven_5y,0.016426
TMO,21,127,macro_inflation_fwd_5y5y,0.018519
TMO,21,127,macro_inflation_fwd_chg_21d,0.007644
TMO,21,127,macro_inflation_fwd_abs_chg_21d,0.006533
TMO,21,127,macro_inflation_fwd_chg_63d,0.006083
TMO,21,127,macro_inflation_fwd_zscore,0.011972
TMO,21,127,macro_dollar_ret,0.0
TMO,21,127,beta_spy,0.013945
TMO,21,127,res_vol,0.009294
TMO,21,127,res_vol_vel,0.0039
TMO,21,127,price_regime,0.035164
TMO,21,127,corr_sector_21d,0.007994
TMO,21,127,corr_sector_252d,0.013004
TMO,21,127,sector_wedge,0.017054
TMO,21,128,rv_5d,0.117608
TMO,21,128,rv_10d,0.164159
TMO,21,128,rv_21d,0.095939
TMO,21,128,rv_63d,0.03601
TMO,21,128,rv_126d,0.025847
TMO,21,128,ewma_vol,0.021405
TMO,21,128,garch_cond_vol,0.004451
TMO,21,128,ret_TARGET,0.0
TMO,21,128,tech_RSI,0.005018
TMO,21,128,tech_MACD_hist,0.016346
TMO,21,128,ret_VIXY,0.0
TMO,21,128,mom21_VIXY,0.014256
TMO,21,128,ret_HYG,0.004617
TMO,21,128,mom21_HYG,0.01361
TMO,21,128,ret_USO,0.0
TMO,21,128,mom21_USO,0.018232
TMO,21,128,ret_TLT,0.0
TMO,21,128,mom21_TLT,0.007854
TMO,21,128,ret_UUP,0.0
TMO,21,128,mom21_UUP,0.00927
TMO,21,128,ret_SPY,0.0
TMO,21,128,mom21_SPY,0.006146
TMO,21,128,vol_vel,0.004808
TMO,21,128,vol_of_vol,0.00691
TMO,21,128,vol_regime_zscore,0.007016
TMO,21,128,vol_chg_21d,0.007777
TMO,21,128,event_fed_gravity,0.012492
TMO,21,128,event_earn_gravity,0.0
TMO,21,128,event_div_gravity,0.0
TMO,21,128,event_cpi_gravity,0.012572
TMO,21,128,event_nfp_gravity,0.019692
TMO,21,128,put_call_skew_30d,0.039053
TMO,21,128,term_structure_slope,0.050605
TMO,21,128,vrp_wedge,0.023713
TMO,21,128,iv_atm_z_score,0.04055
TMO,21,128,macro_yield_curve_slope,0.020702
TMO,21,128,macro_hy_spread,0.014412
TMO,21,128,macro_hy_spread_chg_5d,0.011878
TMO,21,128,macro_breakeven_5y,0.019496
TMO,21,128,macro_inflation_fwd_5y5y,0.023253
TMO,21,128,macro_inflation_fwd_chg_21d,0.010168
TMO,21,128,macro_inflation_fwd_abs_chg_21d,0.0
TMO,21,128,macro_inflation_fwd_chg_63d,0.006449
TMO,21,128,macro_inflation_fwd_zscore,0.007231
TMO,21,128,macro_dollar_ret,0.0
TMO,21,128,beta_spy,0.016262
TMO,21,128,res_vol,0.009817
TMO,21,128,res_vol_vel,0.004595
TMO,21,128,price_regime,0.030571
TMO,21,128,corr_sector_21d,0.007612
TMO,21,128,corr_sector_252d,0.014955
TMO,21,128,sector_wedge,0.016642
TMO,21,129,rv_5d,0.123684
TMO,21,129,rv_10d,0.157862
TMO,21,129,rv_21d,0.097247
TMO,21,129,rv_63d,0.038263
TMO,21,129,rv_126d,0.028784
TMO,21,129,ewma_vol,0.014949
TMO,21,129,garch_cond_vol,0.008085
TMO,21,129,ret_TARGET,0.0
TMO,21,129,tech_RSI,0.004745
TMO,21,129,tech_MACD_hist,0.016547
TMO,21,129,ret_VIXY,0.0
TMO,21,129,mom21_VIXY,0.014229
TMO,21,129,ret_HYG,0.0
TMO,21,129,mom21_HYG,0.011588
TMO,21,129,ret_USO,0.0
TMO,21,129,mom21_USO,0.018579
TMO,21,129,ret_TLT,0.0
TMO,21,129,mom21_TLT,0.008455
TMO,21,129,ret_UUP,0.0
TMO,21,129,mom21_UUP,0.008658
TMO,21,129,ret_SPY,0.0
TMO,21,129,mom21_SPY,0.00612
TMO,21,129,vol_vel,0.00344
TMO,21,129,vol_of_vol,0.007469
TMO,21,129,vol_regime_zscore,0.005467
TMO,21,129,vol_chg_21d,0.007652
TMO,21,129,event_fed_gravity,0.014721
TMO,21,129,event_earn_gravity,0.0
TMO,21,129,event_div_gravity,0.0
TMO,21,129,event_cpi_gravity,0.011696
TMO,21,129,event_nfp_gravity,0.018533
TMO,21,129,put_call_skew_30d,0.030108
TMO,21,129,term_structure_slope,0.055295
TMO,21,129,vrp_wedge,0.023885
TMO,21,129,iv_atm_z_score,0.041105
TMO,21,129,macro_yield_curve_slope,0.023026
TMO,21,129,macro_hy_spread,0.015677
TMO,21,129,macro_hy_spread_chg_5d,0.014542
TMO,21,129,macro_breakeven_5y,0.019392
TMO,21,129,macro_inflation_fwd_5y5y,0.019718
TMO,21,129,macro_inflation_fwd_chg_21d,0.007239
TMO,21,129,macro_inflation_fwd_abs_chg_21d,0.006081
TMO,21,129,macro_inflation_fwd_chg_63d,0.006265
TMO,21,129,macro_inflation_fwd_zscore,0.009837
TMO,21,129,macro_dollar_ret,0.0
TMO,21,129,beta_spy,0.017429
TMO,21,129,res_vol,0.009099
TMO,21,129,res_vol_vel,0.006144
TMO,21,129,price_regime,0.029981
TMO,21,129,corr_sector_21d,0.007322
TMO,21,129,corr_sector_252d,0.015113
TMO,21,129,sector_wedge,0.015972
TMO,21,130,rv_5d,0.121193
TMO,21,130,rv_10d,0.139589
TMO,21,130,rv_21d,0.103078
TMO,21,130,rv_63d,0.030863
TMO,21,130,rv_126d,0.028716
TMO,21,130,ewma_vol,0.014818
TMO,21,130,garch_cond_vol,0.015549
TMO,21,130,ret_TARGET,0.0
TMO,21,130,tech_RSI,0.005406
TMO,21,130,tech_MACD_hist,0.01769
TMO,21,130,ret_VIXY,0.0
TMO,21,130,mom21_VIXY,0.019182
TMO,21,130,ret_HYG,0.0
TMO,21,130,mom21_HYG,0.01245
TMO,21,130,ret_USO,0.0
TMO,21,130,mom21_USO,0.020362
TMO,21,130,ret_TLT,0.0
TMO,21,130,mom21_TLT,0.006854
TMO,21,130,ret_UUP,0.0
TMO,21,130,mom21_UUP,0.010015
TMO,21,130,ret_SPY,0.0
TMO,21,130,mom21_SPY,0.006392
TMO,21,130,vol_vel,0.005309
TMO,21,130,vol_of_vol,0.008033
TMO,21,130,vol_regime_zscore,0.006977
TMO,21,130,vol_chg_21d,0.0091
TMO,21,130,event_fed_gravity,0.009703
TMO,21,130,event_earn_gravity,0.0
TMO,21,130,event_div_gravity,0.0
TMO,21,130,event_cpi_gravity,0.015453
TMO,21,130,event_nfp_gravity,0.014202
TMO,21,130,put_call_skew_30d,0.033143
TMO,21,130,term_structure_slope,0.061569
TMO,21,130,vrp_wedge,0.027813
TMO,21,130,iv_atm_z_score,0.039303
TMO,21,130,macro_yield_curve_slope,0.020012
TMO,21,130,macro_hy_spread,0.015947
TMO,21,130,macro_hy_spread_chg_5d,0.01118
TMO,21,130,macro_breakeven_5y,0.019337
TMO,21,130,macro_inflation_fwd_5y5y,0.022718
TMO,21,130,macro_inflation_fwd_chg_21d,0.00895
TMO,21,130,macro_inflation_fwd_abs_chg_21d,0.007241
TMO,21,130,macro_inflation_fwd_chg_63d,0.005431
TMO,21,130,macro_inflation_fwd_zscore,0.008679
TMO,21,130,macro_dollar_ret,0.0
TMO,21,130,beta_spy,0.018349
TMO,21,130,res_vol,0.00934
TMO,21,130,res_vol_vel,0.004711
TMO,21,130,price_regime,0.029137
TMO,21,130,corr_sector_21d,0.008067
TMO,21,130,corr_sector_252d,0.013397
TMO,21,130,sector_wedge,0.014741
TMO,21,131,rv_5d,0.115312
TMO,21,131,rv_10d,0.184855
TMO,21,131,rv_21d,0.084516
TMO,21,131,rv_63d,0.032668
TMO,21,131,rv_126d,0.027338
TMO,21,131,ewma_vol,0.019954
TMO,21,131,garch_cond_vol,0.005517
TMO,21,131,ret_TARGET,0.0
TMO,21,131,tech_RSI,0.004721
TMO,21,131,tech_MACD_hist,0.018417
TMO,21,131,ret_VIXY,0.0
TMO,21,131,mom21_VIXY,0.011786
TMO,21,131,ret_HYG,0.0
TMO,21,131,mom21_HYG,0.012143
TMO,21,131,ret_USO,0.0
TMO,21,131,mom21_USO,0.01835
TMO,21,131,ret_TLT,0.0
TMO,21,131,mom21_TLT,0.007167
TMO,21,131,ret_UUP,0.0
TMO,21,131,mom21_UUP,0.008148
TMO,21,131,ret_SPY,0.0
TMO,21,131,mom21_SPY,0.006006
TMO,21,131,vol_vel,0.006395
TMO,21,131,vol_of_vol,0.006274
TMO,21,131,vol_regime_zscore,0.00798
TMO,21,131,vol_chg_21d,0.009099
TMO,21,131,event_fed_gravity,0.010605
TMO,21,131,event_earn_gravity,0.0
TMO,21,131,event_div_gravity,0.0
TMO,21,131,event_cpi_gravity,0.011756
TMO,21,131,event_nfp_gravity,0.016293
TMO,21,131,put_call_skew_30d,0.032285
TMO,21,131,term_structure_slope,0.055131
TMO,21,131,vrp_wedge,0.02305
TMO,21,131,iv_atm_z_score,0.039974
TMO,21,131,macro_yield_curve_slope,0.01841
TMO,21,131,macro_hy_spread,0.013821
TMO,21,131,macro_hy_spread_chg_5d,0.00971
TMO,21,131,macro_breakeven_5y,0.01797
TMO,21,131,macro_inflation_fwd_5y5y,0.024667
TMO,21,131,macro_inflation_fwd_chg_21d,0.008519
TMO,21,131,macro_inflation_fwd_abs_chg_21d,0.009988
TMO,21,131,macro_inflation_fwd_chg_63d,0.011669
TMO,21,131,macro_inflation_fwd_zscore,0.013295
TMO,21,131,macro_dollar_ret,0.0
TMO,21,131,beta_spy,0.015424
TMO,21,131,res_vol,0.010236
TMO,21,131,res_vol_vel,0.004913
TMO,21,131,price_regime,0.029369
TMO,21,131,corr_sector_21d,0.007774
TMO,21,131,corr_sector_252d,0.014054
TMO,21,131,sector_wedge,0.014442
TMO,21,132,rv_5d,0.12704
TMO,21,132,rv_10d,0.152064
TMO,21,132,rv_21d,0.098309
TMO,21,132,rv_63d,0.030215
TMO,21,132,rv_126d,0.03019
TMO,21,132,ewma_vol,0.016939
TMO,21,132,garch_cond_vol,0.003016
TMO,21,132,ret_TARGET,0.0
TMO,21,132,tech_RSI,0.002978
TMO,21,132,tech_MACD_hist,0.019445
TMO,21,132,ret_VIXY,0.0
TMO,21,132,mom21_VIXY,0.010774
TMO,21,132,ret_HYG,0.0
TMO,21,132,mom21_HYG,0.01336
TMO,21,132,ret_USO,0.0
TMO,21,132,mom21_USO,0.016465
TMO,21,132,ret_TLT,0.0
TMO,21,132,mom21_TLT,0.007185
TMO,21,132,ret_UUP,0.0
TMO,21,132,mom21_UUP,0.010991
TMO,21,132,ret_SPY,0.009799
TMO,21,132,mom21_SPY,0.007494
TMO,21,132,vol_vel,0.005598
TMO,21,132,vol_of_vol,0.006449
TMO,21,132,vol_regime_zscore,0.006516
TMO,21,132,vol_chg_21d,0.006328
TMO,21,132,event_fed_gravity,0.010941
TMO,21,132,event_earn_gravity,0.0
TMO,21,132,event_div_gravity,0.0
TMO,21,132,event_cpi_gravity,0.01223
TMO,21,132,event_nfp_gravity,0.018251
TMO,21,132,put_call_skew_30d,0.03555
TMO,21,132,term_structure_slope,0.0624
TMO,21,132,vrp_wedge,0.02151
TMO,21,132,iv_atm_z_score,0.040831
TMO,21,132,macro_yield_curve_slope,0.017567
TMO,21,132,macro_hy_spread,0.015682
TMO,21,132,macro_hy_spread_chg_5d,0.012371
TMO,21,132,macro_breakeven_5y,0.019441
TMO,21,132,macro_inflation_fwd_5y5y,0.023779
TMO,21,132,macro_inflation_fwd_chg_21d,0.011859
TMO,21,132,macro_inflation_fwd_abs_chg_21d,0.005502
TMO,21,132,macro_inflation_fwd_chg_63d,0.008671
TMO,21,132,macro_inflation_fwd_zscore,0.01236
TMO,21,132,macro_dollar_ret,0.0
TMO,21,132,beta_spy,0.014026
TMO,21,132,res_vol,0.009165
TMO,21,132,res_vol_vel,0.003728
TMO,21,132,price_regime,0.030196
TMO,21,132,corr_sector_21d,0.007437
TMO,21,132,corr_sector_252d,0.012706
TMO,21,132,sector_wedge,0.012639
TMO,21,133,rv_5d,0.115896
TMO,21,133,rv_10d,0.125016
TMO,21,133,rv_21d,0.115011
TMO,21,133,rv_63d,0.034064
TMO,21,133,rv_126d,0.027375
TMO,21,133,ewma_vol,0.015887
TMO,21,133,garch_cond_vol,0.007118
TMO,21,133,ret_TARGET,0.006064
TMO,21,133,tech_RSI,0.005083
TMO,21,133,tech_MACD_hist,0.015618
TMO,21,133,ret_VIXY,0.0
TMO,21,133,mom21_VIXY,0.013529
TMO,21,133,ret_HYG,0.0
TMO,21,133,mom21_HYG,0.011849
TMO,21,133,ret_USO,0.0
TMO,21,133,mom21_USO,0.019645
TMO,21,133,ret_TLT,0.0
TMO,21,133,mom21_TLT,0.006989
TMO,21,133,ret_UUP,0.0
TMO,21,133,mom21_UUP,0.011381
TMO,21,133,ret_SPY,0.0
TMO,21,133,mom21_SPY,0.006429
TMO,21,133,vol_vel,0.005637
TMO,21,133,vol_of_vol,0.007038
TMO,21,133,vol_regime_zscore,0.005765
TMO,21,133,vol_chg_21d,0.008631
TMO,21,133,event_fed_gravity,0.01181
TMO,21,133,event_earn_gravity,0.0
TMO,21,133,event_div_gravity,0.0
TMO,21,133,event_cpi_gravity,0.016977
TMO,21,133,event_nfp_gravity,0.011766
TMO,21,133,put_call_skew_30d,0.03659
TMO,21,133,term_structure_slope,0.0753
TMO,21,133,vrp_wedge,0.022079
TMO,21,133,iv_atm_z_score,0.039538
TMO,21,133,macro_yield_curve_slope,0.022147
TMO,21,133,macro_hy_spread,0.015078
TMO,21,133,macro_hy_spread_chg_5d,0.013713
TMO,21,133,macro_breakeven_5y,0.017831
TMO,21,133,macro_inflation_fwd_5y5y,0.023013
TMO,21,133,macro_inflation_fwd_chg_21d,0.007305
TMO,21,133,macro_inflation_fwd_abs_chg_21d,0.007399
TMO,21,133,macro_inflation_fwd_chg_63d,0.010313
TMO,21,133,macro_inflation_fwd_zscore,0.012143
TMO,21,133,macro_dollar_ret,0.0
TMO,21,133,beta_spy,0.014128
TMO,21,133,res_vol,0.009567
TMO,21,133,res_vol_vel,0.003703
TMO,21,133,price_regime,0.030645
TMO,21,133,corr_sector_21d,0.007643
TMO,21,133,corr_sector_252d,0.013823
TMO,21,133,sector_wedge,0.013464
TMO,21,134,rv_5d,0.12402
TMO,21,134,rv_10d,0.132246
TMO,21,134,rv_21d,0.085415
TMO,21,134,rv_63d,0.034777
TMO,21,134,rv_126d,0.027849
TMO,21,134,ewma_vol,0.013068
TMO,21,134,garch_cond_vol,0.005007
TMO,21,134,ret_TARGET,0.0
TMO,21,134,tech_RSI,0.005011
TMO,21,134,tech_MACD_hist,0.018434
TMO,21,134,ret_VIXY,0.0
TMO,21,134,mom21_VIXY,0.017304
TMO,21,134,ret_HYG,0.0
TMO,21,134,mom21_HYG,0.011981
TMO,21,134,ret_USO,0.0
TMO,21,134,mom21_USO,0.019071
TMO,21,134,ret_TLT,0.0
TMO,21,134,mom21_TLT,0.00754
TMO,21,134,ret_UUP,0.0
TMO,21,134,mom21_UUP,0.007725
TMO,21,134,ret_SPY,0.0
TMO,21,134,mom21_SPY,0.005529
TMO,21,134,vol_vel,0.010484
TMO,21,134,vol_of_vol,0.007956
TMO,21,134,vol_regime_zscore,0.006627
TMO,21,134,vol_chg_21d,0.006287
TMO,21,134,event_fed_gravity,0.013464
TMO,21,134,event_earn_gravity,0.0
TMO,21,134,event_div_gravity,0.0
TMO,21,134,event_cpi_gravity,0.010425
TMO,21,134,event_nfp_gravity,0.009929
TMO,21,134,put_call_skew_30d,0.037661
TMO,21,134,term_structure_slope,0.064217
TMO,21,134,vrp_wedge,0.022262
TMO,21,134,iv_atm_z_score,0.038206
TMO,21,134,macro_yield_curve_slope,0.01981
TMO,21,134,macro_hy_spread,0.016037
TMO,21,134,macro_hy_spread_chg_5d,0.045853
TMO,21,134,macro_breakeven_5y,0.02312
TMO,21,134,macro_inflation_fwd_5y5y,0.022625
TMO,21,134,macro_inflation_fwd_chg_21d,0.006313
TMO,21,134,macro_inflation_fwd_abs_chg_21d,0.005854
TMO,21,134,macro_inflation_fwd_chg_63d,0.007125
TMO,21,134,macro_inflation_fwd_zscore,0.013495
TMO,21,134,macro_dollar_ret,0.0
TMO,21,134,beta_spy,0.013627
TMO,21,134,res_vol,0.011779
TMO,21,134,res_vol_vel,0.005296
TMO,21,134,price_regime,0.030202
TMO,21,134,corr_sector_21d,0.007503
TMO,21,134,corr_sector_252d,0.013793
TMO,21,134,sector_wedge,0.015074
TMO,21,135,rv_5d,0.14335
TMO,21,135,rv_10d,0.122824
TMO,21,135,rv_21d,0.089368
TMO,21,135,rv_63d,0.037401
TMO,21,135,rv_126d,0.027001
TMO,21,135,ewma_vol,0.021898
TMO,21,135,garch_cond_vol,0.007369
TMO,21,135,ret_TARGET,0.0
TMO,21,135,tech_RSI,0.004739
TMO,21,135,tech_MACD_hist,0.01645
TMO,21,135,ret_VIXY,0.0
TMO,21,135,mom21_VIXY,0.021298
TMO,21,135,ret_HYG,0.0
TMO,21,135,mom21_HYG,0.010872
TMO,21,135,ret_USO,0.0
TMO,21,135,mom21_USO,0.01833
TMO,21,135,ret_TLT,0.0
TMO,21,135,mom21_TLT,0.007136
TMO,21,135,ret_UUP,0.0
TMO,21,135,mom21_UUP,0.008035
TMO,21,135,ret_SPY,0.005765
TMO,21,135,mom21_SPY,0.00694
TMO,21,135,vol_vel,0.00423
TMO,21,135,vol_of_vol,0.007803
TMO,21,135,vol_regime_zscore,0.008585
TMO,21,135,vol_chg_21d,0.006941
TMO,21,135,event_fed_gravity,0.012152
TMO,21,135,event_earn_gravity,0.0
TMO,21,135,event_div_gravity,0.0
TMO,21,135,event_cpi_gravity,0.013279
TMO,21,135,event_nfp_gravity,0.013687
TMO,21,135,put_call_skew_30d,0.036744
TMO,21,135,term_structure_slope,0.064674
TMO,21,135,vrp_wedge,0.024879
TMO,21,135,iv_atm_z_score,0.042901
TMO,21,135,macro_yield_curve_slope,0.020775
TMO,21,135,macro_hy_spread,0.017521
TMO,21,135,macro_hy_spread_chg_5d,0.0
TMO,21,135,macro_breakeven_5y,0.022125
TMO,21,135,macro_inflation_fwd_5y5y,0.023674
TMO,21,135,macro_inflation_fwd_chg_21d,0.006118
TMO,21,135,macro_inflation_fwd_abs_chg_21d,0.0
TMO,21,135,macro_inflation_fwd_chg_63d,0.006649
TMO,21,135,macro_inflation_fwd_zscore,0.017415
TMO,21,135,macro_dollar_ret,0.0
TMO,21,135,beta_spy,0.014219
TMO,21,135,res_vol,0.008365
TMO,21,135,res_vol_vel,0.004773
TMO,21,135,price_regime,0.036873
TMO,21,135,corr_sector_21d,0.008189
TMO,21,135,corr_sector_252d,0.014235
TMO,21,135,sector_wedge,0.014419
TMO,21,136,rv_5d,0.114599
TMO,21,136,rv_10d,0.127888
TMO,21,136,rv_21d,0.083187
TMO,21,136,rv_63d,0.040015
TMO,21,136,rv_126d,0.030145
TMO,21,136,ewma_vol,0.022703
TMO,21,136,garch_cond_vol,0.003307
TMO,21,136,ret_TARGET,0.0
TMO,21,136,tech_RSI,0.0
TMO,21,136,tech_MACD_hist,0.018038
TMO,21,136,ret_VIXY,0.0
TMO,21,136,mom21_VIXY,0.016336
TMO,21,136,ret_HYG,0.0
TMO,21,136,mom21_HYG,0.009961
TMO,21,136,ret_USO,0.0
TMO,21,136,mom21_USO,0.020795
TMO,21,136,ret_TLT,0.0
TMO,21,136,mom21_TLT,0.008882
TMO,21,136,ret_UUP,0.0
TMO,21,136,mom21_UUP,0.006475
TMO,21,136,ret_SPY,0.0
TMO,21,136,mom21_SPY,0.009046
TMO,21,136,vol_vel,0.00465
TMO,21,136,vol_of_vol,0.006698
TMO,21,136,vol_regime_zscore,0.007539
TMO,21,136,vol_chg_21d,0.009202
TMO,21,136,event_fed_gravity,0.016478
TMO,21,136,event_earn_gravity,0.0
TMO,21,136,event_div_gravity,0.0
TMO,21,136,event_cpi_gravity,0.011709
TMO,21,136,event_nfp_gravity,0.016876
TMO,21,136,put_call_skew_30d,0.035208
TMO,21,136,term_structure_slope,0.07086
TMO,21,136,vrp_wedge,0.022477
TMO,21,136,iv_atm_z_score,0.043752
TMO,21,136,macro_yield_curve_slope,0.019424
TMO,21,136,macro_hy_spread,0.01508
TMO,21,136,macro_hy_spread_chg_5d,0.036808
TMO,21,136,macro_breakeven_5y,0.018516
TMO,21,136,macro_inflation_fwd_5y5y,0.021498
TMO,21,136,macro_inflation_fwd_chg_21d,0.007921
TMO,21,136,macro_inflation_fwd_abs_chg_21d,0.00773
TMO,21,136,macro_inflation_fwd_chg_63d,0.006018
TMO,21,136,macro_inflation_fwd_zscore,0.011524
TMO,21,136,macro_dollar_ret,0.0
TMO,21,136,beta_spy,0.016535
TMO,21,136,res_vol,0.009355
TMO,21,136,res_vol_vel,0.006071
TMO,21,136,price_regime,0.032487
TMO,21,136,corr_sector_21d,0.007439
TMO,21,136,corr_sector_252d,0.01253
TMO,21,136,sector_wedge,0.014239
TMO,21,137,rv_5d,0.110396
TMO,21,137,rv_10d,0.162645
TMO,21,137,rv_21d,0.08845
TMO,21,137,rv_63d,0.035008
TMO,21,137,rv_126d,0.030674
TMO,21,137,ewma_vol,0.013886
TMO,21,137,garch_cond_vol,0.010882
TMO,21,137,ret_TARGET,0.0
TMO,21,137,tech_RSI,0.004236
TMO,21,137,tech_MACD_hist,0.020591
TMO,21,137,ret_VIXY,0.0
TMO,21,137,mom21_VIXY,0.022655
TMO,21,137,ret_HYG,0.0
TMO,21,137,mom21_HYG,0.011913
TMO,21,137,ret_USO,0.0
TMO,21,137,mom21_USO,0.019336
TMO,21,137,ret_TLT,0.0
TMO,21,137,mom21_TLT,0.007053
TMO,21,137,ret_UUP,0.0
TMO,21,137,mom21_UUP,0.007497
TMO,21,137,ret_SPY,0.0
TMO,21,137,mom21_SPY,0.005219
TMO,21,137,vol_vel,0.006747
TMO,21,137,vol_of_vol,0.005726
TMO,21,137,vol_regime_zscore,0.01142
TMO,21,137,vol_chg_21d,0.006512
TMO,21,137,event_fed_gravity,0.012455
TMO,21,137,event_earn_gravity,0.0
TMO,21,137,event_div_gravity,0.0
TMO,21,137,event_cpi_gravity,0.01107
TMO,21,137,event_nfp_gravity,0.014869
TMO,21,137,put_call_skew_30d,0.037086
TMO,21,137,term_structure_slope,0.04713
TMO,21,137,vrp_wedge,0.020166
TMO,21,137,iv_atm_z_score,0.040437
TMO,21,137,macro_yield_curve_slope,0.021941
TMO,21,137,macro_hy_spread,0.018134
TMO,21,137,macro_hy_spread_chg_5d,0.027044
TMO,21,137,macro_breakeven_5y,0.018679
TMO,21,137,macro_inflation_fwd_5y5y,0.023677
TMO,21,137,macro_inflation_fwd_chg_21d,0.008489
TMO,21,137,macro_inflation_fwd_abs_chg_21d,0.004999
TMO,21,137,macro_inflation_fwd_chg_63d,0.008139
TMO,21,137,macro_inflation_fwd_zscore,0.010455
TMO,21,137,macro_dollar_ret,0.0
TMO,21,137,beta_spy,0.015036
TMO,21,137,res_vol,0.009658
TMO,21,137,res_vol_vel,0.005294
TMO,21,137,price_regime,0.028407
TMO,21,137,corr_sector_21d,0.008631
TMO,21,137,corr_sector_252d,0.013187
TMO,21,137,sector_wedge,0.014168
TMO,21,138,rv_5d,0.110811
TMO,21,138,rv_10d,0.132328
TMO,21,138,rv_21d,0.088851
TMO,21,138,rv_63d,0.040837
TMO,21,138,rv_126d,0.031107
TMO,21,138,ewma_vol,0.019368
TMO,21,138,garch_cond_vol,0.003286
TMO,21,138,ret_TARGET,0.0
TMO,21,138,tech_RSI,0.004709
TMO,21,138,tech_MACD_hist,0.018787
TMO,21,138,ret_VIXY,0.00288
TMO,21,138,mom21_VIXY,0.01253
TMO,21,138,ret_HYG,0.0
TMO,21,138,mom21_HYG,0.013733
TMO,21,138,ret_USO,0.0
TMO,21,138,mom21_USO,0.018485
TMO,21,138,ret_TLT,0.0
TMO,21,138,mom21_TLT,0.008769
TMO,21,138,ret_UUP,0.0
TMO,21,138,mom21_UUP,0.006323
TMO,21,138,ret_SPY,0.0
TMO,21,138,mom21_SPY,0.005859
TMO,21,138,vol_vel,0.007851
TMO,21,138,vol_of_vol,0.006928
TMO,21,138,vol_regime_zscore,0.006975
TMO,21,138,vol_chg_21d,0.014993
TMO,21,138,event_fed_gravity,0.012604
TMO,21,138,event_earn_gravity,0.0
TMO,21,138,event_div_gravity,0.0
TMO,21,138,event_cpi_gravity,0.012393
TMO,21,138,event_nfp_gravity,0.016853
TMO,21,138,put_call_skew_30d,0.048224
TMO,21,138,term_structure_slope,0.07151
TMO,21,138,vrp_wedge,0.020094
TMO,21,138,iv_atm_z_score,0.044861
TMO,21,138,macro_yield_curve_slope,0.021099
TMO,21,138,macro_hy_spread,0.016189
TMO,21,138,macro_hy_spread_chg_5d,0.021784
TMO,21,138,macro_breakeven_5y,0.018182
TMO,21,138,macro_inflation_fwd_5y5y,0.023921
TMO,21,138,macro_inflation_fwd_chg_21d,0.008245
TMO,21,138,macro_inflation_fwd_abs_chg_21d,0.0
TMO,21,138,macro_inflation_fwd_chg_63d,0.00819
TMO,21,138,macro_inflation_fwd_zscore,0.009733
TMO,21,138,macro_dollar_ret,0.0
TMO,21,138,beta_spy,0.0149
TMO,21,138,res_vol,0.009354
TMO,21,138,res_vol_vel,0.003859
TMO,21,138,price_regime,0.028072
TMO,21,138,corr_sector_21d,0.007069
TMO,21,138,corr_sector_252d,0.014028
TMO,21,138,sector_wedge,0.013428
TMO,21,139,rv_5d,0.108264
TMO,21,139,rv_10d,0.131048
TMO,21,139,rv_21d,0.096626
TMO,21,139,rv_63d,0.03544
TMO,21,139,rv_126d,0.026517
TMO,21,139,ewma_vol,0.028878
TMO,21,139,garch_cond_vol,0.0
TMO,21,139,ret_TARGET,0.0
TMO,21,139,tech_RSI,0.005972
TMO,21,139,tech_MACD_hist,0.01467
TMO,21,139,ret_VIXY,0.002793
TMO,21,139,mom21_VIXY,0.019328
TMO,21,139,ret_HYG,0.0
TMO,21,139,mom21_HYG,0.010096
TMO,21,139,ret_USO,0.0
TMO,21,139,mom21_USO,0.021264
TMO,21,139,ret_TLT,0.0
TMO,21,139,mom21_TLT,0.00715
TMO,21,139,ret_UUP,0.0
TMO,21,139,mom21_UUP,0.006469
TMO,21,139,ret_SPY,0.0
TMO,21,139,mom21_SPY,0.00615
TMO,21,139,vol_vel,0.007093
TMO,21,139,vol_of_vol,0.007482
TMO,21,139,vol_regime_zscore,0.006961
TMO,21,139,vol_chg_21d,0.009795
TMO,21,139,event_fed_gravity,0.0152
TMO,21,139,event_earn_gravity,0.0
TMO,21,139,event_div_gravity,0.0
TMO,21,139,event_cpi_gravity,0.017607
TMO,21,139,event_nfp_gravity,0.013404
TMO,21,139,put_call_skew_30d,0.038055
TMO,21,139,term_structure_slope,0.060481
TMO,21,139,vrp_wedge,0.027811
TMO,21,139,iv_atm_z_score,0.039649
TMO,21,139,macro_yield_curve_slope,0.02084
TMO,21,139,macro_hy_spread,0.015515
TMO,21,139,macro_hy_spread_chg_5d,0.020085
TMO,21,139,macro_breakeven_5y,0.021392
TMO,21,139,macro_inflation_fwd_5y5y,0.018383
TMO,21,139,macro_inflation_fwd_chg_21d,0.007626
TMO,21,139,macro_inflation_fwd_abs_chg_21d,0.006211
TMO,21,139,macro_inflation_fwd_chg_63d,0.011541
TMO,21,139,macro_inflation_fwd_zscore,0.011528
TMO,21,139,macro_dollar_ret,0.0
TMO,21,139,beta_spy,0.015361
TMO,21,139,res_vol,0.009555
TMO,21,139,res_vol_vel,0.003901
TMO,21,139,price_regime,0.039829
TMO,21,139,corr_sector_21d,0.007563
TMO,21,139,corr_sector_252d,0.014244
TMO,21,139,sector_wedge,0.012226
TMO,21,140,rv_5d,0.115697
TMO,21,140,rv_10d,0.12223
TMO,21,140,rv_21d,0.111907
TMO,21,140,rv_63d,0.033687
TMO,21,140,rv_126d,0.025172
TMO,21,140,ewma_vol,0.014149
TMO,21,140,garch_cond_vol,0.009108
TMO,21,140,ret_TARGET,0.0
TMO,21,140,tech_RSI,0.005208
TMO,21,140,tech_MACD_hist,0.018701
TMO,21,140,ret_VIXY,0.00312
TMO,21,140,mom21_VIXY,0.023189
TMO,21,140,ret_HYG,0.0
TMO,21,140,mom21_HYG,0.010503
TMO,21,140,ret_USO,0.0
TMO,21,140,mom21_USO,0.019259
TMO,21,140,ret_TLT,0.0
TMO,21,140,mom21_TLT,0.007083
TMO,21,140,ret_UUP,0.0
TMO,21,140,mom21_UUP,0.005829
TMO,21,140,ret_SPY,0.0
TMO,21,140,mom21_SPY,0.005877
TMO,21,140,vol_vel,0.005697
TMO,21,140,vol_of_vol,0.007352
TMO,21,140,vol_regime_zscore,0.006773
TMO,21,140,vol_chg_21d,0.009932
TMO,21,140,event_fed_gravity,0.011125
TMO,21,140,event_earn_gravity,0.0
TMO,21,140,event_div_gravity,0.0
TMO,21,140,event_cpi_gravity,0.022151
TMO,21,140,event_nfp_gravity,0.015873
TMO,21,140,put_call_skew_30d,0.041607
TMO,21,140,term_structure_slope,0.054424
TMO,21,140,vrp_wedge,0.02729
TMO,21,140,iv_atm_z_score,0.043552
TMO,21,140,macro_yield_curve_slope,0.021295
TMO,21,140,macro_hy_spread,0.014456
TMO,21,140,macro_hy_spread_chg_5d,0.005114
TMO,21,140,macro_breakeven_5y,0.020529
TMO,21,140,macro_inflation_fwd_5y5y,0.026119
TMO,21,140,macro_inflation_fwd_chg_21d,0.007091
TMO,21,140,macro_inflation_fwd_abs_chg_21d,0.011184
TMO,21,140,macro_inflation_fwd_chg_63d,0.010204
TMO,21,140,macro_inflation_fwd_zscore,0.011297
TMO,21,140,macro_dollar_ret,0.0
TMO,21,140,beta_spy,0.016663
TMO,21,140,res_vol,0.008452
TMO,21,140,res_vol_vel,0.004522
TMO,21,140,price_regime,0.028337
TMO,21,140,corr_sector_21d,0.00841
TMO,21,140,corr_sector_252d,0.015669
TMO,21,140,sector_wedge,0.014164
TMO,21,141,rv_5d,0.101546
TMO,21,141,rv_10d,0.129051
TMO,21,141,rv_21d,0.100999
TMO,21,141,rv_63d,0.033712
TMO,21,141,rv_126d,0.023216
TMO,21,141,ewma_vol,0.014768
TMO,21,141,garch_cond_vol,0.00377
TMO,21,141,ret_TARGET,0.0
TMO,21,141,tech_RSI,0.004706
TMO,21,141,tech_MACD_hist,0.012167
TMO,21,141,ret_VIXY,0.0
TMO,21,141,mom21_VIXY,0.014468
TMO,21,141,ret_HYG,0.0
TMO,21,141,mom21_HYG,0.013117
TMO,21,141,ret_USO,0.0
TMO,21,141,mom21_USO,0.01756
TMO,21,141,ret_TLT,0.0
TMO,21,141,mom21_TLT,0.008041
TMO,21,141,ret_UUP,0.0
TMO,21,141,mom21_UUP,0.005809
TMO,21,141,ret_SPY,0.0
TMO,21,141,mom21_SPY,0.024687
TMO,21,141,vol_vel,0.008036
TMO,21,141,vol_of_vol,0.007667
TMO,21,141,vol_regime_zscore,0.007786
TMO,21,141,vol_chg_21d,0.011856
TMO,21,141,event_fed_gravity,0.011418
TMO,21,141,event_earn_gravity,0.0
TMO,21,141,event_div_gravity,0.0
TMO,21,141,event_cpi_gravity,0.013815
TMO,21,141,event_nfp_gravity,0.018729
TMO,21,141,put_call_skew_30d,0.031177
TMO,21,141,term_structure_slope,0.060066
TMO,21,141,vrp_wedge,0.026862
TMO,21,141,iv_atm_z_score,0.039259
TMO,21,141,macro_yield_curve_slope,0.020768
TMO,21,141,macro_hy_spread,0.016653
TMO,21,141,macro_hy_spread_chg_5d,0.024696
TMO,21,141,macro_breakeven_5y,0.017167
TMO,21,141,macro_inflation_fwd_5y5y,0.023192
TMO,21,141,macro_inflation_fwd_chg_21d,0.00653
TMO,21,141,macro_inflation_fwd_abs_chg_21d,0.016921
TMO,21,141,macro_inflation_fwd_chg_63d,0.007631
TMO,21,141,macro_inflation_fwd_zscore,0.011144
TMO,21,141,macro_dollar_ret,0.0
TMO,21,141,beta_spy,0.015205
TMO,21,141,res_vol,0.008816
TMO,21,141,res_vol_vel,0.006519
TMO,21,141,price_regime,0.041222
TMO,21,141,corr_sector_21d,0.010888
TMO,21,141,corr_sector_252d,0.013634
TMO,21,141,sector_wedge,0.014721
TMO,21,142,rv_5d,0.115951
TMO,21,142,rv_10d,0.135221
TMO,21,142,rv_21d,0.085894
TMO,21,142,rv_63d,0.038294
TMO,21,142,rv_126d,0.01936
TMO,21,142,ewma_vol,0.00627
TMO,21,142,garch_cond_vol,0.00513
TMO,21,142,ret_TARGET,0.0
TMO,21,142,tech_RSI,0.003852
TMO,21,142,tech_MACD_hist,0.010114
TMO,21,142,ret_VIXY,0.0
TMO,21,142,mom21_VIXY,0.020147
TMO,21,142,ret_HYG,0.0
TMO,21,142,mom21_HYG,0.012347
TMO,21,142,ret_USO,0.0
TMO,21,142,mom21_USO,0.017622
TMO,21,142,ret_TLT,0.0
TMO,21,142,mom21_TLT,0.005435
TMO,21,142,ret_UUP,0.0
TMO,21,142,mom21_UUP,0.004846
TMO,21,142,ret_SPY,0.003573
TMO,21,142,mom21_SPY,0.02206
TMO,21,142,vol_vel,0.006056
TMO,21,142,vol_of_vol,0.009596
TMO,21,142,vol_regime_zscore,0.004979
TMO,21,142,vol_chg_21d,0.007803
TMO,21,142,event_fed_gravity,0.011252
TMO,21,142,event_earn_gravity,0.0
TMO,21,142,event_div_gravity,0.0
TMO,21,142,event_cpi_gravity,0.015372
TMO,21,142,event_nfp_gravity,0.008988
TMO,21,142,put_call_skew_30d,0.033503
TMO,21,142,term_structure_slope,0.075149
TMO,21,142,vrp_wedge,0.024033
TMO,21,142,iv_atm_z_score,0.040088
TMO,21,142,macro_yield_curve_slope,0.022266
TMO,21,142,macro_hy_spread,0.017251
TMO,21,142,macro_hy_spread_chg_5d,0.024503
TMO,21,142,macro_breakeven_5y,0.01796
TMO,21,142,macro_inflation_fwd_5y5y,0.020904
TMO,21,142,macro_inflation_fwd_chg_21d,0.005668
TMO,21,142,macro_inflation_fwd_abs_chg_21d,0.009175
TMO,21,142,macro_inflation_fwd_chg_63d,0.007103
TMO,21,142,macro_inflation_fwd_zscore,0.010776
TMO,21,142,macro_dollar_ret,0.0
TMO,21,142,beta_spy,0.014561
TMO,21,142,res_vol,0.010496
TMO,21,142,res_vol_vel,0.005199
TMO,21,142,price_regime,0.05247
TMO,21,142,corr_sector_21d,0.009916
TMO,21,142,corr_sector_252d,0.013497
TMO,21,142,sector_wedge,0.015318
TMO,21,143,rv_5d,0.133279
TMO,21,143,rv_10d,0.129879
TMO,21,143,rv_21d,0.085136
TMO,21,143,rv_63d,0.037107
TMO,21,143,rv_126d,0.019154
TMO,21,143,ewma_vol,0.010677
TMO,21,143,garch_cond_vol,0.00775
TMO,21,143,ret_TARGET,0.0
TMO,21,143,tech_RSI,0.004089
TMO,21,143,tech_MACD_hist,0.010945
TMO,21,143,ret_VIXY,0.0
TMO,21,143,mom21_VIXY,0.018734
TMO,21,143,ret_HYG,0.0
TMO,21,143,mom21_HYG,0.010984
TMO,21,143,ret_USO,0.0
TMO,21,143,mom21_USO,0.017608
TMO,21,143,ret_TLT,0.0
TMO,21,143,mom21_TLT,0.00671
TMO,21,143,ret_UUP,0.0
TMO,21,143,mom21_UUP,0.007433
TMO,21,143,ret_SPY,0.0
TMO,21,143,mom21_SPY,0.025087
TMO,21,143,vol_vel,0.003914
TMO,21,143,vol_of_vol,0.010068
TMO,21,143,vol_regime_zscore,0.009895
TMO,21,143,vol_chg_21d,0.006453
TMO,21,143,event_fed_gravity,0.011246
TMO,21,143,event_earn_gravity,0.0
TMO,21,143,event_div_gravity,0.0
TMO,21,143,event_cpi_gravity,0.017672
TMO,21,143,event_nfp_gravity,0.009451
TMO,21,143,put_call_skew_30d,0.030988
TMO,21,143,term_structure_slope,0.061752
TMO,21,143,vrp_wedge,0.024429
TMO,21,143,iv_atm_z_score,0.039976
TMO,21,143,macro_yield_curve_slope,0.019948
TMO,21,143,macro_hy_spread,0.015472
TMO,21,143,macro_hy_spread_chg_5d,0.025236
TMO,21,143,macro_breakeven_5y,0.019506
TMO,21,143,macro_inflation_fwd_5y5y,0.020509
TMO,21,143,macro_inflation_fwd_chg_21d,0.006719
TMO,21,143,macro_inflation_fwd_abs_chg_21d,0.00524
TMO,21,143,macro_inflation_fwd_chg_63d,0.005792
TMO,21,143,macro_inflation_fwd_zscore,0.009221
TMO,21,143,macro_dollar_ret,0.0
TMO,21,143,beta_spy,0.01398
TMO,21,143,res_vol,0.010252
TMO,21,143,res_vol_vel,0.006014
TMO,21,143,price_regime,0.053536
TMO,21,143,corr_sector_21d,0.009884
TMO,21,143,corr_sector_252d,0.013887
TMO,21,143,sector_wedge,0.014389
TMO,21,144,rv_5d,0.155507
TMO,21,144,rv_10d,0.102318
TMO,21,144,rv_21d,0.09814
TMO,21,144,rv_63d,0.039174
TMO,21,144,rv_126d,0.018751
TMO,21,144,ewma_vol,0.009552
TMO,21,144,garch_cond_vol,0.006572
TMO,21,144,ret_TARGET,0.0
TMO,21,144,tech_RSI,0.005017
TMO,21,144,tech_MACD_hist,0.010837
TMO,21,144,ret_VIXY,0.0
TMO,21,144,mom21_VIXY,0.021099
TMO,21,144,ret_HYG,0.0
TMO,21,144,mom21_HYG,0.00862
TMO,21,144,ret_USO,0.0
TMO,21,144,mom21_USO,0.018627
TMO,21,144,ret_TLT,0.0
TMO,21,144,mom21_TLT,0.006079
TMO,21,144,ret_UUP,0.002696
TMO,21,144,mom21_UUP,0.006711
TMO,21,144,ret_SPY,0.00368
TMO,21,144,mom21_SPY,0.022475
TMO,21,144,vol_vel,0.007716
TMO,21,144,vol_of_vol,0.009461
TMO,21,144,vol_regime_zscore,0.007245
TMO,21,144,vol_chg_21d,0.011167
TMO,21,144,event_fed_gravity,0.009581
TMO,21,144,event_earn_gravity,0.0
TMO,21,144,event_div_gravity,0.0
TMO,21,144,event_cpi_gravity,0.016777
TMO,21,144,event_nfp_gravity,0.01221
TMO,21,144,put_call_skew_30d,0.017062
TMO,21,144,term_structure_slope,0.056985
TMO,21,144,vrp_wedge,0.029117
TMO,21,144,iv_atm_z_score,0.040718
TMO,21,144,macro_yield_curve_slope,0.021099
TMO,21,144,macro_hy_spread,0.012846
TMO,21,144,macro_hy_spread_chg_5d,0.019786
TMO,21,144,macro_breakeven_5y,0.018382
TMO,21,144,macro_inflation_fwd_5y5y,0.019242
TMO,21,144,macro_inflation_fwd_chg_21d,0.005044
TMO,21,144,macro_inflation_fwd_abs_chg_21d,0.009191
TMO,21,144,macro_inflation_fwd_chg_63d,0.00625
TMO,21,144,macro_inflation_fwd_zscore,0.014609
TMO,21,144,macro_dollar_ret,0.0
TMO,21,144,beta_spy,0.018282
TMO,21,144,res_vol,0.009301
TMO,21,144,res_vol_vel,0.005474
TMO,21,144,price_regime,0.049553
TMO,21,144,corr_sector_21d,0.008238
TMO,21,144,corr_sector_252d,0.013556
TMO,21,144,sector_wedge,0.015252
TMO,21,145,rv_5d,0.137469
TMO,21,145,rv_10d,0.106017
TMO,21,145,rv_21d,0.106149
TMO,21,145,rv_63d,0.043757
TMO,21,145,rv_126d,0.019992
TMO,21,145,ewma_vol,0.008939
TMO,21,145,garch_cond_vol,0.007628
TMO,21,145,ret_TARGET,0.0
TMO,21,145,tech_RSI,0.004244
TMO,21,145,tech_MACD_hist,0.009142
TMO,21,145,ret_VIXY,0.0
TMO,21,145,mom21_VIXY,0.016943
TMO,21,145,ret_HYG,0.0
TMO,21,145,mom21_HYG,0.011342
TMO,21,145,ret_USO,0.0
TMO,21,145,mom21_USO,0.017855
TMO,21,145,ret_TLT,0.0
TMO,21,145,mom21_TLT,0.006154
TMO,21,145,ret_UUP,0.002704
TMO,21,145,mom21_UUP,0.006911
TMO,21,145,ret_SPY,0.015094
TMO,21,145,mom21_SPY,0.017114
TMO,21,145,vol_vel,0.003565
TMO,21,145,vol_of_vol,0.008907
TMO,21,145,vol_regime_zscore,0.00789
TMO,21,145,vol_chg_21d,0.011482
TMO,21,145,event_fed_gravity,0.008732
TMO,21,145,event_earn_gravity,0.0
TMO,21,145,event_div_gravity,0.0
TMO,21,145,event_cpi_gravity,0.015378
TMO,21,145,event_nfp_gravity,0.01233
TMO,21,145,put_call_skew_30d,0.015423
TMO,21,145,term_structure_slope,0.06209
TMO,21,145,vrp_wedge,0.030541
TMO,21,145,iv_atm_z_score,0.041826
TMO,21,145,macro_yield_curve_slope,0.020059
TMO,21,145,macro_hy_spread,0.014523
TMO,21,145,macro_hy_spread_chg_5d,0.024491
TMO,21,145,macro_breakeven_5y,0.017132
TMO,21,145,macro_inflation_fwd_5y5y,0.021356
TMO,21,145,macro_inflation_fwd_chg_21d,0.006101
TMO,21,145,macro_inflation_fwd_abs_chg_21d,0.007421
TMO,21,145,macro_inflation_fwd_chg_63d,0.006247
TMO,21,145,macro_inflation_fwd_zscore,0.014297
TMO,21,145,macro_dollar_ret,0.0
TMO,21,145,beta_spy,0.015111
TMO,21,145,res_vol,0.009185
TMO,21,145,res_vol_vel,0.005441
TMO,21,145,price_regime,0.045217
TMO,21,145,corr_sector_21d,0.006749
TMO,21,145,corr_sector_252d,0.01477
TMO,21,145,sector_wedge,0.016284
TMO,21,146,rv_5d,0.134561
TMO,21,146,rv_10d,0.125418
TMO,21,146,rv_21d,0.116296
TMO,21,146,rv_63d,0.045217
TMO,21,146,rv_126d,0.01797
TMO,21,146,ewma_vol,0.004571
TMO,21,146,garch_cond_vol,0.005671
TMO,21,146,ret_TARGET,0.0
TMO,21,146,tech_RSI,0.004725
TMO,21,146,tech_MACD_hist,0.009126
TMO,21,146,ret_VIXY,0.0
TMO,21,146,mom21_VIXY,0.018092
TMO,21,146,ret_HYG,0.0
TMO,21,146,mom21_HYG,0.010513
TMO,21,146,ret_USO,0.0
TMO,21,146,mom21_USO,0.016908
TMO,21,146,ret_TLT,0.004532
TMO,21,146,mom21_TLT,0.005562
TMO,21,146,ret_UUP,0.002686
TMO,21,146,mom21_UUP,0.006198
TMO,21,146,ret_SPY,0.003461
TMO,21,146,mom21_SPY,0.013495
TMO,21,146,vol_vel,0.005737
TMO,21,146,vol_of_vol,0.009434
TMO,21,146,vol_regime_zscore,0.010676
TMO,21,146,vol_chg_21d,0.007551
TMO,21,146,event_fed_gravity,0.008971
TMO,21,146,event_earn_gravity,0.0
TMO,21,146,event_div_gravity,0.0
TMO,21,146,event_cpi_gravity,0.013469
TMO,21,146,event_nfp_gravity,0.009236
TMO,21,146,put_call_skew_30d,0.020592
TMO,21,146,term_structure_slope,0.060028
TMO,21,146,vrp_wedge,0.026117
TMO,21,146,iv_atm_z_score,0.043532
TMO,21,146,macro_yield_curve_slope,0.020343
TMO,21,146,macro_hy_spread,0.013536
TMO,21,146,macro_hy_spread_chg_5d,0.016772
TMO,21,146,macro_breakeven_5y,0.015956
TMO,21,146,macro_inflation_fwd_5y5y,0.022511
TMO,21,146,macro_inflation_fwd_chg_21d,0.005749
TMO,21,146,macro_inflation_fwd_abs_chg_21d,0.012026
TMO,21,146,macro_inflation_fwd_chg_63d,0.006512
TMO,21,146,macro_inflation_fwd_zscore,0.012676
TMO,21,146,macro_dollar_ret,0.0
TMO,21,146,beta_spy,0.013561
TMO,21,146,res_vol,0.009413
TMO,21,146,res_vol_vel,0.005611
TMO,21,146,price_regime,0.047528
TMO,21,146,corr_sector_21d,0.007236
TMO,21,146,corr_sector_252d,0.014065
TMO,21,146,sector_wedge,0.016161
TMO,21,147,rv_5d,0.134533
TMO,21,147,rv_10d,0.096738
TMO,21,147,rv_21d,0.106149
TMO,21,147,rv_63d,0.051227
TMO,21,147,rv_126d,0.020548
TMO,21,147,ewma_vol,0.005109
TMO,21,147,garch_cond_vol,0.004294
TMO,21,147,ret_TARGET,0.0
TMO,21,147,tech_RSI,0.003756
TMO,21,147,tech_MACD_hist,0.012243
TMO,21,147,ret_VIXY,0.0
TMO,21,147,mom21_VIXY,0.021973
TMO,21,147,ret_HYG,0.0
TMO,21,147,mom21_HYG,0.01305
TMO,21,147,ret_USO,0.0
TMO,21,147,mom21_USO,0.018946
TMO,21,147,ret_TLT,0.005393
TMO,21,147,mom21_TLT,0.006597
TMO,21,147,ret_UUP,0.0
TMO,21,147,mom21_UUP,0.007937
TMO,21,147,ret_SPY,0.0
TMO,21,147,mom21_SPY,0.017075
TMO,21,147,vol_vel,0.004049
TMO,21,147,vol_of_vol,0.009515
TMO,21,147,vol_regime_zscore,0.00834
TMO,21,147,vol_chg_21d,0.008846
TMO,21,147,event_fed_gravity,0.012267
TMO,21,147,event_earn_gravity,0.0
TMO,21,147,event_div_gravity,0.0
TMO,21,147,event_cpi_gravity,0.0089
TMO,21,147,event_nfp_gravity,0.010904
TMO,21,147,put_call_skew_30d,0.016857
TMO,21,147,term_structure_slope,0.058779
TMO,21,147,vrp_wedge,0.031974
TMO,21,147,iv_atm_z_score,0.048439
TMO,21,147,macro_yield_curve_slope,0.023543
TMO,21,147,macro_hy_spread,0.0149
TMO,21,147,macro_hy_spread_chg_5d,0.028137
TMO,21,147,macro_breakeven_5y,0.017876
TMO,21,147,macro_inflation_fwd_5y5y,0.019274
TMO,21,147,macro_inflation_fwd_chg_21d,0.00657
TMO,21,147,macro_inflation_fwd_abs_chg_21d,0.006899
TMO,21,147,macro_inflation_fwd_chg_63d,0.006834
TMO,21,147,macro_inflation_fwd_zscore,0.011276
TMO,21,147,macro_dollar_ret,0.0
TMO,21,147,beta_spy,0.012948
TMO,21,147,res_vol,0.013909
TMO,21,147,res_vol_vel,0.004917
TMO,21,147,price_regime,0.049483
TMO,21,147,corr_sector_21d,0.008803
TMO,21,147,corr_sector_252d,0.015259
TMO,21,147,sector_wedge,0.014932
TMO,21,148,rv_5d,0.124112
TMO,21,148,rv_10d,0.134043
TMO,21,148,rv_21d,0.098006
TMO,21,148,rv_63d,0.046524
TMO,21,148,rv_126d,0.019722
TMO,21,148,ewma_vol,0.005111
TMO,21,148,garch_cond_vol,0.007792
TMO,21,148,ret_TARGET,0.0
TMO,21,148,tech_RSI,0.004342
TMO,21,148,tech_MACD_hist,0.014216
TMO,21,148,ret_VIXY,0.0
TMO,21,148,mom21_VIXY,0.020506
TMO,21,148,ret_HYG,0.0
TMO,21,148,mom21_HYG,0.009408
TMO,21,148,ret_USO,0.0
TMO,21,148,mom21_USO,0.020441
TMO,21,148,ret_TLT,0.0
TMO,21,148,mom21_TLT,0.006
TMO,21,148,ret_UUP,0.0
TMO,21,148,mom21_UUP,0.006753
TMO,21,148,ret_SPY,0.003439
TMO,21,148,mom21_SPY,0.015135
TMO,21,148,vol_vel,0.003699
TMO,21,148,vol_of_vol,0.010485
TMO,21,148,vol_regime_zscore,0.007057
TMO,21,148,vol_chg_21d,0.008468
TMO,21,148,event_fed_gravity,0.009499
TMO,21,148,event_earn_gravity,0.0
TMO,21,148,event_div_gravity,0.0
TMO,21,148,event_cpi_gravity,0.01366
TMO,21,148,event_nfp_gravity,0.01213
TMO,21,148,put_call_skew_30d,0.020501
TMO,21,148,term_structure_slope,0.057281
TMO,21,148,vrp_wedge,0.032095
TMO,21,148,iv_atm_z_score,0.04341
TMO,21,148,macro_yield_curve_slope,0.023529
TMO,21,148,macro_hy_spread,0.014292
TMO,21,148,macro_hy_spread_chg_5d,0.021714
TMO,21,148,macro_breakeven_5y,0.015765
TMO,21,148,macro_inflation_fwd_5y5y,0.020382
TMO,21,148,macro_inflation_fwd_chg_21d,0.005202
TMO,21,148,macro_inflation_fwd_abs_chg_21d,0.00977
TMO,21,148,macro_inflation_fwd_chg_63d,0.006548
TMO,21,148,macro_inflation_fwd_zscore,0.011872
TMO,21,148,macro_dollar_ret,0.0
TMO,21,148,beta_spy,0.011705
TMO,21,148,res_vol,0.01327
TMO,21,148,res_vol_vel,0.004343
TMO,21,148,price_regime,0.048949
TMO,21,148,corr_sector_21d,0.009099
TMO,21,148,corr_sector_252d,0.015733
TMO,21,148,sector_wedge,0.013995
TMO,63,0,rv_5d,0.0
TMO,63,0,rv_10d,0.0
TMO,63,0,rv_21d,0.0
TMO,63,0,rv_63d,0.087679
TMO,63,0,rv_126d,0.01259
TMO,63,0,ewma_vol,0.123957
TMO,63,0,garch_cond_vol,0.094799
TMO,63,0,ret_TARGET,0.0
TMO,63,0,tech_RSI,0.0
TMO,63,0,tech_MACD_hist,0.0
TMO,63,0,ret_VIXY,0.0
TMO,63,0,mom21_VIXY,0.0
TMO,63,0,ret_HYG,0.0
TMO,63,0,mom21_HYG,0.0
TMO,63,0,ret_USO,0.0
TMO,63,0,mom21_USO,0.0
TMO,63,0,ret_TLT,0.0
TMO,63,0,mom21_TLT,0.0
TMO,63,0,ret_UUP,0.0
TMO,63,0,mom21_UUP,0.0
TMO,63,0,ret_SPY,0.0
TMO,63,0,mom21_SPY,0.0
TMO,63,0,vol_vel,0.0
TMO,63,0,vol_of_vol,0.0
TMO,63,0,vol_regime_zscore,0.0
TMO,63,0,vol_chg_21d,0.0
TMO,63,0,event_fed_gravity,0.149838
TMO,63,0,event_earn_gravity,0.0
TMO,63,0,event_div_gravity,0.0
TMO,63,0,event_cpi_gravity,0.084284
TMO,63,0,event_nfp_gravity,0.154762
TMO,63,0,put_call_skew_30d,0.0
TMO,63,0,term_structure_slope,0.0
TMO,63,0,vrp_wedge,0.013073
TMO,63,0,iv_atm_z_score,0.053105
TMO,63,0,macro_yield_curve_slope,0.01508
TMO,63,0,macro_hy_spread,0.0
TMO,63,0,macro_hy_spread_chg_5d,0.0
TMO,63,0,macro_breakeven_5y,0.012298
TMO,63,0,macro_inflation_fwd_5y5y,0.021762
TMO,63,0,macro_inflation_fwd_chg_21d,0.0
TMO,63,0,macro_inflation_fwd_abs_chg_21d,0.0
TMO,63,0,macro_inflation_fwd_chg_63d,0.0
TMO,63,0,macro_inflation_fwd_zscore,0.051672
TMO,63,0,macro_dollar_ret,0.0
TMO,63,0,beta_spy,0.013213
TMO,63,0,res_vol,0.0
TMO,63,0,res_vol_vel,0.0
TMO,63,0,price_regime,0.069557
TMO,63,0,corr_sector_21d,0.0
TMO,63,0,corr_sector_252d,0.042329
TMO,63,0,sector_wedge,0.0
TMO,63,1,rv_5d,0.048536
TMO,63,1,rv_10d,0.0
TMO,63,1,rv_21d,0.0
TMO,63,1,rv_63d,0.092052
TMO,63,1,rv_126d,0.016115
TMO,63,1,ewma_vol,0.0
TMO,63,1,garch_cond_vol,0.099427
TMO,63,1,ret_TARGET,0.0
TMO,63,1,tech_RSI,0.0
TMO,63,1,tech_MACD_hist,0.011861
TMO,63,1,ret_VIXY,0.0
TMO,63,1,mom21_VIXY,0.0
TMO,63,1,ret_HYG,0.0
TMO,63,1,mom21_HYG,0.0
TMO,63,1,ret_USO,0.0
TMO,63,1,mom21_USO,0.0
TMO,63,1,ret_TLT,0.0
TMO,63,1,mom21_TLT,0.0
TMO,63,1,ret_UUP,0.0
TMO,63,1,mom21_UUP,0.0
TMO,63,1,ret_SPY,0.0
TMO,63,1,mom21_SPY,0.0
TMO,63,1,vol_vel,0.0
TMO,63,1,vol_of_vol,0.0
TMO,63,1,vol_regime_zscore,0.0
TMO,63,1,vol_chg_21d,0.0
TMO,63,1,event_fed_gravity,0.162951
TMO,63,1,event_earn_gravity,0.0
TMO,63,1,event_div_gravity,0.0
TMO,63,1,event_cpi_gravity,0.095596
TMO,63,1,event_nfp_gravity,0.166409
TMO,63,1,put_call_skew_30d,0.0
TMO,63,1,term_structure_slope,0.017947
TMO,63,1,vrp_wedge,0.020722
TMO,63,1,iv_atm_z_score,0.056738
TMO,63,1,macro_yield_curve_slope,0.013741
TMO,63,1,macro_hy_spread,0.017123
TMO,63,1,macro_hy_spread_chg_5d,0.0
TMO,63,1,macro_breakeven_5y,0.0
TMO,63,1,macro_inflation_fwd_5y5y,0.021901
TMO,63,1,macro_inflation_fwd_chg_21d,0.0
TMO,63,1,macro_inflation_fwd_abs_chg_21d,0.0
TMO,63,1,macro_inflation_fwd_chg_63d,0.0
TMO,63,1,macro_inflation_fwd_zscore,0.035043
TMO,63,1,macro_dollar_ret,0.0
TMO,63,1,beta_spy,0.023174
TMO,63,1,res_vol,0.0
TMO,63,1,res_vol_vel,0.0
TMO,63,1,price_regime,0.054605
TMO,63,1,corr_sector_21d,0.0
TMO,63,1,corr_sector_252d,0.04606
TMO,63,1,sector_wedge,0.0
TMO,63,2,rv_5d,0.0
TMO,63,2,rv_10d,0.0
TMO,63,2,rv_21d,0.0
TMO,63,2,rv_63d,0.080154
TMO,63,2,rv_126d,0.025954
TMO,63,2,ewma_vol,0.0
TMO,63,2,garch_cond_vol,0.101051
TMO,63,2,ret_TARGET,0.0
TMO,63,2,tech_RSI,0.0
TMO,63,2,tech_MACD_hist,0.013024
TMO,63,2,ret_VIXY,0.0
TMO,63,2,mom21_VIXY,0.0
TMO,63,2,ret_HYG,0.0
TMO,63,2,mom21_HYG,0.0
TMO,63,2,ret_USO,0.0
TMO,63,2,mom21_USO,0.0
TMO,63,2,ret_TLT,0.0
TMO,63,2,mom21_TLT,0.0
TMO,63,2,ret_UUP,0.0
TMO,63,2,mom21_UUP,0.0
TMO,63,2,ret_SPY,0.0
TMO,63,2,mom21_SPY,0.0
TMO,63,2,vol_vel,0.0
TMO,63,2,vol_of_vol,0.0
TMO,63,2,vol_regime_zscore,0.0
TMO,63,2,vol_chg_21d,0.0
TMO,63,2,event_fed_gravity,0.159392
TMO,63,2,event_earn_gravity,0.0
TMO,63,2,event_div_gravity,0.0
TMO,63,2,event_cpi_gravity,0.088876
TMO,63,2,event_nfp_gravity,0.149346
TMO,63,2,put_call_skew_30d,0.0
TMO,63,2,term_structure_slope,0.0
TMO,63,2,vrp_wedge,0.0
TMO,63,2,iv_atm_z_score,0.053131
TMO,63,2,macro_yield_curve_slope,0.018817
TMO,63,2,macro_hy_spread,0.01752
TMO,63,2,macro_hy_spread_chg_5d,0.0
TMO,63,2,macro_breakeven_5y,0.015469
TMO,63,2,macro_inflation_fwd_5y5y,0.025051
TMO,63,2,macro_inflation_fwd_chg_21d,0.0
TMO,63,2,macro_inflation_fwd_abs_chg_21d,0.0
TMO,63,2,macro_inflation_fwd_chg_63d,0.023659
TMO,63,2,macro_inflation_fwd_zscore,0.025366
TMO,63,2,macro_dollar_ret,0.0
TMO,63,2,beta_spy,0.031546
TMO,63,2,res_vol,0.019047
TMO,63,2,res_vol_vel,0.0
TMO,63,2,price_regime,0.100191
TMO,63,2,corr_sector_21d,0.0
TMO,63,2,corr_sector_252d,0.052406
TMO,63,2,sector_wedge,0.0
TMO,63,3,rv_5d,0.0
TMO,63,3,rv_10d,0.0
TMO,63,3,rv_21d,0.0
TMO,63,3,rv_63d,0.101034
TMO,63,3,rv_126d,0.036125
TMO,63,3,ewma_vol,0.0
TMO,63,3,garch_cond_vol,0.10207
TMO,63,3,ret_TARGET,0.0
TMO,63,3,tech_RSI,0.0
TMO,63,3,tech_MACD_hist,0.0
TMO,63,3,ret_VIXY,0.0
TMO,63,3,mom21_VIXY,0.0
TMO,63,3,ret_HYG,0.0
TMO,63,3,mom21_HYG,0.0
TMO,63,3,ret_USO,0.0
TMO,63,3,mom21_USO,0.0
TMO,63,3,ret_TLT,0.0
TMO,63,3,mom21_TLT,0.013488
TMO,63,3,ret_UUP,0.0
TMO,63,3,mom21_UUP,0.0
TMO,63,3,ret_SPY,0.0
TMO,63,3,mom21_SPY,0.0
TMO,63,3,vol_vel,0.0
TMO,63,3,vol_of_vol,0.0
TMO,63,3,vol_regime_zscore,0.0
TMO,63,3,vol_chg_21d,0.0
TMO,63,3,event_fed_gravity,0.144195
TMO,63,3,event_earn_gravity,0.0
TMO,63,3,event_div_gravity,0.0
TMO,63,3,event_cpi_gravity,0.108029
TMO,63,3,event_nfp_gravity,0.158723
TMO,63,3,put_call_skew_30d,0.0
TMO,63,3,term_structure_slope,0.0
TMO,63,3,vrp_wedge,0.0
TMO,63,3,iv_atm_z_score,0.065895
TMO,63,3,macro_yield_curve_slope,0.017654
TMO,63,3,macro_hy_spread,0.0
TMO,63,3,macro_hy_spread_chg_5d,0.0
TMO,63,3,macro_breakeven_5y,0.014329
TMO,63,3,macro_inflation_fwd_5y5y,0.02334
TMO,63,3,macro_inflation_fwd_chg_21d,0.0
TMO,63,3,macro_inflation_fwd_abs_chg_21d,0.0
TMO,63,3,macro_inflation_fwd_chg_63d,0.02434
TMO,63,3,macro_inflation_fwd_zscore,0.036871
TMO,63,3,macro_dollar_ret,0.0
TMO,63,3,beta_spy,0.039943
TMO,63,3,res_vol,0.023038
TMO,63,3,res_vol_vel,0.0
TMO,63,3,price_regime,0.033336
TMO,63,3,corr_sector_21d,0.0
TMO,63,3,corr_sector_252d,0.057589
TMO,63,3,sector_wedge,0.0
TMO,63,4,rv_5d,0.0
TMO,63,4,rv_10d,0.0
TMO,63,4,rv_21d,0.0
TMO,63,4,rv_63d,0.064134
TMO,63,4,rv_126d,0.031357
TMO,63,4,ewma_vol,0.0
TMO,63,4,garch_cond_vol,0.126358
TMO,63,4,ret_TARGET,0.0
TMO,63,4,tech_RSI,0.0
TMO,63,4,tech_MACD_hist,0.0
TMO,63,4,ret_VIXY,0.0
TMO,63,4,mom21_VIXY,0.0
TMO,63,4,ret_HYG,0.0
TMO,63,4,mom21_HYG,0.0
TMO,63,4,ret_USO,0.0
TMO,63,4,mom21_USO,0.0
TMO,63,4,ret_TLT,0.0
TMO,63,4,mom21_TLT,0.0
TMO,63,4,ret_UUP,0.0
TMO,63,4,mom21_UUP,0.0
TMO,63,4,ret_SPY,0.0
TMO,63,4,mom21_SPY,0.0
TMO,63,4,vol_vel,0.0
TMO,63,4,vol_of_vol,0.0
TMO,63,4,vol_regime_zscore,0.0
TMO,63,4,vol_chg_21d,0.0
TMO,63,4,event_fed_gravity,0.144782
TMO,63,4,event_earn_gravity,0.0
TMO,63,4,event_div_gravity,0.0
TMO,63,4,event_cpi_gravity,0.107124
TMO,63,4,event_nfp_gravity,0.152538
TMO,63,4,put_call_skew_30d,0.0
TMO,63,4,term_structure_slope,0.0
TMO,63,4,vrp_wedge,0.0
TMO,63,4,iv_atm_z_score,0.073519
TMO,63,4,macro_yield_curve_slope,0.0166
TMO,63,4,macro_hy_spread,0.040484
TMO,63,4,macro_hy_spread_chg_5d,0.0
TMO,63,4,macro_breakeven_5y,0.014239
TMO,63,4,macro_inflation_fwd_5y5y,0.026128
TMO,63,4,macro_inflation_fwd_chg_21d,0.0
TMO,63,4,macro_inflation_fwd_abs_chg_21d,0.0
TMO,63,4,macro_inflation_fwd_chg_63d,0.0
TMO,63,4,macro_inflation_fwd_zscore,0.018436
TMO,63,4,macro_dollar_ret,0.0
TMO,63,4,beta_spy,0.04332
TMO,63,4,res_vol,0.028564
TMO,63,4,res_vol_vel,0.0
TMO,63,4,price_regime,0.059077
TMO,63,4,corr_sector_21d,0.0
TMO,63,4,corr_sector_252d,0.05334
TMO,63,4,sector_wedge,0.0
TMO,63,5,rv_5d,0.0
TMO,63,5,rv_10d,0.0
TMO,63,5,rv_21d,0.0
TMO,63,5,rv_63d,0.067271
TMO,63,5,rv_126d,0.030347
TMO,63,5,ewma_vol,0.112957
TMO,63,5,garch_cond_vol,0.10875
TMO,63,5,ret_TARGET,0.0
TMO,63,5,tech_RSI,0.0
TMO,63,5,tech_MACD_hist,0.0
TMO,63,5,ret_VIXY,0.0
TMO,63,5,mom21_VIXY,0.0
TMO,63,5,ret_HYG,0.0
TMO,63,5,mom21_HYG,0.0
TMO,63,5,ret_USO,0.0
TMO,63,5,mom21_USO,0.0
TMO,63,5,ret_TLT,0.0
TMO,63,5,mom21_TLT,0.0
TMO,63,5,ret_UUP,0.0
TMO,63,5,mom21_UUP,0.0
TMO,63,5,ret_SPY,0.0
TMO,63,5,mom21_SPY,0.0
TMO,63,5,vol_vel,0.0
TMO,63,5,vol_of_vol,0.0
TMO,63,5,vol_regime_zscore,0.0
TMO,63,5,vol_chg_21d,0.0
TMO,63,5,event_fed_gravity,0.127936
TMO,63,5,event_earn_gravity,0.0
TMO,63,5,event_div_gravity,0.0
TMO,63,5,event_cpi_gravity,0.094365
TMO,63,5,event_nfp_gravity,0.122842
TMO,63,5,put_call_skew_30d,0.0
TMO,63,5,term_structure_slope,0.0
TMO,63,5,vrp_wedge,0.0
TMO,63,5,iv_atm_z_score,0.05738
TMO,63,5,macro_yield_curve_slope,0.0
TMO,63,5,macro_hy_spread,0.0
TMO,63,5,macro_hy_spread_chg_5d,0.0
TMO,63,5,macro_breakeven_5y,0.018759
TMO,63,5,macro_inflation_fwd_5y5y,0.018228
TMO,63,5,macro_inflation_fwd_chg_21d,0.0
TMO,63,5,macro_inflation_fwd_abs_chg_21d,0.0
TMO,63,5,macro_inflation_fwd_chg_63d,0.0
TMO,63,5,macro_inflation_fwd_zscore,0.023164
TMO,63,5,macro_dollar_ret,0.0
TMO,63,5,beta_spy,0.035741
TMO,63,5,res_vol,0.032515
TMO,63,5,res_vol_vel,0.0
TMO,63,5,price_regime,0.04896
TMO,63,5,corr_sector_21d,0.034119
TMO,63,5,corr_sector_252d,0.051591
TMO,63,5,sector_wedge,0.015075
TMO,63,6,rv_5d,0.0
TMO,63,6,rv_10d,0.0
TMO,63,6,rv_21d,0.0
TMO,63,6,rv_63d,0.044057
TMO,63,6,rv_126d,0.039063
TMO,63,6,ewma_vol,0.0
TMO,63,6,garch_cond_vol,0.048393
TMO,63,6,ret_TARGET,0.0
TMO,63,6,tech_RSI,0.0
TMO,63,6,tech_MACD_hist,0.0
TMO,63,6,ret_VIXY,0.0
TMO,63,6,mom21_VIXY,0.0
TMO,63,6,ret_HYG,0.0
TMO,63,6,mom21_HYG,0.0
TMO,63,6,ret_USO,0.0
TMO,63,6,mom21_USO,0.0
TMO,63,6,ret_TLT,0.0
TMO,63,6,mom21_TLT,0.015198
TMO,63,6,ret_UUP,0.0
TMO,63,6,mom21_UUP,0.0
TMO,63,6,ret_SPY,0.0
TMO,63,6,mom21_SPY,0.0
TMO,63,6,vol_vel,0.0
TMO,63,6,vol_of_vol,0.0
TMO,63,6,vol_regime_zscore,0.0
TMO,63,6,vol_chg_21d,0.0
TMO,63,6,event_fed_gravity,0.139505
TMO,63,6,event_earn_gravity,0.0
TMO,63,6,event_div_gravity,0.0
TMO,63,6,event_cpi_gravity,0.132517
TMO,63,6,event_nfp_gravity,0.167842
TMO,63,6,put_call_skew_30d,0.0
TMO,63,6,term_structure_slope,0.0
TMO,63,6,vrp_wedge,0.0
TMO,63,6,iv_atm_z_score,0.058504
TMO,63,6,macro_yield_curve_slope,0.014951
TMO,63,6,macro_hy_spread,0.013621
TMO,63,6,macro_hy_spread_chg_5d,0.0
TMO,63,6,macro_breakeven_5y,0.020182
TMO,63,6,macro_inflation_fwd_5y5y,0.028946
TMO,63,6,macro_inflation_fwd_chg_21d,0.0
TMO,63,6,macro_inflation_fwd_abs_chg_21d,0.0
TMO,63,6,macro_inflation_fwd_chg_63d,0.0
TMO,63,6,macro_inflation_fwd_zscore,0.031598
TMO,63,6,macro_dollar_ret,0.0
TMO,63,6,beta_spy,0.036497
TMO,63,6,res_vol,0.035398
TMO,63,6,res_vol_vel,0.0
TMO,63,6,price_regime,0.054449
TMO,63,6,corr_sector_21d,0.045508
TMO,63,6,corr_sector_252d,0.057017
TMO,63,6,sector_wedge,0.016755
TMO,63,7,rv_5d,0.0
TMO,63,7,rv_10d,0.0
TMO,63,7,rv_21d,0.0
TMO,63,7,rv_63d,0.069217
TMO,63,7,rv_126d,0.03028
TMO,63,7,ewma_vol,0.109229
TMO,63,7,garch_cond_vol,0.10531
TMO,63,7,ret_TARGET,0.0
TMO,63,7,tech_RSI,0.0
TMO,63,7,tech_MACD_hist,0.0
TMO,63,7,ret_VIXY,0.0
TMO,63,7,mom21_VIXY,0.0
TMO,63,7,ret_HYG,0.0
TMO,63,7,mom21_HYG,0.0
TMO,63,7,ret_USO,0.0
TMO,63,7,mom21_USO,0.0
TMO,63,7,ret_TLT,0.0
TMO,63,7,mom21_TLT,0.0
TMO,63,7,ret_UUP,0.0
TMO,63,7,mom21_UUP,0.0
TMO,63,7,ret_SPY,0.0
TMO,63,7,mom21_SPY,0.0
TMO,63,7,vol_vel,0.0
TMO,63,7,vol_of_vol,0.0
TMO,63,7,vol_regime_zscore,0.0
TMO,63,7,vol_chg_21d,0.0
TMO,63,7,event_fed_gravity,0.120596
TMO,63,7,event_earn_gravity,0.0
TMO,63,7,event_div_gravity,0.0
TMO,63,7,event_cpi_gravity,0.102283
TMO,63,7,event_nfp_gravity,0.132176
TMO,63,7,put_call_skew_30d,0.0
TMO,63,7,term_structure_slope,0.0
TMO,63,7,vrp_wedge,0.0
TMO,63,7,iv_atm_z_score,0.047605
TMO,63,7,macro_yield_curve_slope,0.0
TMO,63,7,macro_hy_spread,0.011849
TMO,63,7,macro_hy_spread_chg_5d,0.0
TMO,63,7,macro_breakeven_5y,0.015749
TMO,63,7,macro_inflation_fwd_5y5y,0.021902
TMO,63,7,macro_inflation_fwd_chg_21d,0.0
TMO,63,7,macro_inflation_fwd_abs_chg_21d,0.0
TMO,63,7,macro_inflation_fwd_chg_63d,0.0
TMO,63,7,macro_inflation_fwd_zscore,0.023801
TMO,63,7,macro_dollar_ret,0.0
TMO,63,7,beta_spy,0.027007
TMO,63,7,res_vol,0.038307
TMO,63,7,res_vol_vel,0.0
TMO,63,7,price_regime,0.045195
TMO,63,7,corr_sector_21d,0.037177
TMO,63,7,corr_sector_252d,0.047238
TMO,63,7,sector_wedge,0.015079
TMO,63,8,rv_5d,0.055827
TMO,63,8,rv_10d,0.0
TMO,63,8,rv_21d,0.0
TMO,63,8,rv_63d,0.067673
TMO,63,8,rv_126d,0.029019
TMO,63,8,ewma_vol,0.099105
TMO,63,8,garch_cond_vol,0.097218
TMO,63,8,ret_TARGET,0.0
TMO,63,8,tech_RSI,0.0
TMO,63,8,tech_MACD_hist,0.0
TMO,63,8,ret_VIXY,0.0
TMO,63,8,mom21_VIXY,0.0
TMO,63,8,ret_HYG,0.0
TMO,63,8,mom21_HYG,0.0
TMO,63,8,ret_USO,0.0
TMO,63,8,mom21_USO,0.0
TMO,63,8,ret_TLT,0.0
TMO,63,8,mom21_TLT,0.0
TMO,63,8,ret_UUP,0.0
TMO,63,8,mom21_UUP,0.0
TMO,63,8,ret_SPY,0.0
TMO,63,8,mom21_SPY,0.0
TMO,63,8,vol_vel,0.0
TMO,63,8,vol_of_vol,0.0
TMO,63,8,vol_regime_zscore,0.0
TMO,63,8,vol_chg_21d,0.0
TMO,63,8,event_fed_gravity,0.127177
TMO,63,8,event_earn_gravity,0.0
TMO,63,8,event_div_gravity,0.0
TMO,63,8,event_cpi_gravity,0.095058
TMO,63,8,event_nfp_gravity,0.113337
TMO,63,8,put_call_skew_30d,0.0
TMO,63,8,term_structure_slope,0.0
TMO,63,8,vrp_wedge,0.0
TMO,63,8,iv_atm_z_score,0.04103
TMO,63,8,macro_yield_curve_slope,0.012265
TMO,63,8,macro_hy_spread,0.011036
TMO,63,8,macro_hy_spread_chg_5d,0.0
TMO,63,8,macro_breakeven_5y,0.01425
TMO,63,8,macro_inflation_fwd_5y5y,0.017356
TMO,63,8,macro_inflation_fwd_chg_21d,0.0
TMO,63,8,macro_inflation_fwd_abs_chg_21d,0.0
TMO,63,8,macro_inflation_fwd_chg_63d,0.0
TMO,63,8,macro_inflation_fwd_zscore,0.021697
TMO,63,8,macro_dollar_ret,0.0
TMO,63,8,beta_spy,0.023909
TMO,63,8,res_vol,0.036895
TMO,63,8,res_vol_vel,0.0
TMO,63,8,price_regime,0.056034
TMO,63,8,corr_sector_21d,0.027423
TMO,63,8,corr_sector_252d,0.042177
TMO,63,8,sector_wedge,0.011513
TMO,63,9,rv_5d,0.036704
TMO,63,9,rv_10d,0.0
TMO,63,9,rv_21d,0.0
TMO,63,9,rv_63d,0.060441
TMO,63,9,rv_126d,0.029204
TMO,63,9,ewma_vol,0.099144
TMO,63,9,garch_cond_vol,0.096832
TMO,63,9,ret_TARGET,0.0
TMO,63,9,tech_RSI,0.0
TMO,63,9,tech_MACD_hist,0.0
TMO,63,9,ret_VIXY,0.0
TMO,63,9,mom21_VIXY,0.0
TMO,63,9,ret_HYG,0.0
TMO,63,9,mom21_HYG,0.0
TMO,63,9,ret_USO,0.0
TMO,63,9,mom21_USO,0.0
TMO,63,9,ret_TLT,0.0
TMO,63,9,mom21_TLT,0.0
TMO,63,9,ret_UUP,0.0
TMO,63,9,mom21_UUP,0.0
TMO,63,9,ret_SPY,0.0
TMO,63,9,mom21_SPY,0.0
TMO,63,9,vol_vel,0.0
TMO,63,9,vol_of_vol,0.009803
TMO,63,9,vol_regime_zscore,0.009341
TMO,63,9,vol_chg_21d,0.0
TMO,63,9,event_fed_gravity,0.101797
TMO,63,9,event_earn_gravity,0.0
TMO,63,9,event_div_gravity,0.0
TMO,63,9,event_cpi_gravity,0.108105
TMO,63,9,event_nfp_gravity,0.114395
TMO,63,9,put_call_skew_30d,0.0
TMO,63,9,term_structure_slope,0.0
TMO,63,9,vrp_wedge,0.0
TMO,63,9,iv_atm_z_score,0.040751
TMO,63,9,macro_yield_curve_slope,0.0
TMO,63,9,macro_hy_spread,0.011444
TMO,63,9,macro_hy_spread_chg_5d,0.0
TMO,63,9,macro_breakeven_5y,0.015136
TMO,63,9,macro_inflation_fwd_5y5y,0.017901
TMO,63,9,macro_inflation_fwd_chg_21d,0.0
TMO,63,9,macro_inflation_fwd_abs_chg_21d,0.0
TMO,63,9,macro_inflation_fwd_chg_63d,0.017189
TMO,63,9,macro_inflation_fwd_zscore,0.024796
TMO,63,9,macro_dollar_ret,0.0
TMO,63,9,beta_spy,0.021584
TMO,63,9,res_vol,0.02835
TMO,63,9,res_vol_vel,0.0
TMO,63,9,price_regime,0.064784
TMO,63,9,corr_sector_21d,0.03324
TMO,63,9,corr_sector_252d,0.040986
TMO,63,9,sector_wedge,0.018073
TMO,63,10,rv_5d,0.0
TMO,63,10,rv_10d,0.0
TMO,63,10,rv_21d,0.0
TMO,63,10,rv_63d,0.063264
TMO,63,10,rv_126d,0.035519
TMO,63,10,ewma_vol,0.0
TMO,63,10,garch_cond_vol,0.093943
TMO,63,10,ret_TARGET,0.0
TMO,63,10,tech_RSI,0.0
TMO,63,10,tech_MACD_hist,0.0
TMO,63,10,ret_VIXY,0.0
TMO,63,10,mom21_VIXY,0.0
TMO,63,10,ret_HYG,0.0
TMO,63,10,mom21_HYG,0.0
TMO,63,10,ret_USO,0.0
TMO,63,10,mom21_USO,0.0
TMO,63,10,ret_TLT,0.0
TMO,63,10,mom21_TLT,0.0
TMO,63,10,ret_UUP,0.0
TMO,63,10,mom21_UUP,0.0
TMO,63,10,ret_SPY,0.0
TMO,63,10,mom21_SPY,0.0
TMO,63,10,vol_vel,0.0
TMO,63,10,vol_of_vol,0.012234
TMO,63,10,vol_regime_zscore,0.0
TMO,63,10,vol_chg_21d,0.0
TMO,63,10,event_fed_gravity,0.116435
TMO,63,10,event_earn_gravity,0.0
TMO,63,10,event_div_gravity,0.0
TMO,63,10,event_cpi_gravity,0.129708
TMO,63,10,event_nfp_gravity,0.158811
TMO,63,10,put_call_skew_30d,0.0
TMO,63,10,term_structure_slope,0.0
TMO,63,10,vrp_wedge,0.0
TMO,63,10,iv_atm_z_score,0.052877
TMO,63,10,macro_yield_curve_slope,0.0
TMO,63,10,macro_hy_spread,0.013493
TMO,63,10,macro_hy_spread_chg_5d,0.0
TMO,63,10,macro_breakeven_5y,0.018215
TMO,63,10,macro_inflation_fwd_5y5y,0.02989
TMO,63,10,macro_inflation_fwd_chg_21d,0.0
TMO,63,10,macro_inflation_fwd_abs_chg_21d,0.0
TMO,63,10,macro_inflation_fwd_chg_63d,0.013235
TMO,63,10,macro_inflation_fwd_zscore,0.035371
TMO,63,10,macro_dollar_ret,0.0
TMO,63,10,beta_spy,0.021457
TMO,63,10,res_vol,0.037446
TMO,63,10,res_vol_vel,0.0
TMO,63,10,price_regime,0.052258
TMO,63,10,corr_sector_21d,0.049442
TMO,63,10,corr_sector_252d,0.052262
TMO,63,10,sector_wedge,0.014139
TMO,63,11,rv_5d,0.0
TMO,63,11,rv_10d,0.0
TMO,63,11,rv_21d,0.0
TMO,63,11,rv_63d,0.062382
TMO,63,11,rv_126d,0.038052
TMO,63,11,ewma_vol,0.0
TMO,63,11,garch_cond_vol,0.095099
TMO,63,11,ret_TARGET,0.0
TMO,63,11,tech_RSI,0.0
TMO,63,11,tech_MACD_hist,0.0
TMO,63,11,ret_VIXY,0.0
TMO,63,11,mom21_VIXY,0.0
TMO,63,11,ret_HYG,0.0
TMO,63,11,mom21_HYG,0.0
TMO,63,11,ret_USO,0.0
TMO,63,11,mom21_USO,0.0
TMO,63,11,ret_TLT,0.0
TMO,63,11,mom21_TLT,0.0
TMO,63,11,ret_UUP,0.0
TMO,63,11,mom21_UUP,0.0
TMO,63,11,ret_SPY,0.0
TMO,63,11,mom21_SPY,0.0
TMO,63,11,vol_vel,0.0
TMO,63,11,vol_of_vol,0.012717
TMO,63,11,vol_regime_zscore,0.0
TMO,63,11,vol_chg_21d,0.0
TMO,63,11,event_fed_gravity,0.117024
TMO,63,11,event_earn_gravity,0.0
TMO,63,11,event_div_gravity,0.0
TMO,63,11,event_cpi_gravity,0.13209
TMO,63,11,event_nfp_gravity,0.152622
TMO,63,11,put_call_skew_30d,0.0
TMO,63,11,term_structure_slope,0.0
TMO,63,11,vrp_wedge,0.0
TMO,63,11,iv_atm_z_score,0.046463
TMO,63,11,macro_yield_curve_slope,0.023928
TMO,63,11,macro_hy_spread,0.013117
TMO,63,11,macro_hy_spread_chg_5d,0.0
TMO,63,11,macro_breakeven_5y,0.02419
TMO,63,11,macro_inflation_fwd_5y5y,0.031261
TMO,63,11,macro_inflation_fwd_chg_21d,0.0
TMO,63,11,macro_inflation_fwd_abs_chg_21d,0.0
TMO,63,11,macro_inflation_fwd_chg_63d,0.014737
TMO,63,11,macro_inflation_fwd_zscore,0.023033
TMO,63,11,macro_dollar_ret,0.0
TMO,63,11,beta_spy,0.02288
TMO,63,11,res_vol,0.032415
TMO,63,11,res_vol_vel,0.0
TMO,63,11,price_regime,0.047134
TMO,63,11,corr_sector_21d,0.040765
TMO,63,11,corr_sector_252d,0.054996
TMO,63,11,sector_wedge,0.015094
TMO,63,12,rv_5d,0.056784
TMO,63,12,rv_10d,0.0
TMO,63,12,rv_21d,0.0
TMO,63,12,rv_63d,0.053016
TMO,63,12,rv_126d,0.035567
TMO,63,12,ewma_vol,0.097707
TMO,63,12,garch_cond_vol,0.095127
TMO,63,12,ret_TARGET,0.0
TMO,63,12,tech_RSI,0.0
TMO,63,12,tech_MACD_hist,0.0
TMO,63,12,ret_VIXY,0.0
TMO,63,12,mom21_VIXY,0.0
TMO,63,12,ret_HYG,0.0
TMO,63,12,mom21_HYG,0.0
TMO,63,12,ret_USO,0.0
TMO,63,12,mom21_USO,0.0
TMO,63,12,ret_TLT,0.0
TMO,63,12,mom21_TLT,0.0
TMO,63,12,ret_UUP,0.0
TMO,63,12,mom21_UUP,0.0
TMO,63,12,ret_SPY,0.0
TMO,63,12,mom21_SPY,0.0
TMO,63,12,vol_vel,0.0
TMO,63,12,vol_of_vol,0.010848
TMO,63,12,vol_regime_zscore,0.0
TMO,63,12,vol_chg_21d,0.0
TMO,63,12,event_fed_gravity,0.103977
TMO,63,12,event_earn_gravity,0.0
TMO,63,12,event_div_gravity,0.0
TMO,63,12,event_cpi_gravity,0.098208
TMO,63,12,event_nfp_gravity,0.14357
TMO,63,12,put_call_skew_30d,0.0
TMO,63,12,term_structure_slope,0.0
TMO,63,12,vrp_wedge,0.0
TMO,63,12,iv_atm_z_score,0.04116
TMO,63,12,macro_yield_curve_slope,0.013202
TMO,63,12,macro_hy_spread,0.011574
TMO,63,12,macro_hy_spread_chg_5d,0.0
TMO,63,12,macro_breakeven_5y,0.019055
TMO,63,12,macro_inflation_fwd_5y5y,0.02305
TMO,63,12,macro_inflation_fwd_chg_21d,0.0
TMO,63,12,macro_inflation_fwd_abs_chg_21d,0.0
TMO,63,12,macro_inflation_fwd_chg_63d,0.012655
TMO,63,12,macro_inflation_fwd_zscore,0.0
TMO,63,12,macro_dollar_ret,0.0
TMO,63,12,beta_spy,0.020252
TMO,63,12,res_vol,0.026614
TMO,63,12,res_vol_vel,0.0
TMO,63,12,price_regime,0.050666
TMO,63,12,corr_sector_21d,0.028973
TMO,63,12,corr_sector_252d,0.045506
TMO,63,12,sector_wedge,0.012488
TMO,63,13,rv_5d,0.0
TMO,63,13,rv_10d,0.0
TMO,63,13,rv_21d,0.0
TMO,63,13,rv_63d,0.06622
TMO,63,13,rv_126d,0.041181
TMO,63,13,ewma_vol,0.0
TMO,63,13,garch_cond_vol,0.090834
TMO,63,13,ret_TARGET,0.0
TMO,63,13,tech_RSI,0.0
TMO,63,13,tech_MACD_hist,0.0
TMO,63,13,ret_VIXY,0.0
TMO,63,13,mom21_VIXY,0.0
TMO,63,13,ret_HYG,0.0
TMO,63,13,mom21_HYG,0.0
TMO,63,13,ret_USO,0.0
TMO,63,13,mom21_USO,0.0
TMO,63,13,ret_TLT,0.0
TMO,63,13,mom21_TLT,0.0
TMO,63,13,ret_UUP,0.0
TMO,63,13,mom21_UUP,0.0
TMO,63,13,ret_SPY,0.0
TMO,63,13,mom21_SPY,0.0
TMO,63,13,vol_vel,0.0
TMO,63,13,vol_of_vol,0.013482
TMO,63,13,vol_regime_zscore,0.0
TMO,63,13,vol_chg_21d,0.0
TMO,63,13,event_fed_gravity,0.114473
TMO,63,13,event_earn_gravity,0.0
TMO,63,13,event_div_gravity,0.0
TMO,63,13,event_cpi_gravity,0.137667
TMO,63,13,event_nfp_gravity,0.164555
TMO,63,13,put_call_skew_30d,0.0
TMO,63,13,term_structure_slope,0.0
TMO,63,13,vrp_wedge,0.0
TMO,63,13,iv_atm_z_score,0.054123
TMO,63,13,macro_yield_curve_slope,0.014596
TMO,63,13,macro_hy_spread,0.015792
TMO,63,13,macro_hy_spread_chg_5d,0.0
TMO,63,13,macro_breakeven_5y,0.027278
TMO,63,13,macro_inflation_fwd_5y5y,0.028475
TMO,63,13,macro_inflation_fwd_chg_21d,0.0
TMO,63,13,macro_inflation_fwd_abs_chg_21d,0.0
TMO,63,13,macro_inflation_fwd_chg_63d,0.014583
TMO,63,13,macro_inflation_fwd_zscore,0.0
TMO,63,13,macro_dollar_ret,0.0
TMO,63,13,beta_spy,0.027787
TMO,63,13,res_vol,0.032107
TMO,63,13,res_vol_vel,0.0
TMO,63,13,price_regime,0.042137
TMO,63,13,corr_sector_21d,0.042457
TMO,63,13,corr_sector_252d,0.057614
TMO,63,13,sector_wedge,0.014638
TMO,63,14,rv_5d,0.056434
TMO,63,14,rv_10d,0.0
TMO,63,14,rv_21d,0.0
TMO,63,14,rv_63d,0.057135
TMO,63,14,rv_126d,0.033661
TMO,63,14,ewma_vol,0.096407
TMO,63,14,garch_cond_vol,0.095405
TMO,63,14,ret_TARGET,0.0
TMO,63,14,tech_RSI,0.0
TMO,63,14,tech_MACD_hist,0.0
TMO,63,14,ret_VIXY,0.0
TMO,63,14,mom21_VIXY,0.0
TMO,63,14,ret_HYG,0.0
TMO,63,14,mom21_HYG,0.0
TMO,63,14,ret_USO,0.0
TMO,63,14,mom21_USO,0.009784
TMO,63,14,ret_TLT,0.0
TMO,63,14,mom21_TLT,0.0
TMO,63,14,ret_UUP,0.0
TMO,63,14,mom21_UUP,0.0
TMO,63,14,ret_SPY,0.0
TMO,63,14,mom21_SPY,0.0
TMO,63,14,vol_vel,0.0
TMO,63,14,vol_of_vol,0.0
TMO,63,14,vol_regime_zscore,0.0
TMO,63,14,vol_chg_21d,0.0
TMO,63,14,event_fed_gravity,0.098215
TMO,63,14,event_earn_gravity,0.0
TMO,63,14,event_div_gravity,0.0
TMO,63,14,event_cpi_gravity,0.103485
TMO,63,14,event_nfp_gravity,0.131668
TMO,63,14,put_call_skew_30d,0.0
TMO,63,14,term_structure_slope,0.0
TMO,63,14,vrp_wedge,0.0
TMO,63,14,iv_atm_z_score,0.050755
TMO,63,14,macro_yield_curve_slope,0.013035
TMO,63,14,macro_hy_spread,0.012225
TMO,63,14,macro_hy_spread_chg_5d,0.0
TMO,63,14,macro_breakeven_5y,0.017282
TMO,63,14,macro_inflation_fwd_5y5y,0.018956
TMO,63,14,macro_inflation_fwd_chg_21d,0.0
TMO,63,14,macro_inflation_fwd_abs_chg_21d,0.0
TMO,63,14,macro_inflation_fwd_chg_63d,0.0
TMO,63,14,macro_inflation_fwd_zscore,0.010947
TMO,63,14,macro_dollar_ret,0.0
TMO,63,14,beta_spy,0.020748
TMO,63,14,res_vol,0.025136
TMO,63,14,res_vol_vel,0.0
TMO,63,14,price_regime,0.060009
TMO,63,14,corr_sector_21d,0.028027
TMO,63,14,corr_sector_252d,0.045174
TMO,63,14,sector_wedge,0.015511
TMO,63,15,rv_5d,0.0
TMO,63,15,rv_10d,0.0
TMO,63,15,rv_21d,0.0
TMO,63,15,rv_63d,0.038634
TMO,63,15,rv_126d,0.042032
TMO,63,15,ewma_vol,0.0
TMO,63,15,garch_cond_vol,0.119328
TMO,63,15,ret_TARGET,0.0
TMO,63,15,tech_RSI,0.0
TMO,63,15,tech_MACD_hist,0.0
TMO,63,15,ret_VIXY,0.0
TMO,63,15,mom21_VIXY,0.0
TMO,63,15,ret_HYG,0.0
TMO,63,15,mom21_HYG,0.0
TMO,63,15,ret_USO,0.0
TMO,63,15,mom21_USO,0.0
TMO,63,15,ret_TLT,0.0
TMO,63,15,mom21_TLT,0.0
TMO,63,15,ret_UUP,0.0
TMO,63,15,mom21_UUP,0.0
TMO,63,15,ret_SPY,0.0
TMO,63,15,mom21_SPY,0.0
TMO,63,15,vol_vel,0.0
TMO,63,15,vol_of_vol,0.0
TMO,63,15,vol_regime_zscore,0.0
TMO,63,15,vol_chg_21d,0.0
TMO,63,15,event_fed_gravity,0.140828
TMO,63,15,event_earn_gravity,0.0
TMO,63,15,event_div_gravity,0.0
TMO,63,15,event_cpi_gravity,0.110279
TMO,63,15,event_nfp_gravity,0.154742
TMO,63,15,put_call_skew_30d,0.0
TMO,63,15,term_structure_slope,0.0
TMO,63,15,vrp_wedge,0.0
TMO,63,15,iv_atm_z_score,0.060412
TMO,63,15,macro_yield_curve_slope,0.020845
TMO,63,15,macro_hy_spread,0.013902
TMO,63,15,macro_hy_spread_chg_5d,0.0
TMO,63,15,macro_breakeven_5y,0.016782
TMO,63,15,macro_inflation_fwd_5y5y,0.029407
TMO,63,15,macro_inflation_fwd_chg_21d,0.0
TMO,63,15,macro_inflation_fwd_abs_chg_21d,0.0
TMO,63,15,macro_inflation_fwd_chg_63d,0.0
TMO,63,15,macro_inflation_fwd_zscore,0.011719
TMO,63,15,macro_dollar_ret,0.0
TMO,63,15,beta_spy,0.030137
TMO,63,15,res_vol,0.031448
TMO,63,15,res_vol_vel,0.0
TMO,63,15,price_regime,0.070614
TMO,63,15,corr_sector_21d,0.028218
TMO,63,15,corr_sector_252d,0.055955
TMO,63,15,sector_wedge,0.024716
TMO,63,16,rv_5d,0.0
TMO,63,16,rv_10d,0.0
TMO,63,16,rv_21d,0.0
TMO,63,16,rv_63d,0.042034
TMO,63,16,rv_126d,0.039704
TMO,63,16,ewma_vol,0.0
TMO,63,16,garch_cond_vol,0.088444
TMO,63,16,ret_TARGET,0.0
TMO,63,16,tech_RSI,0.0
TMO,63,16,tech_MACD_hist,0.0
TMO,63,16,ret_VIXY,0.0
TMO,63,16,mom21_VIXY,0.010978
TMO,63,16,ret_HYG,0.0
TMO,63,16,mom21_HYG,0.0
TMO,63,16,ret_USO,0.0
TMO,63,16,mom21_USO,0.0
TMO,63,16,ret_TLT,0.0
TMO,63,16,mom21_TLT,0.0
TMO,63,16,ret_UUP,0.0
TMO,63,16,mom21_UUP,0.0
TMO,63,16,ret_SPY,0.0
TMO,63,16,mom21_SPY,0.0
TMO,63,16,vol_vel,0.0
TMO,63,16,vol_of_vol,0.0
TMO,63,16,vol_regime_zscore,0.0
TMO,63,16,vol_chg_21d,0.0
TMO,63,16,event_fed_gravity,0.160539
TMO,63,16,event_earn_gravity,0.0
TMO,63,16,event_div_gravity,0.0
TMO,63,16,event_cpi_gravity,0.09704
TMO,63,16,event_nfp_gravity,0.142444
TMO,63,16,put_call_skew_30d,0.0
TMO,63,16,term_structure_slope,0.0
TMO,63,16,vrp_wedge,0.0
TMO,63,16,iv_atm_z_score,0.056296
TMO,63,16,macro_yield_curve_slope,0.0
TMO,63,16,macro_hy_spread,0.014111
TMO,63,16,macro_hy_spread_chg_5d,0.0
TMO,63,16,macro_breakeven_5y,0.02011
TMO,63,16,macro_inflation_fwd_5y5y,0.019743
TMO,63,16,macro_inflation_fwd_chg_21d,0.011918
TMO,63,16,macro_inflation_fwd_abs_chg_21d,0.0
TMO,63,16,macro_inflation_fwd_chg_63d,0.0
TMO,63,16,macro_inflation_fwd_zscore,0.0195
TMO,63,16,macro_dollar_ret,0.0
TMO,63,16,beta_spy,0.042888
TMO,63,16,res_vol,0.030997
TMO,63,16,res_vol_vel,0.0
TMO,63,16,price_regime,0.09622
TMO,63,16,corr_sector_21d,0.040453
TMO,63,16,corr_sector_252d,0.046781
TMO,63,16,sector_wedge,0.0198
TMO,63,17,rv_5d,0.05063
TMO,63,17,rv_10d,0.0
TMO,63,17,rv_21d,0.0
TMO,63,17,rv_63d,0.043543
TMO,63,17,rv_126d,0.031769
TMO,63,17,ewma_vol,0.092501
TMO,63,17,garch_cond_vol,0.087867
TMO,63,17,ret_TARGET,0.0
TMO,63,17,tech_RSI,0.0
TMO,63,17,tech_MACD_hist,0.0
TMO,63,17,ret_VIXY,0.0
TMO,63,17,mom21_VIXY,0.010617
TMO,63,17,ret_HYG,0.0
TMO,63,17,mom21_HYG,0.0
TMO,63,17,ret_USO,0.0
TMO,63,17,mom21_USO,0.010779
TMO,63,17,ret_TLT,0.0
TMO,63,17,mom21_TLT,0.0
TMO,63,17,ret_UUP,0.0
TMO,63,17,mom21_UUP,0.0
TMO,63,17,ret_SPY,0.0
TMO,63,17,mom21_SPY,0.0
TMO,63,17,vol_vel,0.0
TMO,63,17,vol_of_vol,0.0
TMO,63,17,vol_regime_zscore,0.0
TMO,63,17,vol_chg_21d,0.0
TMO,63,17,event_fed_gravity,0.107822
TMO,63,17,event_earn_gravity,0.0
TMO,63,17,event_div_gravity,0.0
TMO,63,17,event_cpi_gravity,0.097602
TMO,63,17,event_nfp_gravity,0.110065
TMO,63,17,put_call_skew_30d,0.0
TMO,63,17,term_structure_slope,0.0
TMO,63,17,vrp_wedge,0.0
TMO,63,17,iv_atm_z_score,0.050344
TMO,63,17,macro_yield_curve_slope,0.0
TMO,63,17,macro_hy_spread,0.011377
TMO,63,17,macro_hy_spread_chg_5d,0.0
TMO,63,17,macro_breakeven_5y,0.010469
TMO,63,17,macro_inflation_fwd_5y5y,0.017456
TMO,63,17,macro_inflation_fwd_chg_21d,0.010763
TMO,63,17,macro_inflation_fwd_abs_chg_21d,0.0
TMO,63,17,macro_inflation_fwd_chg_63d,0.0
TMO,63,17,macro_inflation_fwd_zscore,0.016417
TMO,63,17,macro_dollar_ret,0.0
TMO,63,17,beta_spy,0.044392
TMO,63,17,res_vol,0.028794
TMO,63,17,res_vol_vel,0.0
TMO,63,17,price_regime,0.097797
TMO,63,17,corr_sector_21d,0.024213
TMO,63,17,corr_sector_252d,0.031782
TMO,63,17,sector_wedge,0.013002
TMO,63,18,rv_5d,0.0
TMO,63,18,rv_10d,0.0
TMO,63,18,rv_21d,0.014416
TMO,63,18,rv_63d,0.035077
TMO,63,18,rv_126d,0.037559
TMO,63,18,ewma_vol,0.0
TMO,63,18,garch_cond_vol,0.074748
TMO,63,18,ret_TARGET,0.0
TMO,63,18,tech_RSI,0.0
TMO,63,18,tech_MACD_hist,0.0
TMO,63,18,ret_VIXY,0.0
TMO,63,18,mom21_VIXY,0.01213
TMO,63,18,ret_HYG,0.0
TMO,63,18,mom21_HYG,0.0
TMO,63,18,ret_USO,0.0
TMO,63,18,mom21_USO,0.013576
TMO,63,18,ret_TLT,0.0
TMO,63,18,mom21_TLT,0.0
TMO,63,18,ret_UUP,0.0
TMO,63,18,mom21_UUP,0.0
TMO,63,18,ret_SPY,0.0
TMO,63,18,mom21_SPY,0.0
TMO,63,18,vol_vel,0.0
TMO,63,18,vol_of_vol,0.0
TMO,63,18,vol_regime_zscore,0.0
TMO,63,18,vol_chg_21d,0.0
TMO,63,18,event_fed_gravity,0.123129
TMO,63,18,event_earn_gravity,0.0
TMO,63,18,event_div_gravity,0.0
TMO,63,18,event_cpi_gravity,0.134059
TMO,63,18,event_nfp_gravity,0.142301
TMO,63,18,put_call_skew_30d,0.0
TMO,63,18,term_structure_slope,0.0
TMO,63,18,vrp_wedge,0.0
TMO,63,18,iv_atm_z_score,0.044263
TMO,63,18,macro_yield_curve_slope,0.020271
TMO,63,18,macro_hy_spread,0.013085
TMO,63,18,macro_hy_spread_chg_5d,0.0
TMO,63,18,macro_breakeven_5y,0.017983
TMO,63,18,macro_inflation_fwd_5y5y,0.020365
TMO,63,18,macro_inflation_fwd_chg_21d,0.0
TMO,63,18,macro_inflation_fwd_abs_chg_21d,0.0
TMO,63,18,macro_inflation_fwd_chg_63d,0.0
TMO,63,18,macro_inflation_fwd_zscore,0.018438
TMO,63,18,macro_dollar_ret,0.0
TMO,63,18,beta_spy,0.050952
TMO,63,18,res_vol,0.035339
TMO,63,18,res_vol_vel,0.0
TMO,63,18,price_regime,0.09123
TMO,63,18,corr_sector_21d,0.042681
TMO,63,18,corr_sector_252d,0.041415
TMO,63,18,sector_wedge,0.016983
TMO,63,19,rv_5d,0.0
TMO,63,19,rv_10d,0.0
TMO,63,19,rv_21d,0.019008
TMO,63,19,rv_63d,0.047304
TMO,63,19,rv_126d,0.04869
TMO,63,19,ewma_vol,0.0
TMO,63,19,garch_cond_vol,0.087614
TMO,63,19,ret_TARGET,0.0
TMO,63,19,tech_RSI,0.0
TMO,63,19,tech_MACD_hist,0.0
TMO,63,19,ret_VIXY,0.0
TMO,63,19,mom21_VIXY,0.01531
TMO,63,19,ret_HYG,0.0
TMO,63,19,mom21_HYG,0.0
TMO,63,19,ret_USO,0.0
TMO,63,19,mom21_USO,0.015515
TMO,63,19,ret_TLT,0.0
TMO,63,19,mom21_TLT,0.0
TMO,63,19,ret_UUP,0.0
TMO,63,19,mom21_UUP,0.0
TMO,63,19,ret_SPY,0.0
TMO,63,19,mom21_SPY,0.0
TMO,63,19,vol_vel,0.0
TMO,63,19,vol_of_vol,0.0
TMO,63,19,vol_regime_zscore,0.0
TMO,63,19,vol_chg_21d,0.0
TMO,63,19,event_fed_gravity,0.134318
TMO,63,19,event_earn_gravity,0.0
TMO,63,19,event_div_gravity,0.0
TMO,63,19,event_cpi_gravity,0.114238
TMO,63,19,event_nfp_gravity,0.113703
TMO,63,19,put_call_skew_30d,0.0
TMO,63,19,term_structure_slope,0.0
TMO,63,19,vrp_wedge,0.0
TMO,63,19,iv_atm_z_score,0.04652
TMO,63,19,macro_yield_curve_slope,0.018157
TMO,63,19,macro_hy_spread,0.019233
TMO,63,19,macro_hy_spread_chg_5d,0.0
TMO,63,19,macro_breakeven_5y,0.014028
TMO,63,19,macro_inflation_fwd_5y5y,0.025089
TMO,63,19,macro_inflation_fwd_chg_21d,0.0
TMO,63,19,macro_inflation_fwd_abs_chg_21d,0.0
TMO,63,19,macro_inflation_fwd_chg_63d,0.0
TMO,63,19,macro_inflation_fwd_zscore,0.011026
TMO,63,19,macro_dollar_ret,0.0
TMO,63,19,beta_spy,0.036095
TMO,63,19,res_vol,0.039178
TMO,63,19,res_vol_vel,0.0
TMO,63,19,price_regime,0.08384
TMO,63,19,corr_sector_21d,0.038083
TMO,63,19,corr_sector_252d,0.051622
TMO,63,19,sector_wedge,0.021428
TMO,63,20,rv_5d,0.0
TMO,63,20,rv_10d,0.0
TMO,63,20,rv_21d,0.0
TMO,63,20,rv_63d,0.047717
TMO,63,20,rv_126d,0.050868
TMO,63,20,ewma_vol,0.0
TMO,63,20,garch_cond_vol,0.084476
TMO,63,20,ret_TARGET,0.0
TMO,63,20,tech_RSI,0.0
TMO,63,20,tech_MACD_hist,0.0
TMO,63,20,ret_VIXY,0.0
TMO,63,20,mom21_VIXY,0.013564
TMO,63,20,ret_HYG,0.0
TMO,63,20,mom21_HYG,0.0
TMO,63,20,ret_USO,0.0
TMO,63,20,mom21_USO,0.022197
TMO,63,20,ret_TLT,0.0
TMO,63,20,mom21_TLT,0.0
TMO,63,20,ret_UUP,0.0
TMO,63,20,mom21_UUP,0.0
TMO,63,20,ret_SPY,0.0
TMO,63,20,mom21_SPY,0.0
TMO,63,20,vol_vel,0.0
TMO,63,20,vol_of_vol,0.0
TMO,63,20,vol_regime_zscore,0.0
TMO,63,20,vol_chg_21d,0.0
TMO,63,20,event_fed_gravity,0.081521
TMO,63,20,event_earn_gravity,0.0
TMO,63,20,event_div_gravity,0.0
TMO,63,20,event_cpi_gravity,0.136186
TMO,63,20,event_nfp_gravity,0.147625
TMO,63,20,put_call_skew_30d,0.0
TMO,63,20,term_structure_slope,0.0
TMO,63,20,vrp_wedge,0.0
TMO,63,20,iv_atm_z_score,0.056126
TMO,63,20,macro_yield_curve_slope,0.02608
TMO,63,20,macro_hy_spread,0.020361
TMO,63,20,macro_hy_spread_chg_5d,0.0
TMO,63,20,macro_breakeven_5y,0.012426
TMO,63,20,macro_inflation_fwd_5y5y,0.019771
TMO,63,20,macro_inflation_fwd_chg_21d,0.0
TMO,63,20,macro_inflation_fwd_abs_chg_21d,0.0
TMO,63,20,macro_inflation_fwd_chg_63d,0.0
TMO,63,20,macro_inflation_fwd_zscore,0.01637
TMO,63,20,macro_dollar_ret,0.0
TMO,63,20,beta_spy,0.024857
TMO,63,20,res_vol,0.042399
TMO,63,20,res_vol_vel,0.0
TMO,63,20,price_regime,0.096069
TMO,63,20,corr_sector_21d,0.033782
TMO,63,20,corr_sector_252d,0.053563
TMO,63,20,sector_wedge,0.014043
TMO,63,21,rv_5d,0.051774
TMO,63,21,rv_10d,0.0
TMO,63,21,rv_21d,0.0
TMO,63,21,rv_63d,0.040018
TMO,63,21,rv_126d,0.04744
TMO,63,21,ewma_vol,0.089318
TMO,63,21,garch_cond_vol,0.088949
TMO,63,21,ret_TARGET,0.0
TMO,63,21,tech_RSI,0.0
TMO,63,21,tech_MACD_hist,0.0
TMO,63,21,ret_VIXY,0.0
TMO,63,21,mom21_VIXY,0.010828
TMO,63,21,ret_HYG,0.0
TMO,63,21,mom21_HYG,0.0
TMO,63,21,ret_USO,0.0
TMO,63,21,mom21_USO,0.013408
TMO,63,21,ret_TLT,0.0
TMO,63,21,mom21_TLT,0.0
TMO,63,21,ret_UUP,0.0
TMO,63,21,mom21_UUP,0.0
TMO,63,21,ret_SPY,0.0
TMO,63,21,mom21_SPY,0.0
TMO,63,21,vol_vel,0.0
TMO,63,21,vol_of_vol,0.0
TMO,63,21,vol_regime_zscore,0.0
TMO,63,21,vol_chg_21d,0.0
TMO,63,21,event_fed_gravity,0.105599
TMO,63,21,event_earn_gravity,0.0
TMO,63,21,event_div_gravity,0.0
TMO,63,21,event_cpi_gravity,0.108083
TMO,63,21,event_nfp_gravity,0.099252
TMO,63,21,put_call_skew_30d,0.0
TMO,63,21,term_structure_slope,0.0
TMO,63,21,vrp_wedge,0.0
TMO,63,21,iv_atm_z_score,0.02777
TMO,63,21,macro_yield_curve_slope,0.014651
TMO,63,21,macro_hy_spread,0.024836
TMO,63,21,macro_hy_spread_chg_5d,0.0
TMO,63,21,macro_breakeven_5y,0.0
TMO,63,21,macro_inflation_fwd_5y5y,0.014577
TMO,63,21,macro_inflation_fwd_chg_21d,0.0
TMO,63,21,macro_inflation_fwd_abs_chg_21d,0.0
TMO,63,21,macro_inflation_fwd_chg_63d,0.0
TMO,63,21,macro_inflation_fwd_zscore,0.019306
TMO,63,21,macro_dollar_ret,0.0
TMO,63,21,beta_spy,0.018392
TMO,63,21,res_vol,0.044725
TMO,63,21,res_vol_vel,0.0
TMO,63,21,price_regime,0.08613
TMO,63,21,corr_sector_21d,0.035877
TMO,63,21,corr_sector_252d,0.046375
TMO,63,21,sector_wedge,0.012691
TMO,63,22,rv_5d,0.043112
TMO,63,22,rv_10d,0.0
TMO,63,22,rv_21d,0.0
TMO,63,22,rv_63d,0.037917
TMO,63,22,rv_126d,0.050845
TMO,63,22,ewma_vol,0.0
TMO,63,22,garch_cond_vol,0.076274
TMO,63,22,ret_TARGET,0.0
TMO,63,22,tech_RSI,0.0
TMO,63,22,tech_MACD_hist,0.0
TMO,63,22,ret_VIXY,0.0
TMO,63,22,mom21_VIXY,0.01171
TMO,63,22,ret_HYG,0.0
TMO,63,22,mom21_HYG,0.0
TMO,63,22,ret_USO,0.0
TMO,63,22,mom21_USO,0.015589
TMO,63,22,ret_TLT,0.0
TMO,63,22,mom21_TLT,0.0
TMO,63,22,ret_UUP,0.0
TMO,63,22,mom21_UUP,0.0
TMO,63,22,ret_SPY,0.0
TMO,63,22,mom21_SPY,0.0
TMO,63,22,vol_vel,0.0
TMO,63,22,vol_of_vol,0.012497
TMO,63,22,vol_regime_zscore,0.0
TMO,63,22,vol_chg_21d,0.0
TMO,63,22,event_fed_gravity,0.132496
TMO,63,22,event_earn_gravity,0.0
TMO,63,22,event_div_gravity,0.0
TMO,63,22,event_cpi_gravity,0.108657
TMO,63,22,event_nfp_gravity,0.121226
TMO,63,22,put_call_skew_30d,0.0
TMO,63,22,term_structure_slope,0.0
TMO,63,22,vrp_wedge,0.0
TMO,63,22,iv_atm_z_score,0.046697
TMO,63,22,macro_yield_curve_slope,0.022422
TMO,63,22,macro_hy_spread,0.029978
TMO,63,22,macro_hy_spread_chg_5d,0.0
TMO,63,22,macro_breakeven_5y,0.0
TMO,63,22,macro_inflation_fwd_5y5y,0.018266
TMO,63,22,macro_inflation_fwd_chg_21d,0.0
TMO,63,22,macro_inflation_fwd_abs_chg_21d,0.0
TMO,63,22,macro_inflation_fwd_chg_63d,0.0
TMO,63,22,macro_inflation_fwd_zscore,0.018058
TMO,63,22,macro_dollar_ret,0.0
TMO,63,22,beta_spy,0.020618
TMO,63,22,res_vol,0.049539
TMO,63,22,res_vol_vel,0.0
TMO,63,22,price_regime,0.086535
TMO,63,22,corr_sector_21d,0.043765
TMO,63,22,corr_sector_252d,0.053801
TMO,63,22,sector_wedge,0.0
TMO,63,23,rv_5d,0.028818
TMO,63,23,rv_10d,0.02612
TMO,63,23,rv_21d,0.014857
TMO,63,23,rv_63d,0.030053
TMO,63,23,rv_126d,0.043161
TMO,63,23,ewma_vol,0.0
TMO,63,23,garch_cond_vol,0.088309
TMO,63,23,ret_TARGET,0.0
TMO,63,23,tech_RSI,0.0
TMO,63,23,tech_MACD_hist,0.0
TMO,63,23,ret_VIXY,0.0
TMO,63,23,mom21_VIXY,0.011689
TMO,63,23,ret_HYG,0.0
TMO,63,23,mom21_HYG,0.0
TMO,63,23,ret_USO,0.0
TMO,63,23,mom21_USO,0.013811
TMO,63,23,ret_TLT,0.0
TMO,63,23,mom21_TLT,0.0
TMO,63,23,ret_UUP,0.0
TMO,63,23,mom21_UUP,0.0
TMO,63,23,ret_SPY,0.0
TMO,63,23,mom21_SPY,0.0
TMO,63,23,vol_vel,0.0
TMO,63,23,vol_of_vol,0.034383
TMO,63,23,vol_regime_zscore,0.0
TMO,63,23,vol_chg_21d,0.0
TMO,63,23,event_fed_gravity,0.110536
TMO,63,23,event_earn_gravity,0.0
TMO,63,23,event_div_gravity,0.0
TMO,63,23,event_cpi_gravity,0.117227
TMO,63,23,event_nfp_gravity,0.114622
TMO,63,23,put_call_skew_30d,0.0
TMO,63,23,term_structure_slope,0.0
TMO,63,23,vrp_wedge,0.0
TMO,63,23,iv_atm_z_score,0.060899
TMO,63,23,macro_yield_curve_slope,0.021802
TMO,63,23,macro_hy_spread,0.029365
TMO,63,23,macro_hy_spread_chg_5d,0.0
TMO,63,23,macro_breakeven_5y,0.0
TMO,63,23,macro_inflation_fwd_5y5y,0.017429
TMO,63,23,macro_inflation_fwd_chg_21d,0.0
TMO,63,23,macro_inflation_fwd_abs_chg_21d,0.0
TMO,63,23,macro_inflation_fwd_chg_63d,0.060365
TMO,63,23,macro_inflation_fwd_zscore,0.014155
TMO,63,23,macro_dollar_ret,0.0
TMO,63,23,beta_spy,0.016675
TMO,63,23,res_vol,0.046022
TMO,63,23,res_vol_vel,0.0
TMO,63,23,price_regime,0.04181
TMO,63,23,corr_sector_21d,0.0
TMO,63,23,corr_sector_252d,0.048446
TMO,63,23,sector_wedge,0.009446
TMO,63,24,rv_5d,0.0
TMO,63,24,rv_10d,0.055425
TMO,63,24,rv_21d,0.04982
TMO,63,24,rv_63d,0.029665
TMO,63,24,rv_126d,0.035638
TMO,63,24,ewma_vol,0.0
TMO,63,24,garch_cond_vol,0.0
TMO,63,24,ret_TARGET,0.0
TMO,63,24,tech_RSI,0.0
TMO,63,24,tech_MACD_hist,0.0
TMO,63,24,ret_VIXY,0.0
TMO,63,24,mom21_VIXY,0.009328
TMO,63,24,ret_HYG,0.0
TMO,63,24,mom21_HYG,0.0
TMO,63,24,ret_USO,0.0
TMO,63,24,mom21_USO,0.012508
TMO,63,24,ret_TLT,0.0
TMO,63,24,mom21_TLT,0.0
TMO,63,24,ret_UUP,0.0
TMO,63,24,mom21_UUP,0.0
TMO,63,24,ret_SPY,0.0
TMO,63,24,mom21_SPY,0.0
TMO,63,24,vol_vel,0.0
TMO,63,24,vol_of_vol,0.051519
TMO,63,24,vol_regime_zscore,0.0
TMO,63,24,vol_chg_21d,0.0
TMO,63,24,event_fed_gravity,0.083541
TMO,63,24,event_earn_gravity,0.0
TMO,63,24,event_div_gravity,0.0
TMO,63,24,event_cpi_gravity,0.083922
TMO,63,24,event_nfp_gravity,0.078912
TMO,63,24,put_call_skew_30d,0.0
TMO,63,24,term_structure_slope,0.0
TMO,63,24,vrp_wedge,0.0
TMO,63,24,iv_atm_z_score,0.091486
TMO,63,24,macro_yield_curve_slope,0.016399
TMO,63,24,macro_hy_spread,0.032982
TMO,63,24,macro_hy_spread_chg_5d,0.0
TMO,63,24,macro_breakeven_5y,0.03351
TMO,63,24,macro_inflation_fwd_5y5y,0.01691
TMO,63,24,macro_inflation_fwd_chg_21d,0.0
TMO,63,24,macro_inflation_fwd_abs_chg_21d,0.053853
TMO,63,24,macro_inflation_fwd_chg_63d,0.011622
TMO,63,24,macro_inflation_fwd_zscore,0.017472
TMO,63,24,macro_dollar_ret,0.0
TMO,63,24,beta_spy,0.014529
TMO,63,24,res_vol,0.035114
TMO,63,24,res_vol_vel,0.0
TMO,63,24,price_regime,0.098928
TMO,63,24,corr_sector_21d,0.019203
TMO,63,24,corr_sector_252d,0.067714
TMO,63,24,sector_wedge,0.0
TMO,63,25,rv_5d,0.0
TMO,63,25,rv_10d,0.112036
TMO,63,25,rv_21d,0.041136
TMO,63,25,rv_63d,0.034604
TMO,63,25,rv_126d,0.041203
TMO,63,25,ewma_vol,0.0
TMO,63,25,garch_cond_vol,0.0
TMO,63,25,ret_TARGET,0.0
TMO,63,25,tech_RSI,0.0
TMO,63,25,tech_MACD_hist,0.0
TMO,63,25,ret_VIXY,0.0
TMO,63,25,mom21_VIXY,0.019417
TMO,63,25,ret_HYG,0.0
TMO,63,25,mom21_HYG,0.010227
TMO,63,25,ret_USO,0.0
TMO,63,25,mom21_USO,0.016072
TMO,63,25,ret_TLT,0.0
TMO,63,25,mom21_TLT,0.0
TMO,63,25,ret_UUP,0.0
TMO,63,25,mom21_UUP,0.0
TMO,63,25,ret_SPY,0.0
TMO,63,25,mom21_SPY,0.008013
TMO,63,25,vol_vel,0.0
TMO,63,25,vol_of_vol,0.083344
TMO,63,25,vol_regime_zscore,0.015358
TMO,63,25,vol_chg_21d,0.0
TMO,63,25,event_fed_gravity,0.048257
TMO,63,25,event_earn_gravity,0.0
TMO,63,25,event_div_gravity,0.0
TMO,63,25,event_cpi_gravity,0.097517
TMO,63,25,event_nfp_gravity,0.087335
TMO,63,25,put_call_skew_30d,0.0
TMO,63,25,term_structure_slope,0.0
TMO,63,25,vrp_wedge,0.0
TMO,63,25,iv_atm_z_score,0.0
TMO,63,25,macro_yield_curve_slope,0.021212
TMO,63,25,macro_hy_spread,0.043733
TMO,63,25,macro_hy_spread_chg_5d,0.0
TMO,63,25,macro_breakeven_5y,0.049502
TMO,63,25,macro_inflation_fwd_5y5y,0.026506
TMO,63,25,macro_inflation_fwd_chg_21d,0.0
TMO,63,25,macro_inflation_fwd_abs_chg_21d,0.033082
TMO,63,25,macro_inflation_fwd_chg_63d,0.008919
TMO,63,25,macro_inflation_fwd_zscore,0.018664
TMO,63,25,macro_dollar_ret,0.0
TMO,63,25,beta_spy,0.015101
TMO,63,25,res_vol,0.034681
TMO,63,25,res_vol_vel,0.0
TMO,63,25,price_regime,0.0
TMO,63,25,corr_sector_21d,0.037419
TMO,63,25,corr_sector_252d,0.096662
TMO,63,25,sector_wedge,0.0
TMO,63,26,rv_5d,0.0
TMO,63,26,rv_10d,0.0
TMO,63,26,rv_21d,0.092235
TMO,63,26,rv_63d,0.015762
TMO,63,26,rv_126d,0.045962
TMO,63,26,ewma_vol,0.0
TMO,63,26,garch_cond_vol,0.0
TMO,63,26,ret_TARGET,0.0
TMO,63,26,tech_RSI,0.0
TMO,63,26,tech_MACD_hist,0.0
TMO,63,26,ret_VIXY,0.0
TMO,63,26,mom21_VIXY,0.032364
TMO,63,26,ret_HYG,0.0
TMO,63,26,mom21_HYG,0.029965
TMO,63,26,ret_USO,0.0
TMO,63,26,mom21_USO,0.022502
TMO,63,26,ret_TLT,0.0
TMO,63,26,mom21_TLT,0.0
TMO,63,26,ret_UUP,0.0
TMO,63,26,mom21_UUP,0.0
TMO,63,26,ret_SPY,0.0
TMO,63,26,mom21_SPY,0.0
TMO,63,26,vol_vel,0.0
TMO,63,26,vol_of_vol,0.100221
TMO,63,26,vol_regime_zscore,0.014059
TMO,63,26,vol_chg_21d,0.0
TMO,63,26,event_fed_gravity,0.075265
TMO,63,26,event_earn_gravity,0.0
TMO,63,26,event_div_gravity,0.0
TMO,63,26,event_cpi_gravity,0.074926
TMO,63,26,event_nfp_gravity,0.08481
TMO,63,26,put_call_skew_30d,0.0
TMO,63,26,term_structure_slope,0.0
TMO,63,26,vrp_wedge,0.0
TMO,63,26,iv_atm_z_score,0.010148
TMO,63,26,macro_yield_curve_slope,0.022246
TMO,63,26,macro_hy_spread,0.041573
TMO,63,26,macro_hy_spread_chg_5d,0.0
TMO,63,26,macro_breakeven_5y,0.060887
TMO,63,26,macro_inflation_fwd_5y5y,0.019245
TMO,63,26,macro_inflation_fwd_chg_21d,0.0
TMO,63,26,macro_inflation_fwd_abs_chg_21d,0.0
TMO,63,26,macro_inflation_fwd_chg_63d,0.0
TMO,63,26,macro_inflation_fwd_zscore,0.021078
TMO,63,26,macro_dollar_ret,0.0
TMO,63,26,beta_spy,0.015073
TMO,63,26,res_vol,0.044542
TMO,63,26,res_vol_vel,0.0
TMO,63,26,price_regime,0.0
TMO,63,26,corr_sector_21d,0.038872
TMO,63,26,corr_sector_252d,0.122859
TMO,63,26,sector_wedge,0.015404
TMO,63,27,rv_5d,0.100817
TMO,63,27,rv_10d,0.0
TMO,63,27,rv_21d,0.0422
TMO,63,27,rv_63d,0.02804
TMO,63,27,rv_126d,0.036836
TMO,63,27,ewma_vol,0.0
TMO,63,27,garch_cond_vol,0.0
TMO,63,27,ret_TARGET,0.0
TMO,63,27,tech_RSI,0.0
TMO,63,27,tech_MACD_hist,0.0
TMO,63,27,ret_VIXY,0.0
TMO,63,27,mom21_VIXY,0.013874
TMO,63,27,ret_HYG,0.0
TMO,63,27,mom21_HYG,0.029223
TMO,63,27,ret_USO,0.0
TMO,63,27,mom21_USO,0.019381
TMO,63,27,ret_TLT,0.0
TMO,63,27,mom21_TLT,0.067157
TMO,63,27,ret_UUP,0.0
TMO,63,27,mom21_UUP,0.0
TMO,63,27,ret_SPY,0.0
TMO,63,27,mom21_SPY,0.0
TMO,63,27,vol_vel,0.0
TMO,63,27,vol_of_vol,0.065998
TMO,63,27,vol_regime_zscore,0.0
TMO,63,27,vol_chg_21d,0.0
TMO,63,27,event_fed_gravity,0.066081
TMO,63,27,event_earn_gravity,0.0
TMO,63,27,event_div_gravity,0.0
TMO,63,27,event_cpi_gravity,0.049023
TMO,63,27,event_nfp_gravity,0.051896
TMO,63,27,put_call_skew_30d,0.0
TMO,63,27,term_structure_slope,0.0
TMO,63,27,vrp_wedge,0.0
TMO,63,27,iv_atm_z_score,0.040796
TMO,63,27,macro_yield_curve_slope,0.018102
TMO,63,27,macro_hy_spread,0.035206
TMO,63,27,macro_hy_spread_chg_5d,0.0
TMO,63,27,macro_breakeven_5y,0.044239
TMO,63,27,macro_inflation_fwd_5y5y,0.013828
TMO,63,27,macro_inflation_fwd_chg_21d,0.0
TMO,63,27,macro_inflation_fwd_abs_chg_21d,0.057365
TMO,63,27,macro_inflation_fwd_chg_63d,0.022244
TMO,63,27,macro_inflation_fwd_zscore,0.014729
TMO,63,27,macro_dollar_ret,0.0
TMO,63,27,beta_spy,0.013373
TMO,63,27,res_vol,0.029935
TMO,63,27,res_vol_vel,0.0
TMO,63,27,price_regime,0.0
TMO,63,27,corr_sector_21d,0.017911
TMO,63,27,corr_sector_252d,0.095205
TMO,63,27,sector_wedge,0.02654
TMO,63,28,rv_5d,0.0
TMO,63,28,rv_10d,0.112493
TMO,63,28,rv_21d,0.040466
TMO,63,28,rv_63d,0.049679
TMO,63,28,rv_126d,0.042845
TMO,63,28,ewma_vol,0.0
TMO,63,28,garch_cond_vol,0.0
TMO,63,28,ret_TARGET,0.0
TMO,63,28,tech_RSI,0.0
TMO,63,28,tech_MACD_hist,0.0
TMO,63,28,ret_VIXY,0.0
TMO,63,28,mom21_VIXY,0.020321
TMO,63,28,ret_HYG,0.0
TMO,63,28,mom21_HYG,0.032066
TMO,63,28,ret_USO,0.0
TMO,63,28,mom21_USO,0.021081
TMO,63,28,ret_TLT,0.0
TMO,63,28,mom21_TLT,0.0
TMO,63,28,ret_UUP,0.0
TMO,63,28,mom21_UUP,0.0
TMO,63,28,ret_SPY,0.0
TMO,63,28,mom21_SPY,0.0
TMO,63,28,vol_vel,0.0
TMO,63,28,vol_of_vol,0.039672
TMO,63,28,vol_regime_zscore,0.0
TMO,63,28,vol_chg_21d,0.0
TMO,63,28,event_fed_gravity,0.059207
TMO,63,28,event_earn_gravity,0.0
TMO,63,28,event_div_gravity,0.0
TMO,63,28,event_cpi_gravity,0.06169
TMO,63,28,event_nfp_gravity,0.073194
TMO,63,28,put_call_skew_30d,0.0
TMO,63,28,term_structure_slope,0.0
TMO,63,28,vrp_wedge,0.0
TMO,63,28,iv_atm_z_score,0.031361
TMO,63,28,macro_yield_curve_slope,0.023914
TMO,63,28,macro_hy_spread,0.036971
TMO,63,28,macro_hy_spread_chg_5d,0.0
TMO,63,28,macro_breakeven_5y,0.038305
TMO,63,28,macro_inflation_fwd_5y5y,0.0147
TMO,63,28,macro_inflation_fwd_chg_21d,0.0
TMO,63,28,macro_inflation_fwd_abs_chg_21d,0.058421
TMO,63,28,macro_inflation_fwd_chg_63d,0.023811
TMO,63,28,macro_inflation_fwd_zscore,0.020897
TMO,63,28,macro_dollar_ret,0.0
TMO,63,28,beta_spy,0.016935
TMO,63,28,res_vol,0.041774
TMO,63,28,res_vol_vel,0.0
TMO,63,28,price_regime,0.0
TMO,63,28,corr_sector_21d,0.032535
TMO,63,28,corr_sector_252d,0.107662
TMO,63,28,sector_wedge,0.0
TMO,63,29,rv_5d,0.126224
TMO,63,29,rv_10d,0.032757
TMO,63,29,rv_21d,0.121354
TMO,63,29,rv_63d,0.039603
TMO,63,29,rv_126d,0.032075
TMO,63,29,ewma_vol,0.0
TMO,63,29,garch_cond_vol,0.0
TMO,63,29,ret_TARGET,0.0
TMO,63,29,tech_RSI,0.0
TMO,63,29,tech_MACD_hist,0.0
TMO,63,29,ret_VIXY,0.0
TMO,63,29,mom21_VIXY,0.023611
TMO,63,29,ret_HYG,0.0
TMO,63,29,mom21_HYG,0.021742
TMO,63,29,ret_USO,0.0
TMO,63,29,mom21_USO,0.024741
TMO,63,29,ret_TLT,0.0
TMO,63,29,mom21_TLT,0.0
TMO,63,29,ret_UUP,0.0
TMO,63,29,mom21_UUP,0.0
TMO,63,29,ret_SPY,0.0
TMO,63,29,mom21_SPY,0.0
TMO,63,29,vol_vel,0.0
TMO,63,29,vol_of_vol,0.036112
TMO,63,29,vol_regime_zscore,0.006922
TMO,63,29,vol_chg_21d,0.0
TMO,63,29,event_fed_gravity,0.065802
TMO,63,29,event_earn_gravity,0.0
TMO,63,29,event_div_gravity,0.0
TMO,63,29,event_cpi_gravity,0.04708
TMO,63,29,event_nfp_gravity,0.067948
TMO,63,29,put_call_skew_30d,0.0
TMO,63,29,term_structure_slope,0.0
TMO,63,29,vrp_wedge,0.0
TMO,63,29,iv_atm_z_score,0.026118
TMO,63,29,macro_yield_curve_slope,0.017828
TMO,63,29,macro_hy_spread,0.02079
TMO,63,29,macro_hy_spread_chg_5d,0.0
TMO,63,29,macro_breakeven_5y,0.02856
TMO,63,29,macro_inflation_fwd_5y5y,0.013573
TMO,63,29,macro_inflation_fwd_chg_21d,0.0
TMO,63,29,macro_inflation_fwd_abs_chg_21d,0.03024
TMO,63,29,macro_inflation_fwd_chg_63d,0.016343
TMO,63,29,macro_inflation_fwd_zscore,0.008756
TMO,63,29,macro_dollar_ret,0.0
TMO,63,29,beta_spy,0.015939
TMO,63,29,res_vol,0.028178
TMO,63,29,res_vol_vel,0.0
TMO,63,29,price_regime,0.0
TMO,63,29,corr_sector_21d,0.027879
TMO,63,29,corr_sector_252d,0.088902
TMO,63,29,sector_wedge,0.03092
TMO,63,30,rv_5d,0.09604
TMO,63,30,rv_10d,0.071245
TMO,63,30,rv_21d,0.007626
TMO,63,30,rv_63d,0.037645
TMO,63,30,rv_126d,0.030741
TMO,63,30,ewma_vol,0.0
TMO,63,30,garch_cond_vol,0.067743
TMO,63,30,ret_TARGET,0.0
TMO,63,30,tech_RSI,0.0
TMO,63,30,tech_MACD_hist,0.0
TMO,63,30,ret_VIXY,0.0
TMO,63,30,mom21_VIXY,0.01455
TMO,63,30,ret_HYG,0.0
TMO,63,30,mom21_HYG,0.041385
TMO,63,30,ret_USO,0.0
TMO,63,30,mom21_USO,0.025133
TMO,63,30,ret_TLT,0.0
TMO,63,30,mom21_TLT,0.0
TMO,63,30,ret_UUP,0.0
TMO,63,30,mom21_UUP,0.0
TMO,63,30,ret_SPY,0.0
TMO,63,30,mom21_SPY,0.0
TMO,63,30,vol_vel,0.0
TMO,63,30,vol_of_vol,0.067416
TMO,63,30,vol_regime_zscore,0.0
TMO,63,30,vol_chg_21d,0.0
TMO,63,30,event_fed_gravity,0.056312
TMO,63,30,event_earn_gravity,0.0
TMO,63,30,event_div_gravity,0.0
TMO,63,30,event_cpi_gravity,0.062108
TMO,63,30,event_nfp_gravity,0.067762
TMO,63,30,put_call_skew_30d,0.0
TMO,63,30,term_structure_slope,0.0
TMO,63,30,vrp_wedge,0.0
TMO,63,30,iv_atm_z_score,0.024531
TMO,63,30,macro_yield_curve_slope,0.015535
TMO,63,30,macro_hy_spread,0.013768
TMO,63,30,macro_hy_spread_chg_5d,0.0
TMO,63,30,macro_breakeven_5y,0.037927
TMO,63,30,macro_inflation_fwd_5y5y,0.014296
TMO,63,30,macro_inflation_fwd_chg_21d,0.0
TMO,63,30,macro_inflation_fwd_abs_chg_21d,0.049065
TMO,63,30,macro_inflation_fwd_chg_63d,0.013608
TMO,63,30,macro_inflation_fwd_zscore,0.007858
TMO,63,30,macro_dollar_ret,0.0
TMO,63,30,beta_spy,0.015713
TMO,63,30,res_vol,0.030348
TMO,63,30,res_vol_vel,0.0
TMO,63,30,price_regime,0.0
TMO,63,30,corr_sector_21d,0.036544
TMO,63,30,corr_sector_252d,0.073975
TMO,63,30,sector_wedge,0.021125
TMO,63,31,rv_5d,0.079152
TMO,63,31,rv_10d,0.082617
TMO,63,31,rv_21d,0.007783
TMO,63,31,rv_63d,0.033374
TMO,63,31,rv_126d,0.040851
TMO,63,31,ewma_vol,0.015082
TMO,63,31,garch_cond_vol,0.044742
TMO,63,31,ret_TARGET,0.0
TMO,63,31,tech_RSI,0.0
TMO,63,31,tech_MACD_hist,0.0
TMO,63,31,ret_VIXY,0.0
TMO,63,31,mom21_VIXY,0.017972
TMO,63,31,ret_HYG,0.0
TMO,63,31,mom21_HYG,0.061053
TMO,63,31,ret_USO,0.0
TMO,63,31,mom21_USO,0.036063
TMO,63,31,ret_TLT,0.0
TMO,63,31,mom21_TLT,0.0
TMO,63,31,ret_UUP,0.0
TMO,63,31,mom21_UUP,0.0
TMO,63,31,ret_SPY,0.0
TMO,63,31,mom21_SPY,0.0
TMO,63,31,vol_vel,0.0
TMO,63,31,vol_of_vol,0.0
TMO,63,31,vol_regime_zscore,0.0
TMO,63,31,vol_chg_21d,0.0
TMO,63,31,event_fed_gravity,0.081518
TMO,63,31,event_earn_gravity,0.0
TMO,63,31,event_div_gravity,0.0
TMO,63,31,event_cpi_gravity,0.079709
TMO,63,31,event_nfp_gravity,0.072231
TMO,63,31,put_call_skew_30d,0.0
TMO,63,31,term_structure_slope,0.0
TMO,63,31,vrp_wedge,0.0
TMO,63,31,iv_atm_z_score,0.036987
TMO,63,31,macro_yield_curve_slope,0.020907
TMO,63,31,macro_hy_spread,0.018655
TMO,63,31,macro_hy_spread_chg_5d,0.0
TMO,63,31,macro_breakeven_5y,0.039737
TMO,63,31,macro_inflation_fwd_5y5y,0.015582
TMO,63,31,macro_inflation_fwd_chg_21d,0.0
TMO,63,31,macro_inflation_fwd_abs_chg_21d,0.0
TMO,63,31,macro_inflation_fwd_chg_63d,0.020048
TMO,63,31,macro_inflation_fwd_zscore,0.019901
TMO,63,31,macro_dollar_ret,0.0
TMO,63,31,beta_spy,0.018675
TMO,63,31,res_vol,0.016757
TMO,63,31,res_vol_vel,0.0
TMO,63,31,price_regime,0.0
TMO,63,31,corr_sector_21d,0.032688
TMO,63,31,corr_sector_252d,0.079269
TMO,63,31,sector_wedge,0.028643
TMO,63,32,rv_5d,0.0
TMO,63,32,rv_10d,0.0
TMO,63,32,rv_21d,0.016646
TMO,63,32,rv_63d,0.036568
TMO,63,32,rv_126d,0.040301
TMO,63,32,ewma_vol,0.010944
TMO,63,32,garch_cond_vol,0.060535
TMO,63,32,ret_TARGET,0.0
TMO,63,32,tech_RSI,0.0
TMO,63,32,tech_MACD_hist,0.0
TMO,63,32,ret_VIXY,0.0
TMO,63,32,mom21_VIXY,0.02002
TMO,63,32,ret_HYG,0.0
TMO,63,32,mom21_HYG,0.065655
TMO,63,32,ret_USO,0.0
TMO,63,32,mom21_USO,0.041683
TMO,63,32,ret_TLT,0.0
TMO,63,32,mom21_TLT,0.0
TMO,63,32,ret_UUP,0.0
TMO,63,32,mom21_UUP,0.0
TMO,63,32,ret_SPY,0.0
TMO,63,32,mom21_SPY,0.0
TMO,63,32,vol_vel,0.0
TMO,63,32,vol_of_vol,0.0
TMO,63,32,vol_regime_zscore,0.0
TMO,63,32,vol_chg_21d,0.0
TMO,63,32,event_fed_gravity,0.080309
TMO,63,32,event_earn_gravity,0.0
TMO,63,32,event_div_gravity,0.0
TMO,63,32,event_cpi_gravity,0.109622
TMO,63,32,event_nfp_gravity,0.103657
TMO,63,32,put_call_skew_30d,0.0
TMO,63,32,term_structure_slope,0.0
TMO,63,32,vrp_wedge,0.0
TMO,63,32,iv_atm_z_score,0.055622
TMO,63,32,macro_yield_curve_slope,0.026508
TMO,63,32,macro_hy_spread,0.023576
TMO,63,32,macro_hy_spread_chg_5d,0.0
TMO,63,32,macro_breakeven_5y,0.047904
TMO,63,32,macro_inflation_fwd_5y5y,0.021507
TMO,63,32,macro_inflation_fwd_chg_21d,0.0
TMO,63,32,macro_inflation_fwd_abs_chg_21d,0.0
TMO,63,32,macro_inflation_fwd_chg_63d,0.021728
TMO,63,32,macro_inflation_fwd_zscore,0.038099
TMO,63,32,macro_dollar_ret,0.0
TMO,63,32,beta_spy,0.019181
TMO,63,32,res_vol,0.015485
TMO,63,32,res_vol_vel,0.0
TMO,63,32,price_regime,0.047857
TMO,63,32,corr_sector_21d,0.021053
TMO,63,32,corr_sector_252d,0.051015
TMO,63,32,sector_wedge,0.024525
TMO,63,33,rv_5d,0.0
TMO,63,33,rv_10d,0.0
TMO,63,33,rv_21d,0.0
TMO,63,33,rv_63d,0.027057
TMO,63,33,rv_126d,0.045334
TMO,63,33,ewma_vol,0.0
TMO,63,33,garch_cond_vol,0.040613
TMO,63,33,ret_TARGET,0.0
TMO,63,33,tech_RSI,0.0
TMO,63,33,tech_MACD_hist,0.0
TMO,63,33,ret_VIXY,0.0
TMO,63,33,mom21_VIXY,0.023345
TMO,63,33,ret_HYG,0.0
TMO,63,33,mom21_HYG,0.058229
TMO,63,33,ret_USO,0.0
TMO,63,33,mom21_USO,0.033448
TMO,63,33,ret_TLT,0.0
TMO,63,33,mom21_TLT,0.0
TMO,63,33,ret_UUP,0.0
TMO,63,33,mom21_UUP,0.0
TMO,63,33,ret_SPY,0.0
TMO,63,33,mom21_SPY,0.0
TMO,63,33,vol_vel,0.0
TMO,63,33,vol_of_vol,0.0
TMO,63,33,vol_regime_zscore,0.016313
TMO,63,33,vol_chg_21d,0.0
TMO,63,33,event_fed_gravity,0.080426
TMO,63,33,event_earn_gravity,0.0
TMO,63,33,event_div_gravity,0.0
TMO,63,33,event_cpi_gravity,0.140405
TMO,63,33,event_nfp_gravity,0.122718
TMO,63,33,put_call_skew_30d,0.0
TMO,63,33,term_structure_slope,0.0
TMO,63,33,vrp_wedge,0.0
TMO,63,33,iv_atm_z_score,0.061278
TMO,63,33,macro_yield_curve_slope,0.030831
TMO,63,33,macro_hy_spread,0.028181
TMO,63,33,macro_hy_spread_chg_5d,0.0
TMO,63,33,macro_breakeven_5y,0.058907
TMO,63,33,macro_inflation_fwd_5y5y,0.029089
TMO,63,33,macro_inflation_fwd_chg_21d,0.0
TMO,63,33,macro_inflation_fwd_abs_chg_21d,0.0
TMO,63,33,macro_inflation_fwd_chg_63d,0.0
TMO,63,33,macro_inflation_fwd_zscore,0.034008
TMO,63,33,macro_dollar_ret,0.0
TMO,63,33,beta_spy,0.023503
TMO,63,33,res_vol,0.024849
TMO,63,33,res_vol_vel,0.0
TMO,63,33,price_regime,0.046303
TMO,63,33,corr_sector_21d,0.0
TMO,63,33,corr_sector_252d,0.050101
TMO,63,33,sector_wedge,0.025063
TMO,63,34,rv_5d,0.0
TMO,63,34,rv_10d,0.0
TMO,63,34,rv_21d,0.0
TMO,63,34,rv_63d,0.02324
TMO,63,34,rv_126d,0.038133
TMO,63,34,ewma_vol,0.0
TMO,63,34,garch_cond_vol,0.060066
TMO,63,34,ret_TARGET,0.0
TMO,63,34,tech_RSI,0.0
TMO,63,34,tech_MACD_hist,0.0
TMO,63,34,ret_VIXY,0.0
TMO,63,34,mom21_VIXY,0.023606
TMO,63,34,ret_HYG,0.0
TMO,63,34,mom21_HYG,0.06149
TMO,63,34,ret_USO,0.0
TMO,63,34,mom21_USO,0.036554
TMO,63,34,ret_TLT,0.0
TMO,63,34,mom21_TLT,0.0
TMO,63,34,ret_UUP,0.0
TMO,63,34,mom21_UUP,0.0
TMO,63,34,ret_SPY,0.0
TMO,63,34,mom21_SPY,0.0
TMO,63,34,vol_vel,0.0
TMO,63,34,vol_of_vol,0.009451
TMO,63,34,vol_regime_zscore,0.0
TMO,63,34,vol_chg_21d,0.0
TMO,63,34,event_fed_gravity,0.074733
TMO,63,34,event_earn_gravity,0.0
TMO,63,34,event_div_gravity,0.0
TMO,63,34,event_cpi_gravity,0.133314
TMO,63,34,event_nfp_gravity,0.112615
TMO,63,34,put_call_skew_30d,0.010412
TMO,63,34,term_structure_slope,0.0
TMO,63,34,vrp_wedge,0.0
TMO,63,34,iv_atm_z_score,0.057397
TMO,63,34,macro_yield_curve_slope,0.033554
TMO,63,34,macro_hy_spread,0.027608
TMO,63,34,macro_hy_spread_chg_5d,0.0
TMO,63,34,macro_breakeven_5y,0.049347
TMO,63,34,macro_inflation_fwd_5y5y,0.028874
TMO,63,34,macro_inflation_fwd_chg_21d,0.0
TMO,63,34,macro_inflation_fwd_abs_chg_21d,0.0
TMO,63,34,macro_inflation_fwd_chg_63d,0.016857
TMO,63,34,macro_inflation_fwd_zscore,0.021503
TMO,63,34,macro_dollar_ret,0.0
TMO,63,34,beta_spy,0.028256
TMO,63,34,res_vol,0.019863
TMO,63,34,res_vol_vel,0.0
TMO,63,34,price_regime,0.048016
TMO,63,34,corr_sector_21d,0.011413
TMO,63,34,corr_sector_252d,0.046914
TMO,63,34,sector_wedge,0.026785
TMO,63,35,rv_5d,0.0
TMO,63,35,rv_10d,0.0
TMO,63,35,rv_21d,0.009562
TMO,63,35,rv_63d,0.029839
TMO,63,35,rv_126d,0.038796
TMO,63,35,ewma_vol,0.0
TMO,63,35,garch_cond_vol,0.04719
TMO,63,35,ret_TARGET,0.0
TMO,63,35,tech_RSI,0.0
TMO,63,35,tech_MACD_hist,0.0
TMO,63,35,ret_VIXY,0.0
TMO,63,35,mom21_VIXY,0.023874
TMO,63,35,ret_HYG,0.0
TMO,63,35,mom21_HYG,0.059803
TMO,63,35,ret_USO,0.0
TMO,63,35,mom21_USO,0.03187
TMO,63,35,ret_TLT,0.0
TMO,63,35,mom21_TLT,0.0
TMO,63,35,ret_UUP,0.0
TMO,63,35,mom21_UUP,0.0
TMO,63,35,ret_SPY,0.0
TMO,63,35,mom21_SPY,0.0
TMO,63,35,vol_vel,0.0
TMO,63,35,vol_of_vol,0.0089
TMO,63,35,vol_regime_zscore,0.008259
TMO,63,35,vol_chg_21d,0.0
TMO,63,35,event_fed_gravity,0.083001
TMO,63,35,event_earn_gravity,0.0
TMO,63,35,event_div_gravity,0.0
TMO,63,35,event_cpi_gravity,0.119939
TMO,63,35,event_nfp_gravity,0.104835
TMO,63,35,put_call_skew_30d,0.011867
TMO,63,35,term_structure_slope,0.0
TMO,63,35,vrp_wedge,0.0
TMO,63,35,iv_atm_z_score,0.043308
TMO,63,35,macro_yield_curve_slope,0.03542
TMO,63,35,macro_hy_spread,0.027578
TMO,63,35,macro_hy_spread_chg_5d,0.0
TMO,63,35,macro_breakeven_5y,0.050581
TMO,63,35,macro_inflation_fwd_5y5y,0.026995
TMO,63,35,macro_inflation_fwd_chg_21d,0.0
TMO,63,35,macro_inflation_fwd_abs_chg_21d,0.0
TMO,63,35,macro_inflation_fwd_chg_63d,0.014998
TMO,63,35,macro_inflation_fwd_zscore,0.028459
TMO,63,35,macro_dollar_ret,0.0
TMO,63,35,beta_spy,0.023608
TMO,63,35,res_vol,0.021209
TMO,63,35,res_vol_vel,0.0
TMO,63,35,price_regime,0.061648
TMO,63,35,corr_sector_21d,0.011167
TMO,63,35,corr_sector_252d,0.052605
TMO,63,35,sector_wedge,0.024692
TMO,63,36,rv_5d,0.028934
TMO,63,36,rv_10d,0.0
TMO,63,36,rv_21d,0.0
TMO,63,36,rv_63d,0.031153
TMO,63,36,rv_126d,0.040058
TMO,63,36,ewma_vol,0.0
TMO,63,36,garch_cond_vol,0.051551
TMO,63,36,ret_TARGET,0.0
TMO,63,36,tech_RSI,0.0
TMO,63,36,tech_MACD_hist,0.0
TMO,63,36,ret_VIXY,0.0
TMO,63,36,mom21_VIXY,0.024477
TMO,63,36,ret_HYG,0.0
TMO,63,36,mom21_HYG,0.054557
TMO,63,36,ret_USO,0.0
TMO,63,36,mom21_USO,0.042852
TMO,63,36,ret_TLT,0.0
TMO,63,36,mom21_TLT,0.0
TMO,63,36,ret_UUP,0.0
TMO,63,36,mom21_UUP,0.0
TMO,63,36,ret_SPY,0.0
TMO,63,36,mom21_SPY,0.0
TMO,63,36,vol_vel,0.0
TMO,63,36,vol_of_vol,0.008254
TMO,63,36,vol_regime_zscore,0.0
TMO,63,36,vol_chg_21d,0.0
TMO,63,36,event_fed_gravity,0.105365
TMO,63,36,event_earn_gravity,0.0
TMO,63,36,event_div_gravity,0.0
TMO,63,36,event_cpi_gravity,0.095592
TMO,63,36,event_nfp_gravity,0.108747
TMO,63,36,put_call_skew_30d,0.0
TMO,63,36,term_structure_slope,0.0
TMO,63,36,vrp_wedge,0.0
TMO,63,36,iv_atm_z_score,0.046231
TMO,63,36,macro_yield_curve_slope,0.031418
TMO,63,36,macro_hy_spread,0.023567
TMO,63,36,macro_hy_spread_chg_5d,0.0
TMO,63,36,macro_breakeven_5y,0.042051
TMO,63,36,macro_inflation_fwd_5y5y,0.029022
TMO,63,36,macro_inflation_fwd_chg_21d,0.0
TMO,63,36,macro_inflation_fwd_abs_chg_21d,0.0
TMO,63,36,macro_inflation_fwd_chg_63d,0.012269
TMO,63,36,macro_inflation_fwd_zscore,0.029293
TMO,63,36,macro_dollar_ret,0.0
TMO,63,36,beta_spy,0.02625
TMO,63,36,res_vol,0.022782
TMO,63,36,res_vol_vel,0.0
TMO,63,36,price_regime,0.046506
TMO,63,36,corr_sector_21d,0.022267
TMO,63,36,corr_sector_252d,0.048117
TMO,63,36,sector_wedge,0.028687
TMO,63,37,rv_5d,0.028653
TMO,63,37,rv_10d,0.0
TMO,63,37,rv_21d,0.009397
TMO,63,37,rv_63d,0.022421
TMO,63,37,rv_126d,0.035442
TMO,63,37,ewma_vol,0.0
TMO,63,37,garch_cond_vol,0.049496
TMO,63,37,ret_TARGET,0.0
TMO,63,37,tech_RSI,0.0
TMO,63,37,tech_MACD_hist,0.0
TMO,63,37,ret_VIXY,0.0
TMO,63,37,mom21_VIXY,0.021555
TMO,63,37,ret_HYG,0.0
TMO,63,37,mom21_HYG,0.069468
TMO,63,37,ret_USO,0.0
TMO,63,37,mom21_USO,0.037594
TMO,63,37,ret_TLT,0.0
TMO,63,37,mom21_TLT,0.010742
TMO,63,37,ret_UUP,0.0
TMO,63,37,mom21_UUP,0.0
TMO,63,37,ret_SPY,0.0
TMO,63,37,mom21_SPY,0.008922
TMO,63,37,vol_vel,0.0
TMO,63,37,vol_of_vol,0.009345
TMO,63,37,vol_regime_zscore,0.0
TMO,63,37,vol_chg_21d,0.0
TMO,63,37,event_fed_gravity,0.090956
TMO,63,37,event_earn_gravity,0.0
TMO,63,37,event_div_gravity,0.0
TMO,63,37,event_cpi_gravity,0.096937
TMO,63,37,event_nfp_gravity,0.107324
TMO,63,37,put_call_skew_30d,0.0
TMO,63,37,term_structure_slope,0.0
TMO,63,37,vrp_wedge,0.0
TMO,63,37,iv_atm_z_score,0.029089
TMO,63,37,macro_yield_curve_slope,0.025791
TMO,63,37,macro_hy_spread,0.017531
TMO,63,37,macro_hy_spread_chg_5d,0.0
TMO,63,37,macro_breakeven_5y,0.043398
TMO,63,37,macro_inflation_fwd_5y5y,0.022967
TMO,63,37,macro_inflation_fwd_chg_21d,0.0
TMO,63,37,macro_inflation_fwd_abs_chg_21d,0.0
TMO,63,37,macro_inflation_fwd_chg_63d,0.014664
TMO,63,37,macro_inflation_fwd_zscore,0.031874
TMO,63,37,macro_dollar_ret,0.0
TMO,63,37,beta_spy,0.025836
TMO,63,37,res_vol,0.023177
TMO,63,37,res_vol_vel,0.0
TMO,63,37,price_regime,0.065049
TMO,63,37,corr_sector_21d,0.024491
TMO,63,37,corr_sector_252d,0.044546
TMO,63,37,sector_wedge,0.033334
TMO,63,38,rv_5d,0.02823
TMO,63,38,rv_10d,0.0
TMO,63,38,rv_21d,0.0
TMO,63,38,rv_63d,0.031778
TMO,63,38,rv_126d,0.029788
TMO,63,38,ewma_vol,0.009181
TMO,63,38,garch_cond_vol,0.057573
TMO,63,38,ret_TARGET,0.0
TMO,63,38,tech_RSI,0.0
TMO,63,38,tech_MACD_hist,0.0
TMO,63,38,ret_VIXY,0.0
TMO,63,38,mom21_VIXY,0.033794
TMO,63,38,ret_HYG,0.0
TMO,63,38,mom21_HYG,0.072975
TMO,63,38,ret_USO,0.0
TMO,63,38,mom21_USO,0.025894
TMO,63,38,ret_TLT,0.0
TMO,63,38,mom21_TLT,0.0
TMO,63,38,ret_UUP,0.0
TMO,63,38,mom21_UUP,0.0
TMO,63,38,ret_SPY,0.0
TMO,63,38,mom21_SPY,0.009381
TMO,63,38,vol_vel,0.0
TMO,63,38,vol_of_vol,0.010508
TMO,63,38,vol_regime_zscore,0.0
TMO,63,38,vol_chg_21d,0.0
TMO,63,38,event_fed_gravity,0.08881
TMO,63,38,event_earn_gravity,0.0
TMO,63,38,event_div_gravity,0.0
TMO,63,38,event_cpi_gravity,0.11441
TMO,63,38,event_nfp_gravity,0.090111
TMO,63,38,put_call_skew_30d,0.0
TMO,63,38,term_structure_slope,0.0
TMO,63,38,vrp_wedge,0.0
TMO,63,38,iv_atm_z_score,0.031986
TMO,63,38,macro_yield_curve_slope,0.025561
TMO,63,38,macro_hy_spread,0.016886
TMO,63,38,macro_hy_spread_chg_5d,0.0
TMO,63,38,macro_breakeven_5y,0.042532
TMO,63,38,macro_inflation_fwd_5y5y,0.029698
TMO,63,38,macro_inflation_fwd_chg_21d,0.0
TMO,63,38,macro_inflation_fwd_abs_chg_21d,0.0
TMO,63,38,macro_inflation_fwd_chg_63d,0.015933
TMO,63,38,macro_inflation_fwd_zscore,0.015191
TMO,63,38,macro_dollar_ret,0.0
TMO,63,38,beta_spy,0.025677
TMO,63,38,res_vol,0.02332
TMO,63,38,res_vol_vel,0.0
TMO,63,38,price_regime,0.062775
TMO,63,38,corr_sector_21d,0.027133
TMO,63,38,corr_sector_252d,0.047029
TMO,63,38,sector_wedge,0.033847
TMO,63,39,rv_5d,0.028704
TMO,63,39,rv_10d,0.0
TMO,63,39,rv_21d,0.007939
TMO,63,39,rv_63d,0.02799
TMO,63,39,rv_126d,0.027875
TMO,63,39,ewma_vol,0.0
TMO,63,39,garch_cond_vol,0.059839
TMO,63,39,ret_TARGET,0.0
TMO,63,39,tech_RSI,0.0
TMO,63,39,tech_MACD_hist,0.0
TMO,63,39,ret_VIXY,0.0
TMO,63,39,mom21_VIXY,0.034838
TMO,63,39,ret_HYG,0.0
TMO,63,39,mom21_HYG,0.066292
TMO,63,39,ret_USO,0.0
TMO,63,39,mom21_USO,0.035507
TMO,63,39,ret_TLT,0.0
TMO,63,39,mom21_TLT,0.0
TMO,63,39,ret_UUP,0.0
TMO,63,39,mom21_UUP,0.0
TMO,63,39,ret_SPY,0.0
TMO,63,39,mom21_SPY,0.010908
TMO,63,39,vol_vel,0.0
TMO,63,39,vol_of_vol,0.008794
TMO,63,39,vol_regime_zscore,0.008388
TMO,63,39,vol_chg_21d,0.0
TMO,63,39,event_fed_gravity,0.091459
TMO,63,39,event_earn_gravity,0.0
TMO,63,39,event_div_gravity,0.0
TMO,63,39,event_cpi_gravity,0.105466
TMO,63,39,event_nfp_gravity,0.10791
TMO,63,39,put_call_skew_30d,0.0
TMO,63,39,term_structure_slope,0.0
TMO,63,39,vrp_wedge,0.0
TMO,63,39,iv_atm_z_score,0.030291
TMO,63,39,macro_yield_curve_slope,0.02671
TMO,63,39,macro_hy_spread,0.015783
TMO,63,39,macro_hy_spread_chg_5d,0.0
TMO,63,39,macro_breakeven_5y,0.044316
TMO,63,39,macro_inflation_fwd_5y5y,0.019931
TMO,63,39,macro_inflation_fwd_chg_21d,0.0
TMO,63,39,macro_inflation_fwd_abs_chg_21d,0.0
TMO,63,39,macro_inflation_fwd_chg_63d,0.014647
TMO,63,39,macro_inflation_fwd_zscore,0.01061
TMO,63,39,macro_dollar_ret,0.0
TMO,63,39,beta_spy,0.032797
TMO,63,39,res_vol,0.020504
TMO,63,39,res_vol_vel,0.0
TMO,63,39,price_regime,0.068738
TMO,63,39,corr_sector_21d,0.024901
TMO,63,39,corr_sector_252d,0.037213
TMO,63,39,sector_wedge,0.031651
TMO,63,40,rv_5d,0.026563
TMO,63,40,rv_10d,0.0
TMO,63,40,rv_21d,0.007079
TMO,63,40,rv_63d,0.025002
TMO,63,40,rv_126d,0.024957
TMO,63,40,ewma_vol,0.0
TMO,63,40,garch_cond_vol,0.054587
TMO,63,40,ret_TARGET,0.0
TMO,63,40,tech_RSI,0.0
TMO,63,40,tech_MACD_hist,0.0
TMO,63,40,ret_VIXY,0.0
TMO,63,40,mom21_VIXY,0.030014
TMO,63,40,ret_HYG,0.0
TMO,63,40,mom21_HYG,0.052302
TMO,63,40,ret_USO,0.0
TMO,63,40,mom21_USO,0.043081
TMO,63,40,ret_TLT,0.0
TMO,63,40,mom21_TLT,0.007219
TMO,63,40,ret_UUP,0.0
TMO,63,40,mom21_UUP,0.0
TMO,63,40,ret_SPY,0.0
TMO,63,40,mom21_SPY,0.01113
TMO,63,40,vol_vel,0.0
TMO,63,40,vol_of_vol,0.008923
TMO,63,40,vol_regime_zscore,0.00822
TMO,63,40,vol_chg_21d,0.0
TMO,63,40,event_fed_gravity,0.067494
TMO,63,40,event_earn_gravity,0.0
TMO,63,40,event_div_gravity,0.0
TMO,63,40,event_cpi_gravity,0.11408
TMO,63,40,event_nfp_gravity,0.107169
TMO,63,40,put_call_skew_30d,0.0
TMO,63,40,term_structure_slope,0.0
TMO,63,40,vrp_wedge,0.007736
TMO,63,40,iv_atm_z_score,0.029607
TMO,63,40,macro_yield_curve_slope,0.027537
TMO,63,40,macro_hy_spread,0.015108
TMO,63,40,macro_hy_spread_chg_5d,0.0
TMO,63,40,macro_breakeven_5y,0.044902
TMO,63,40,macro_inflation_fwd_5y5y,0.021501
TMO,63,40,macro_inflation_fwd_chg_21d,0.0
TMO,63,40,macro_inflation_fwd_abs_chg_21d,0.0
TMO,63,40,macro_inflation_fwd_chg_63d,0.016427
TMO,63,40,macro_inflation_fwd_zscore,0.012381
TMO,63,40,macro_dollar_ret,0.0
TMO,63,40,beta_spy,0.02744
TMO,63,40,res_vol,0.026897
TMO,63,40,res_vol_vel,0.0
TMO,63,40,price_regime,0.077587
TMO,63,40,corr_sector_21d,0.041507
TMO,63,40,corr_sector_252d,0.03045
TMO,63,40,sector_wedge,0.033102
TMO,63,41,rv_5d,0.0
TMO,63,41,rv_10d,0.006917
TMO,63,41,rv_21d,0.007722
TMO,63,41,rv_63d,0.025752
TMO,63,41,rv_126d,0.021664
TMO,63,41,ewma_vol,0.009342
TMO,63,41,garch_cond_vol,0.046884
TMO,63,41,ret_TARGET,0.0
TMO,63,41,tech_RSI,0.0
TMO,63,41,tech_MACD_hist,0.0
TMO,63,41,ret_VIXY,0.0
TMO,63,41,mom21_VIXY,0.037833
TMO,63,41,ret_HYG,0.0
TMO,63,41,mom21_HYG,0.030723
TMO,63,41,ret_USO,0.0
TMO,63,41,mom21_USO,0.037847
TMO,63,41,ret_TLT,0.0
TMO,63,41,mom21_TLT,0.012698
TMO,63,41,ret_UUP,0.0
TMO,63,41,mom21_UUP,0.0
TMO,63,41,ret_SPY,0.0
TMO,63,41,mom21_SPY,0.009192
TMO,63,41,vol_vel,0.0
TMO,63,41,vol_of_vol,0.009394
TMO,63,41,vol_regime_zscore,0.008094
TMO,63,41,vol_chg_21d,0.0
TMO,63,41,event_fed_gravity,0.091753
TMO,63,41,event_earn_gravity,0.0
TMO,63,41,event_div_gravity,0.0
TMO,63,41,event_cpi_gravity,0.103188
TMO,63,41,event_nfp_gravity,0.095568
TMO,63,41,put_call_skew_30d,0.0
TMO,63,41,term_structure_slope,0.0
TMO,63,41,vrp_wedge,0.0
TMO,63,41,iv_atm_z_score,0.036171
TMO,63,41,macro_yield_curve_slope,0.029585
TMO,63,41,macro_hy_spread,0.022088
TMO,63,41,macro_hy_spread_chg_5d,0.0
TMO,63,41,macro_breakeven_5y,0.053344
TMO,63,41,macro_inflation_fwd_5y5y,0.026553
TMO,63,41,macro_inflation_fwd_chg_21d,0.010844
TMO,63,41,macro_inflation_fwd_abs_chg_21d,0.0
TMO,63,41,macro_inflation_fwd_chg_63d,0.010619
TMO,63,41,macro_inflation_fwd_zscore,0.01094
TMO,63,41,macro_dollar_ret,0.0
TMO,63,41,beta_spy,0.031223
TMO,63,41,res_vol,0.027186
TMO,63,41,res_vol_vel,0.007901
TMO,63,41,price_regime,0.089947
TMO,63,41,corr_sector_21d,0.019249
TMO,63,41,corr_sector_252d,0.029862
TMO,63,41,sector_wedge,0.039919
TMO,63,42,rv_5d,0.0
TMO,63,42,rv_10d,0.010741
TMO,63,42,rv_21d,0.010569
TMO,63,42,rv_63d,0.026198
TMO,63,42,rv_126d,0.019808
TMO,63,42,ewma_vol,0.037277
TMO,63,42,garch_cond_vol,0.0487
TMO,63,42,ret_TARGET,0.0
TMO,63,42,tech_RSI,0.0
TMO,63,42,tech_MACD_hist,0.0
TMO,63,42,ret_VIXY,0.0
TMO,63,42,mom21_VIXY,0.028591
TMO,63,42,ret_HYG,0.0
TMO,63,42,mom21_HYG,0.026916
TMO,63,42,ret_USO,0.0
TMO,63,42,mom21_USO,0.044606
TMO,63,42,ret_TLT,0.0
TMO,63,42,mom21_TLT,0.0
TMO,63,42,ret_UUP,0.0
TMO,63,42,mom21_UUP,0.010488
TMO,63,42,ret_SPY,0.0
TMO,63,42,mom21_SPY,0.0
TMO,63,42,vol_vel,0.0
TMO,63,42,vol_of_vol,0.009948
TMO,63,42,vol_regime_zscore,0.007112
TMO,63,42,vol_chg_21d,0.0
TMO,63,42,event_fed_gravity,0.093167
TMO,63,42,event_earn_gravity,0.0
TMO,63,42,event_div_gravity,0.0
TMO,63,42,event_cpi_gravity,0.079524
TMO,63,42,event_nfp_gravity,0.109564
TMO,63,42,put_call_skew_30d,0.0
TMO,63,42,term_structure_slope,0.0
TMO,63,42,vrp_wedge,0.008174
TMO,63,42,iv_atm_z_score,0.023522
TMO,63,42,macro_yield_curve_slope,0.023459
TMO,63,42,macro_hy_spread,0.020248
TMO,63,42,macro_hy_spread_chg_5d,0.0
TMO,63,42,macro_breakeven_5y,0.053168
TMO,63,42,macro_inflation_fwd_5y5y,0.021807
TMO,63,42,macro_inflation_fwd_chg_21d,0.0
TMO,63,42,macro_inflation_fwd_abs_chg_21d,0.0
TMO,63,42,macro_inflation_fwd_chg_63d,0.012475
TMO,63,42,macro_inflation_fwd_zscore,0.015615
TMO,63,42,macro_dollar_ret,0.0
TMO,63,42,beta_spy,0.033152
TMO,63,42,res_vol,0.0302
TMO,63,42,res_vol_vel,0.0
TMO,63,42,price_regime,0.11561
TMO,63,42,corr_sector_21d,0.017686
TMO,63,42,corr_sector_252d,0.028289
TMO,63,42,sector_wedge,0.033386
TMO,63,43,rv_5d,0.012614
TMO,63,43,rv_10d,0.0
TMO,63,43,rv_21d,0.007988
TMO,63,43,rv_63d,0.030004
TMO,63,43,rv_126d,0.013071
TMO,63,43,ewma_vol,0.022091
TMO,63,43,garch_cond_vol,0.055655
TMO,63,43,ret_TARGET,0.0
TMO,63,43,tech_RSI,0.0
TMO,63,43,tech_MACD_hist,0.0
TMO,63,43,ret_VIXY,0.0
TMO,63,43,mom21_VIXY,0.039537
TMO,63,43,ret_HYG,0.0
TMO,63,43,mom21_HYG,0.031473
TMO,63,43,ret_USO,0.0
TMO,63,43,mom21_USO,0.034431
TMO,63,43,ret_TLT,0.0
TMO,63,43,mom21_TLT,0.0
TMO,63,43,ret_UUP,0.0
TMO,63,43,mom21_UUP,0.012018
TMO,63,43,ret_SPY,0.0
TMO,63,43,mom21_SPY,0.008902
TMO,63,43,vol_vel,0.0
TMO,63,43,vol_of_vol,0.008285
TMO,63,43,vol_regime_zscore,0.007173
TMO,63,43,vol_chg_21d,0.0
TMO,63,43,event_fed_gravity,0.075709
TMO,63,43,event_earn_gravity,0.0
TMO,63,43,event_div_gravity,0.0
TMO,63,43,event_cpi_gravity,0.119462
TMO,63,43,event_nfp_gravity,0.081718
TMO,63,43,put_call_skew_30d,0.0
TMO,63,43,term_structure_slope,0.0
TMO,63,43,vrp_wedge,0.009106
TMO,63,43,iv_atm_z_score,0.027596
TMO,63,43,macro_yield_curve_slope,0.027491
TMO,63,43,macro_hy_spread,0.023956
TMO,63,43,macro_hy_spread_chg_5d,0.0
TMO,63,43,macro_breakeven_5y,0.050096
TMO,63,43,macro_inflation_fwd_5y5y,0.022692
TMO,63,43,macro_inflation_fwd_chg_21d,0.0
TMO,63,43,macro_inflation_fwd_abs_chg_21d,0.0
TMO,63,43,macro_inflation_fwd_chg_63d,0.013759
TMO,63,43,macro_inflation_fwd_zscore,0.010603
TMO,63,43,macro_dollar_ret,0.0
TMO,63,43,beta_spy,0.040236
TMO,63,43,res_vol,0.03396
TMO,63,43,res_vol_vel,0.0
TMO,63,43,price_regime,0.092099
TMO,63,43,corr_sector_21d,0.014328
TMO,63,43,corr_sector_252d,0.032485
TMO,63,43,sector_wedge,0.04146
TMO,63,44,rv_5d,0.011606
TMO,63,44,rv_10d,0.011739
TMO,63,44,rv_21d,0.0
TMO,63,44,rv_63d,0.029356
TMO,63,44,rv_126d,0.013986
TMO,63,44,ewma_vol,0.029662
TMO,63,44,garch_cond_vol,0.048982
TMO,63,44,ret_TARGET,0.0
TMO,63,44,tech_RSI,0.0
TMO,63,44,tech_MACD_hist,0.0
TMO,63,44,ret_VIXY,0.0
TMO,63,44,mom21_VIXY,0.031695
TMO,63,44,ret_HYG,0.0
TMO,63,44,mom21_HYG,0.027188
TMO,63,44,ret_USO,0.0
TMO,63,44,mom21_USO,0.035133
TMO,63,44,ret_TLT,0.0
TMO,63,44,mom21_TLT,0.0
TMO,63,44,ret_UUP,0.0
TMO,63,44,mom21_UUP,0.009257
TMO,63,44,ret_SPY,0.0
TMO,63,44,mom21_SPY,0.008497
TMO,63,44,vol_vel,0.0
TMO,63,44,vol_of_vol,0.009339
TMO,63,44,vol_regime_zscore,0.011167
TMO,63,44,vol_chg_21d,0.0
TMO,63,44,event_fed_gravity,0.079326
TMO,63,44,event_earn_gravity,0.0
TMO,63,44,event_div_gravity,0.0
TMO,63,44,event_cpi_gravity,0.119657
TMO,63,44,event_nfp_gravity,0.091247
TMO,63,44,put_call_skew_30d,0.0
TMO,63,44,term_structure_slope,0.0
TMO,63,44,vrp_wedge,0.0
TMO,63,44,iv_atm_z_score,0.027245
TMO,63,44,macro_yield_curve_slope,0.026871
TMO,63,44,macro_hy_spread,0.022655
TMO,63,44,macro_hy_spread_chg_5d,0.0
TMO,63,44,macro_breakeven_5y,0.050681
TMO,63,44,macro_inflation_fwd_5y5y,0.025551
TMO,63,44,macro_inflation_fwd_chg_21d,0.007637
TMO,63,44,macro_inflation_fwd_abs_chg_21d,0.0
TMO,63,44,macro_inflation_fwd_chg_63d,0.013091
TMO,63,44,macro_inflation_fwd_zscore,0.012262
TMO,63,44,macro_dollar_ret,0.0
TMO,63,44,beta_spy,0.04818
TMO,63,44,res_vol,0.027966
TMO,63,44,res_vol_vel,0.0
TMO,63,44,price_regime,0.07519
TMO,63,44,corr_sector_21d,0.0161
TMO,63,44,corr_sector_252d,0.032643
TMO,63,44,sector_wedge,0.04609
TMO,63,45,rv_5d,0.013119
TMO,63,45,rv_10d,0.0
TMO,63,45,rv_21d,0.008232
TMO,63,45,rv_63d,0.028874
TMO,63,45,rv_126d,0.013096
TMO,63,45,ewma_vol,0.074196
TMO,63,45,garch_cond_vol,0.051236
TMO,63,45,ret_TARGET,0.0
TMO,63,45,tech_RSI,0.0
TMO,63,45,tech_MACD_hist,0.0
TMO,63,45,ret_VIXY,0.0
TMO,63,45,mom21_VIXY,0.033719
TMO,63,45,ret_HYG,0.0
TMO,63,45,mom21_HYG,0.034012
TMO,63,45,ret_USO,0.0
TMO,63,45,mom21_USO,0.024923
TMO,63,45,ret_TLT,0.0
TMO,63,45,mom21_TLT,0.0
TMO,63,45,ret_UUP,0.0
TMO,63,45,mom21_UUP,0.009539
TMO,63,45,ret_SPY,0.0
TMO,63,45,mom21_SPY,0.0
TMO,63,45,vol_vel,0.0
TMO,63,45,vol_of_vol,0.008033
TMO,63,45,vol_regime_zscore,0.007473
TMO,63,45,vol_chg_21d,0.0
TMO,63,45,event_fed_gravity,0.100168
TMO,63,45,event_earn_gravity,0.0
TMO,63,45,event_div_gravity,0.0
TMO,63,45,event_cpi_gravity,0.071136
TMO,63,45,event_nfp_gravity,0.109185
TMO,63,45,put_call_skew_30d,0.0
TMO,63,45,term_structure_slope,0.0
TMO,63,45,vrp_wedge,0.0
TMO,63,45,iv_atm_z_score,0.028253
TMO,63,45,macro_yield_curve_slope,0.02725
TMO,63,45,macro_hy_spread,0.022161
TMO,63,45,macro_hy_spread_chg_5d,0.0
TMO,63,45,macro_breakeven_5y,0.054362
TMO,63,45,macro_inflation_fwd_5y5y,0.027048
TMO,63,45,macro_inflation_fwd_chg_21d,0.0
TMO,63,45,macro_inflation_fwd_abs_chg_21d,0.0
TMO,63,45,macro_inflation_fwd_chg_63d,0.0
TMO,63,45,macro_inflation_fwd_zscore,0.00877
TMO,63,45,macro_dollar_ret,0.0
TMO,63,45,beta_spy,0.042562
TMO,63,45,res_vol,0.027423
TMO,63,45,res_vol_vel,0.0
TMO,63,45,price_regime,0.069156
TMO,63,45,corr_sector_21d,0.035458
TMO,63,45,corr_sector_252d,0.03286
TMO,63,45,sector_wedge,0.037757
TMO,63,46,rv_5d,0.025472
TMO,63,46,rv_10d,0.0
TMO,63,46,rv_21d,0.011234
TMO,63,46,rv_63d,0.033538
TMO,63,46,rv_126d,0.014732
TMO,63,46,ewma_vol,0.018426
TMO,63,46,garch_cond_vol,0.053743
TMO,63,46,ret_TARGET,0.0
TMO,63,46,tech_RSI,0.0
TMO,63,46,tech_MACD_hist,0.0
TMO,63,46,ret_VIXY,0.0
TMO,63,46,mom21_VIXY,0.033838
TMO,63,46,ret_HYG,0.0
TMO,63,46,mom21_HYG,0.034469
TMO,63,46,ret_USO,0.0
TMO,63,46,mom21_USO,0.029677
TMO,63,46,ret_TLT,0.0
TMO,63,46,mom21_TLT,0.0
TMO,63,46,ret_UUP,0.0
TMO,63,46,mom21_UUP,0.0
TMO,63,46,ret_SPY,0.0
TMO,63,46,mom21_SPY,0.0
TMO,63,46,vol_vel,0.0
TMO,63,46,vol_of_vol,0.007398
TMO,63,46,vol_regime_zscore,0.014514
TMO,63,46,vol_chg_21d,0.0
TMO,63,46,event_fed_gravity,0.063515
TMO,63,46,event_earn_gravity,0.0
TMO,63,46,event_div_gravity,0.0
TMO,63,46,event_cpi_gravity,0.12527
TMO,63,46,event_nfp_gravity,0.09959
TMO,63,46,put_call_skew_30d,0.0
TMO,63,46,term_structure_slope,0.0
TMO,63,46,vrp_wedge,0.0
TMO,63,46,iv_atm_z_score,0.026501
TMO,63,46,macro_yield_curve_slope,0.031052
TMO,63,46,macro_hy_spread,0.028179
TMO,63,46,macro_hy_spread_chg_5d,0.0
TMO,63,46,macro_breakeven_5y,0.046003
TMO,63,46,macro_inflation_fwd_5y5y,0.022678
TMO,63,46,macro_inflation_fwd_chg_21d,0.0
TMO,63,46,macro_inflation_fwd_abs_chg_21d,0.0
TMO,63,46,macro_inflation_fwd_chg_63d,0.013615
TMO,63,46,macro_inflation_fwd_zscore,0.010337
TMO,63,46,macro_dollar_ret,0.0
TMO,63,46,beta_spy,0.051428
TMO,63,46,res_vol,0.021865
TMO,63,46,res_vol_vel,0.0
TMO,63,46,price_regime,0.065416
TMO,63,46,corr_sector_21d,0.043184
TMO,63,46,corr_sector_252d,0.037058
TMO,63,46,sector_wedge,0.037267
TMO,63,47,rv_5d,0.037959
TMO,63,47,rv_10d,0.017122
TMO,63,47,rv_21d,0.010885
TMO,63,47,rv_63d,0.037852
TMO,63,47,rv_126d,0.015867
TMO,63,47,ewma_vol,0.008
TMO,63,47,garch_cond_vol,0.050255
TMO,63,47,ret_TARGET,0.0
TMO,63,47,tech_RSI,0.0
TMO,63,47,tech_MACD_hist,0.0
TMO,63,47,ret_VIXY,0.0
TMO,63,47,mom21_VIXY,0.034807
TMO,63,47,ret_HYG,0.0
TMO,63,47,mom21_HYG,0.033277
TMO,63,47,ret_USO,0.0
TMO,63,47,mom21_USO,0.030719
TMO,63,47,ret_TLT,0.0
TMO,63,47,mom21_TLT,0.0
TMO,63,47,ret_UUP,0.0
TMO,63,47,mom21_UUP,0.0
TMO,63,47,ret_SPY,0.0
TMO,63,47,mom21_SPY,0.0
TMO,63,47,vol_vel,0.0
TMO,63,47,vol_of_vol,0.009638
TMO,63,47,vol_regime_zscore,0.008062
TMO,63,47,vol_chg_21d,0.0
TMO,63,47,event_fed_gravity,0.068884
TMO,63,47,event_earn_gravity,0.0
TMO,63,47,event_div_gravity,0.0
TMO,63,47,event_cpi_gravity,0.105495
TMO,63,47,event_nfp_gravity,0.105368
TMO,63,47,put_call_skew_30d,0.0
TMO,63,47,term_structure_slope,0.0
TMO,63,47,vrp_wedge,0.0
TMO,63,47,iv_atm_z_score,0.026649
TMO,63,47,macro_yield_curve_slope,0.027045
TMO,63,47,macro_hy_spread,0.02391
TMO,63,47,macro_hy_spread_chg_5d,0.0
TMO,63,47,macro_breakeven_5y,0.049734
TMO,63,47,macro_inflation_fwd_5y5y,0.026934
TMO,63,47,macro_inflation_fwd_chg_21d,0.0
TMO,63,47,macro_inflation_fwd_abs_chg_21d,0.0
TMO,63,47,macro_inflation_fwd_chg_63d,0.018768
TMO,63,47,macro_inflation_fwd_zscore,0.011824
TMO,63,47,macro_dollar_ret,0.0
TMO,63,47,beta_spy,0.047761
TMO,63,47,res_vol,0.024679
TMO,63,47,res_vol_vel,0.0
TMO,63,47,price_regime,0.055058
TMO,63,47,corr_sector_21d,0.046111
TMO,63,47,corr_sector_252d,0.034948
TMO,63,47,sector_wedge,0.032389
TMO,63,48,rv_5d,0.00929
TMO,63,48,rv_10d,0.0
TMO,63,48,rv_21d,0.0
TMO,63,48,rv_63d,0.033109
TMO,63,48,rv_126d,0.014821
TMO,63,48,ewma_vol,0.039531
TMO,63,48,garch_cond_vol,0.049788
TMO,63,48,ret_TARGET,0.0
TMO,63,48,tech_RSI,0.0
TMO,63,48,tech_MACD_hist,0.0
TMO,63,48,ret_VIXY,0.0
TMO,63,48,mom21_VIXY,0.036846
TMO,63,48,ret_HYG,0.0
TMO,63,48,mom21_HYG,0.030298
TMO,63,48,ret_USO,0.0
TMO,63,48,mom21_USO,0.04324
TMO,63,48,ret_TLT,0.0
TMO,63,48,mom21_TLT,0.0
TMO,63,48,ret_UUP,0.0
TMO,63,48,mom21_UUP,0.0
TMO,63,48,ret_SPY,0.0
TMO,63,48,mom21_SPY,0.0
TMO,63,48,vol_vel,0.0
TMO,63,48,vol_of_vol,0.009608
TMO,63,48,vol_regime_zscore,0.007768
TMO,63,48,vol_chg_21d,0.0
TMO,63,48,event_fed_gravity,0.109255
TMO,63,48,event_earn_gravity,0.0
TMO,63,48,event_div_gravity,0.0
TMO,63,48,event_cpi_gravity,0.089625
TMO,63,48,event_nfp_gravity,0.092833
TMO,63,48,put_call_skew_30d,0.0
TMO,63,48,term_structure_slope,0.0
TMO,63,48,vrp_wedge,0.0
TMO,63,48,iv_atm_z_score,0.021472
TMO,63,48,macro_yield_curve_slope,0.027597
TMO,63,48,macro_hy_spread,0.029852
TMO,63,48,macro_hy_spread_chg_5d,0.0
TMO,63,48,macro_breakeven_5y,0.047033
TMO,63,48,macro_inflation_fwd_5y5y,0.025941
TMO,63,48,macro_inflation_fwd_chg_21d,0.0
TMO,63,48,macro_inflation_fwd_abs_chg_21d,0.0
TMO,63,48,macro_inflation_fwd_chg_63d,0.010431
TMO,63,48,macro_inflation_fwd_zscore,0.011551
TMO,63,48,macro_dollar_ret,0.0
TMO,63,48,beta_spy,0.053215
TMO,63,48,res_vol,0.021367
TMO,63,48,res_vol_vel,0.0
TMO,63,48,price_regime,0.078504
TMO,63,48,corr_sector_21d,0.043937
TMO,63,48,corr_sector_252d,0.028218
TMO,63,48,sector_wedge,0.03487
TMO,63,49,rv_5d,0.0
TMO,63,49,rv_10d,0.009015
TMO,63,49,rv_21d,0.007532
TMO,63,49,rv_63d,0.029061
TMO,63,49,rv_126d,0.015323
TMO,63,49,ewma_vol,0.039849
TMO,63,49,garch_cond_vol,0.040474
TMO,63,49,ret_TARGET,0.0
TMO,63,49,tech_RSI,0.0
TMO,63,49,tech_MACD_hist,0.0
TMO,63,49,ret_VIXY,0.0
TMO,63,49,mom21_VIXY,0.026237
TMO,63,49,ret_HYG,0.0
TMO,63,49,mom21_HYG,0.025198
TMO,63,49,ret_USO,0.0
TMO,63,49,mom21_USO,0.045466
TMO,63,49,ret_TLT,0.0
TMO,63,49,mom21_TLT,0.011759
TMO,63,49,ret_UUP,0.0
TMO,63,49,mom21_UUP,0.0
TMO,63,49,ret_SPY,0.0
TMO,63,49,mom21_SPY,0.0
TMO,63,49,vol_vel,0.0
TMO,63,49,vol_of_vol,0.008
TMO,63,49,vol_regime_zscore,0.011051
TMO,63,49,vol_chg_21d,0.0
TMO,63,49,event_fed_gravity,0.060297
TMO,63,49,event_earn_gravity,0.0
TMO,63,49,event_div_gravity,0.0
TMO,63,49,event_cpi_gravity,0.117934
TMO,63,49,event_nfp_gravity,0.110872
TMO,63,49,put_call_skew_30d,0.0
TMO,63,49,term_structure_slope,0.0
TMO,63,49,vrp_wedge,0.0
TMO,63,49,iv_atm_z_score,0.034167
TMO,63,49,macro_yield_curve_slope,0.025846
TMO,63,49,macro_hy_spread,0.017166
TMO,63,49,macro_hy_spread_chg_5d,0.0
TMO,63,49,macro_breakeven_5y,0.061582
TMO,63,49,macro_inflation_fwd_5y5y,0.026646
TMO,63,49,macro_inflation_fwd_chg_21d,0.012152
TMO,63,49,macro_inflation_fwd_abs_chg_21d,0.0
TMO,63,49,macro_inflation_fwd_chg_63d,0.016603
TMO,63,49,macro_inflation_fwd_zscore,0.009447
TMO,63,49,macro_dollar_ret,0.0
TMO,63,49,beta_spy,0.047702
TMO,63,49,res_vol,0.024663
TMO,63,49,res_vol_vel,0.0
TMO,63,49,price_regime,0.082934
TMO,63,49,corr_sector_21d,0.027289
TMO,63,49,corr_sector_252d,0.024323
TMO,63,49,sector_wedge,0.031412
TMO,63,50,rv_5d,0.00819
TMO,63,50,rv_10d,0.010737
TMO,63,50,rv_21d,0.008132
TMO,63,50,rv_63d,0.032089
TMO,63,50,rv_126d,0.017616
TMO,63,50,ewma_vol,0.036121
TMO,63,50,garch_cond_vol,0.053066
TMO,63,50,ret_TARGET,0.0
TMO,63,50,tech_RSI,0.0
TMO,63,50,tech_MACD_hist,0.0
TMO,63,50,ret_VIXY,0.0
TMO,63,50,mom21_VIXY,0.023864
TMO,63,50,ret_HYG,0.0
TMO,63,50,mom21_HYG,0.029636
TMO,63,50,ret_USO,0.0
TMO,63,50,mom21_USO,0.041125
TMO,63,50,ret_TLT,0.0
TMO,63,50,mom21_TLT,0.0
TMO,63,50,ret_UUP,0.0
TMO,63,50,mom21_UUP,0.0
TMO,63,50,ret_SPY,0.0
TMO,63,50,mom21_SPY,0.0
TMO,63,50,vol_vel,0.0
TMO,63,50,vol_of_vol,0.009261
TMO,63,50,vol_regime_zscore,0.025237
TMO,63,50,vol_chg_21d,0.0
TMO,63,50,event_fed_gravity,0.08128
TMO,63,50,event_earn_gravity,0.0
TMO,63,50,event_div_gravity,0.0
TMO,63,50,event_cpi_gravity,0.099315
TMO,63,50,event_nfp_gravity,0.085639
TMO,63,50,put_call_skew_30d,0.014825
TMO,63,50,term_structure_slope,0.0
TMO,63,50,vrp_wedge,0.0
TMO,63,50,iv_atm_z_score,0.02481
TMO,63,50,macro_yield_curve_slope,0.023269
TMO,63,50,macro_hy_spread,0.01628
TMO,63,50,macro_hy_spread_chg_5d,0.0
TMO,63,50,macro_breakeven_5y,0.055023
TMO,63,50,macro_inflation_fwd_5y5y,0.020924
TMO,63,50,macro_inflation_fwd_chg_21d,0.0
TMO,63,50,macro_inflation_fwd_abs_chg_21d,0.0
TMO,63,50,macro_inflation_fwd_chg_63d,0.018703
TMO,63,50,macro_inflation_fwd_zscore,0.010614
TMO,63,50,macro_dollar_ret,0.0
TMO,63,50,beta_spy,0.035652
TMO,63,50,res_vol,0.02093
TMO,63,50,res_vol_vel,0.0
TMO,63,50,price_regime,0.118223
TMO,63,50,corr_sector_21d,0.017574
TMO,63,50,corr_sector_252d,0.02495
TMO,63,50,sector_wedge,0.036915
TMO,63,51,rv_5d,0.022533
TMO,63,51,rv_10d,0.008834
TMO,63,51,rv_21d,0.010061
TMO,63,51,rv_63d,0.024706
TMO,63,51,rv_126d,0.01952
TMO,63,51,ewma_vol,0.049221
TMO,63,51,garch_cond_vol,0.04921
TMO,63,51,ret_TARGET,0.0
TMO,63,51,tech_RSI,0.0
TMO,63,51,tech_MACD_hist,0.0
TMO,63,51,ret_VIXY,0.0
TMO,63,51,mom21_VIXY,0.022842
TMO,63,51,ret_HYG,0.0
TMO,63,51,mom21_HYG,0.02006
TMO,63,51,ret_USO,0.0
TMO,63,51,mom21_USO,0.038782
TMO,63,51,ret_TLT,0.0
TMO,63,51,mom21_TLT,0.0
TMO,63,51,ret_UUP,0.0
TMO,63,51,mom21_UUP,0.007958
TMO,63,51,ret_SPY,0.0
TMO,63,51,mom21_SPY,0.0
TMO,63,51,vol_vel,0.0
TMO,63,51,vol_of_vol,0.005911
TMO,63,51,vol_regime_zscore,0.029876
TMO,63,51,vol_chg_21d,0.0
TMO,63,51,event_fed_gravity,0.095286
TMO,63,51,event_earn_gravity,0.0
TMO,63,51,event_div_gravity,0.0
TMO,63,51,event_cpi_gravity,0.063516
TMO,63,51,event_nfp_gravity,0.100193
TMO,63,51,put_call_skew_30d,0.018045
TMO,63,51,term_structure_slope,0.0
TMO,63,51,vrp_wedge,0.011382
TMO,63,51,iv_atm_z_score,0.019769
TMO,63,51,macro_yield_curve_slope,0.021164
TMO,63,51,macro_hy_spread,0.020935
TMO,63,51,macro_hy_spread_chg_5d,0.0
TMO,63,51,macro_breakeven_5y,0.049212
TMO,63,51,macro_inflation_fwd_5y5y,0.017613
TMO,63,51,macro_inflation_fwd_chg_21d,0.0
TMO,63,51,macro_inflation_fwd_abs_chg_21d,0.0
TMO,63,51,macro_inflation_fwd_chg_63d,0.018202
TMO,63,51,macro_inflation_fwd_zscore,0.010588
TMO,63,51,macro_dollar_ret,0.0
TMO,63,51,beta_spy,0.034926
TMO,63,51,res_vol,0.022513
TMO,63,51,res_vol_vel,0.0
TMO,63,51,price_regime,0.113746
TMO,63,51,corr_sector_21d,0.00935
TMO,63,51,corr_sector_252d,0.028961
TMO,63,51,sector_wedge,0.035082
TMO,63,52,rv_5d,0.0
TMO,63,52,rv_10d,0.009405
TMO,63,52,rv_21d,0.020335
TMO,63,52,rv_63d,0.027119
TMO,63,52,rv_126d,0.018279
TMO,63,52,ewma_vol,0.041116
TMO,63,52,garch_cond_vol,0.057193
TMO,63,52,ret_TARGET,0.0
TMO,63,52,tech_RSI,0.0
TMO,63,52,tech_MACD_hist,0.0
TMO,63,52,ret_VIXY,0.0
TMO,63,52,mom21_VIXY,0.020205
TMO,63,52,ret_HYG,0.0
TMO,63,52,mom21_HYG,0.025941
TMO,63,52,ret_USO,0.0
TMO,63,52,mom21_USO,0.042033
TMO,63,52,ret_TLT,0.0
TMO,63,52,mom21_TLT,0.0
TMO,63,52,ret_UUP,0.0
TMO,63,52,mom21_UUP,0.0
TMO,63,52,ret_SPY,0.0
TMO,63,52,mom21_SPY,0.007243
TMO,63,52,vol_vel,0.0
TMO,63,52,vol_of_vol,0.009043
TMO,63,52,vol_regime_zscore,0.044187
TMO,63,52,vol_chg_21d,0.0
TMO,63,52,event_fed_gravity,0.06764
TMO,63,52,event_earn_gravity,0.0
TMO,63,52,event_div_gravity,0.0
TMO,63,52,event_cpi_gravity,0.109737
TMO,63,52,event_nfp_gravity,0.099936
TMO,63,52,put_call_skew_30d,0.008362
TMO,63,52,term_structure_slope,0.0
TMO,63,52,vrp_wedge,0.0
TMO,63,52,iv_atm_z_score,0.020724
TMO,63,52,macro_yield_curve_slope,0.016751
TMO,63,52,macro_hy_spread,0.028789
TMO,63,52,macro_hy_spread_chg_5d,0.0
TMO,63,52,macro_breakeven_5y,0.042813
TMO,63,52,macro_inflation_fwd_5y5y,0.018053
TMO,63,52,macro_inflation_fwd_chg_21d,0.007617
TMO,63,52,macro_inflation_fwd_abs_chg_21d,0.0
TMO,63,52,macro_inflation_fwd_chg_63d,0.01872
TMO,63,52,macro_inflation_fwd_zscore,0.01519
TMO,63,52,macro_dollar_ret,0.0
TMO,63,52,beta_spy,0.0351
TMO,63,52,res_vol,0.01843
TMO,63,52,res_vol_vel,0.0
TMO,63,52,price_regime,0.09698
TMO,63,52,corr_sector_21d,0.006296
TMO,63,52,corr_sector_252d,0.028551
TMO,63,52,sector_wedge,0.038214
TMO,63,53,rv_5d,0.017486
TMO,63,53,rv_10d,0.0
TMO,63,53,rv_21d,0.012255
TMO,63,53,rv_63d,0.024329
TMO,63,53,rv_126d,0.01945
TMO,63,53,ewma_vol,0.051569
TMO,63,53,garch_cond_vol,0.061896
TMO,63,53,ret_TARGET,0.0
TMO,63,53,tech_RSI,0.0
TMO,63,53,tech_MACD_hist,0.0
TMO,63,53,ret_VIXY,0.0
TMO,63,53,mom21_VIXY,0.026017
TMO,63,53,ret_HYG,0.0
TMO,63,53,mom21_HYG,0.031431
TMO,63,53,ret_USO,0.0
TMO,63,53,mom21_USO,0.031635
TMO,63,53,ret_TLT,0.0
TMO,63,53,mom21_TLT,0.006443
TMO,63,53,ret_UUP,0.0
TMO,63,53,mom21_UUP,0.0
TMO,63,53,ret_SPY,0.0
TMO,63,53,mom21_SPY,0.0
TMO,63,53,vol_vel,0.0
TMO,63,53,vol_of_vol,0.011303
TMO,63,53,vol_regime_zscore,0.055007
TMO,63,53,vol_chg_21d,0.0
TMO,63,53,event_fed_gravity,0.115209
TMO,63,53,event_earn_gravity,0.0
TMO,63,53,event_div_gravity,0.0
TMO,63,53,event_cpi_gravity,0.078036
TMO,63,53,event_nfp_gravity,0.09983
TMO,63,53,put_call_skew_30d,0.0
TMO,63,53,term_structure_slope,0.0
TMO,63,53,vrp_wedge,0.0
TMO,63,53,iv_atm_z_score,0.019913
TMO,63,53,macro_yield_curve_slope,0.018372
TMO,63,53,macro_hy_spread,0.027033
TMO,63,53,macro_hy_spread_chg_5d,0.0
TMO,63,53,macro_breakeven_5y,0.035903
TMO,63,53,macro_inflation_fwd_5y5y,0.018893
TMO,63,53,macro_inflation_fwd_chg_21d,0.0
TMO,63,53,macro_inflation_fwd_abs_chg_21d,0.007664
TMO,63,53,macro_inflation_fwd_chg_63d,0.01687
TMO,63,53,macro_inflation_fwd_zscore,0.014595
TMO,63,53,macro_dollar_ret,0.0
TMO,63,53,beta_spy,0.036687
TMO,63,53,res_vol,0.023816
TMO,63,53,res_vol_vel,0.0
TMO,63,53,price_regime,0.060012
TMO,63,53,corr_sector_21d,0.007728
TMO,63,53,corr_sector_252d,0.028934
TMO,63,53,sector_wedge,0.041684
TMO,63,54,rv_5d,0.0
TMO,63,54,rv_10d,0.0
TMO,63,54,rv_21d,0.03181
TMO,63,54,rv_63d,0.02824
TMO,63,54,rv_126d,0.017839
TMO,63,54,ewma_vol,0.049491
TMO,63,54,garch_cond_vol,0.056687
TMO,63,54,ret_TARGET,0.0
TMO,63,54,tech_RSI,0.0
TMO,63,54,tech_MACD_hist,0.0
TMO,63,54,ret_VIXY,0.0
TMO,63,54,mom21_VIXY,0.022205
TMO,63,54,ret_HYG,0.0
TMO,63,54,mom21_HYG,0.031285
TMO,63,54,ret_USO,0.0
TMO,63,54,mom21_USO,0.030548
TMO,63,54,ret_TLT,0.0
TMO,63,54,mom21_TLT,0.009176
TMO,63,54,ret_UUP,0.0
TMO,63,54,mom21_UUP,0.008083
TMO,63,54,ret_SPY,0.0
TMO,63,54,mom21_SPY,0.0
TMO,63,54,vol_vel,0.0
TMO,63,54,vol_of_vol,0.010398
TMO,63,54,vol_regime_zscore,0.051545
TMO,63,54,vol_chg_21d,0.0
TMO,63,54,event_fed_gravity,0.096542
TMO,63,54,event_earn_gravity,0.0
TMO,63,54,event_div_gravity,0.0
TMO,63,54,event_cpi_gravity,0.092174
TMO,63,54,event_nfp_gravity,0.082621
TMO,63,54,put_call_skew_30d,0.012042
TMO,63,54,term_structure_slope,0.0
TMO,63,54,vrp_wedge,0.0
TMO,63,54,iv_atm_z_score,0.025667
TMO,63,54,macro_yield_curve_slope,0.018329
TMO,63,54,macro_hy_spread,0.029102
TMO,63,54,macro_hy_spread_chg_5d,0.0
TMO,63,54,macro_breakeven_5y,0.033321
TMO,63,54,macro_inflation_fwd_5y5y,0.019604
TMO,63,54,macro_inflation_fwd_chg_21d,0.0
TMO,63,54,macro_inflation_fwd_abs_chg_21d,0.0
TMO,63,54,macro_inflation_fwd_chg_63d,0.020134
TMO,63,54,macro_inflation_fwd_zscore,0.013392
TMO,63,54,macro_dollar_ret,0.0
TMO,63,54,beta_spy,0.035018
TMO,63,54,res_vol,0.020839
TMO,63,54,res_vol_vel,0.0
TMO,63,54,price_regime,0.082619
TMO,63,54,corr_sector_21d,0.00645
TMO,63,54,corr_sector_252d,0.025948
TMO,63,54,sector_wedge,0.038894
TMO,63,55,rv_5d,0.023739
TMO,63,55,rv_10d,0.0
TMO,63,55,rv_21d,0.0
TMO,63,55,rv_63d,0.024834
TMO,63,55,rv_126d,0.018312
TMO,63,55,ewma_vol,0.045891
TMO,63,55,garch_cond_vol,0.059543
TMO,63,55,ret_TARGET,0.0
TMO,63,55,tech_RSI,0.0
TMO,63,55,tech_MACD_hist,0.0
TMO,63,55,ret_VIXY,0.0
TMO,63,55,mom21_VIXY,0.0277
TMO,63,55,ret_HYG,0.0
TMO,63,55,mom21_HYG,0.029314
TMO,63,55,ret_USO,0.0
TMO,63,55,mom21_USO,0.028988
TMO,63,55,ret_TLT,0.0
TMO,63,55,mom21_TLT,0.006179
TMO,63,55,ret_UUP,0.0
TMO,63,55,mom21_UUP,0.008349
TMO,63,55,ret_SPY,0.0
TMO,63,55,mom21_SPY,0.0
TMO,63,55,vol_vel,0.0
TMO,63,55,vol_of_vol,0.009725
TMO,63,55,vol_regime_zscore,0.050875
TMO,63,55,vol_chg_21d,0.0
TMO,63,55,event_fed_gravity,0.094809
TMO,63,55,event_earn_gravity,0.0
TMO,63,55,event_div_gravity,0.0
TMO,63,55,event_cpi_gravity,0.105377
TMO,63,55,event_nfp_gravity,0.071332
TMO,63,55,put_call_skew_30d,0.0
TMO,63,55,term_structure_slope,0.0
TMO,63,55,vrp_wedge,0.0
TMO,63,55,iv_atm_z_score,0.020052
TMO,63,55,macro_yield_curve_slope,0.016543
TMO,63,55,macro_hy_spread,0.026438
TMO,63,55,macro_hy_spread_chg_5d,0.0
TMO,63,55,macro_breakeven_5y,0.043087
TMO,63,55,macro_inflation_fwd_5y5y,0.023474
TMO,63,55,macro_inflation_fwd_chg_21d,0.008024
TMO,63,55,macro_inflation_fwd_abs_chg_21d,0.00723
TMO,63,55,macro_inflation_fwd_chg_63d,0.020976
TMO,63,55,macro_inflation_fwd_zscore,0.014022
TMO,63,55,macro_dollar_ret,0.0
TMO,63,55,beta_spy,0.039251
TMO,63,55,res_vol,0.018406
TMO,63,55,res_vol_vel,0.0
TMO,63,55,price_regime,0.075531
TMO,63,55,corr_sector_21d,0.01774
TMO,63,55,corr_sector_252d,0.028127
TMO,63,55,sector_wedge,0.036133
TMO,63,56,rv_5d,0.017417
TMO,63,56,rv_10d,0.0
TMO,63,56,rv_21d,0.018671
TMO,63,56,rv_63d,0.022392
TMO,63,56,rv_126d,0.01683
TMO,63,56,ewma_vol,0.038436
TMO,63,56,garch_cond_vol,0.059566
TMO,63,56,ret_TARGET,0.0
TMO,63,56,tech_RSI,0.0
TMO,63,56,tech_MACD_hist,0.0
TMO,63,56,ret_VIXY,0.0
TMO,63,56,mom21_VIXY,0.034422
TMO,63,56,ret_HYG,0.0
TMO,63,56,mom21_HYG,0.028156
TMO,63,56,ret_USO,0.0
TMO,63,56,mom21_USO,0.030559
TMO,63,56,ret_TLT,0.0
TMO,63,56,mom21_TLT,0.0
TMO,63,56,ret_UUP,0.0
TMO,63,56,mom21_UUP,0.008421
TMO,63,56,ret_SPY,0.0
TMO,63,56,mom21_SPY,0.0
TMO,63,56,vol_vel,0.0
TMO,63,56,vol_of_vol,0.007849
TMO,63,56,vol_regime_zscore,0.055278
TMO,63,56,vol_chg_21d,0.0
TMO,63,56,event_fed_gravity,0.078799
TMO,63,56,event_earn_gravity,0.0
TMO,63,56,event_div_gravity,0.0
TMO,63,56,event_cpi_gravity,0.102665
TMO,63,56,event_nfp_gravity,0.096017
TMO,63,56,put_call_skew_30d,0.0
TMO,63,56,term_structure_slope,0.0
TMO,63,56,vrp_wedge,0.0
TMO,63,56,iv_atm_z_score,0.024861
TMO,63,56,macro_yield_curve_slope,0.017608
TMO,63,56,macro_hy_spread,0.033363
TMO,63,56,macro_hy_spread_chg_5d,0.0
TMO,63,56,macro_breakeven_5y,0.038171
TMO,63,56,macro_inflation_fwd_5y5y,0.023506
TMO,63,56,macro_inflation_fwd_chg_21d,0.0
TMO,63,56,macro_inflation_fwd_abs_chg_21d,0.0
TMO,63,56,macro_inflation_fwd_chg_63d,0.010987
TMO,63,56,macro_inflation_fwd_zscore,0.023503
TMO,63,56,macro_dollar_ret,0.0
TMO,63,56,beta_spy,0.037421
TMO,63,56,res_vol,0.020082
TMO,63,56,res_vol_vel,0.0
TMO,63,56,price_regime,0.058382
TMO,63,56,corr_sector_21d,0.02092
TMO,63,56,corr_sector_252d,0.030122
TMO,63,56,sector_wedge,0.045599
TMO,63,57,rv_5d,0.007348
TMO,63,57,rv_10d,0.010937
TMO,63,57,rv_21d,0.018996
TMO,63,57,rv_63d,0.021126
TMO,63,57,rv_126d,0.01761
TMO,63,57,ewma_vol,0.041991
TMO,63,57,garch_cond_vol,0.054406
TMO,63,57,ret_TARGET,0.0
TMO,63,57,tech_RSI,0.0
TMO,63,57,tech_MACD_hist,0.0
TMO,63,57,ret_VIXY,0.0
TMO,63,57,mom21_VIXY,0.024816
TMO,63,57,ret_HYG,0.0
TMO,63,57,mom21_HYG,0.024441
TMO,63,57,ret_USO,0.0
TMO,63,57,mom21_USO,0.026356
TMO,63,57,ret_TLT,0.0
TMO,63,57,mom21_TLT,0.0
TMO,63,57,ret_UUP,0.0
TMO,63,57,mom21_UUP,0.0
TMO,63,57,ret_SPY,0.0
TMO,63,57,mom21_SPY,0.0
TMO,63,57,vol_vel,0.0
TMO,63,57,vol_of_vol,0.006512
TMO,63,57,vol_regime_zscore,0.053295
TMO,63,57,vol_chg_21d,0.0
TMO,63,57,event_fed_gravity,0.085865
TMO,63,57,event_earn_gravity,0.0
TMO,63,57,event_div_gravity,0.0
TMO,63,57,event_cpi_gravity,0.064974
TMO,63,57,event_nfp_gravity,0.122006
TMO,63,57,put_call_skew_30d,0.015267
TMO,63,57,term_structure_slope,0.0
TMO,63,57,vrp_wedge,0.0
TMO,63,57,iv_atm_z_score,0.020499
TMO,63,57,macro_yield_curve_slope,0.021545
TMO,63,57,macro_hy_spread,0.026614
TMO,63,57,macro_hy_spread_chg_5d,0.0
TMO,63,57,macro_breakeven_5y,0.044544
TMO,63,57,macro_inflation_fwd_5y5y,0.022884
TMO,63,57,macro_inflation_fwd_chg_21d,0.007441
TMO,63,57,macro_inflation_fwd_abs_chg_21d,0.0
TMO,63,57,macro_inflation_fwd_chg_63d,0.019153
TMO,63,57,macro_inflation_fwd_zscore,0.02332
TMO,63,57,macro_dollar_ret,0.0
TMO,63,57,beta_spy,0.031012
TMO,63,57,res_vol,0.017078
TMO,63,57,res_vol_vel,0.0
TMO,63,57,price_regime,0.093137
TMO,63,57,corr_sector_21d,0.009466
TMO,63,57,corr_sector_252d,0.031388
TMO,63,57,sector_wedge,0.035972
TMO,63,58,rv_5d,0.023706
TMO,63,58,rv_10d,0.008705
TMO,63,58,rv_21d,0.014769
TMO,63,58,rv_63d,0.022932
TMO,63,58,rv_126d,0.016552
TMO,63,58,ewma_vol,0.031528
TMO,63,58,garch_cond_vol,0.052915
TMO,63,58,ret_TARGET,0.0
TMO,63,58,tech_RSI,0.0
TMO,63,58,tech_MACD_hist,0.00877
TMO,63,58,ret_VIXY,0.0
TMO,63,58,mom21_VIXY,0.017976
TMO,63,58,ret_HYG,0.0
TMO,63,58,mom21_HYG,0.025002
TMO,63,58,ret_USO,0.0
TMO,63,58,mom21_USO,0.029867
TMO,63,58,ret_TLT,0.0
TMO,63,58,mom21_TLT,0.0
TMO,63,58,ret_UUP,0.0
TMO,63,58,mom21_UUP,0.01118
TMO,63,58,ret_SPY,0.0
TMO,63,58,mom21_SPY,0.009978
TMO,63,58,vol_vel,0.0
TMO,63,58,vol_of_vol,0.009194
TMO,63,58,vol_regime_zscore,0.048888
TMO,63,58,vol_chg_21d,0.0
TMO,63,58,event_fed_gravity,0.068604
TMO,63,58,event_earn_gravity,0.0
TMO,63,58,event_div_gravity,0.0
TMO,63,58,event_cpi_gravity,0.124192
TMO,63,58,event_nfp_gravity,0.097419
TMO,63,58,put_call_skew_30d,0.010904
TMO,63,58,term_structure_slope,0.0
TMO,63,58,vrp_wedge,0.0
TMO,63,58,iv_atm_z_score,0.022041
TMO,63,58,macro_yield_curve_slope,0.019786
TMO,63,58,macro_hy_spread,0.029829
TMO,63,58,macro_hy_spread_chg_5d,0.0
TMO,63,58,macro_breakeven_5y,0.039907
TMO,63,58,macro_inflation_fwd_5y5y,0.019156
TMO,63,58,macro_inflation_fwd_chg_21d,0.0
TMO,63,58,macro_inflation_fwd_abs_chg_21d,0.0
TMO,63,58,macro_inflation_fwd_chg_63d,0.01204
TMO,63,58,macro_inflation_fwd_zscore,0.012376
TMO,63,58,macro_dollar_ret,0.0
TMO,63,58,beta_spy,0.029492
TMO,63,58,res_vol,0.015469
TMO,63,58,res_vol_vel,0.0
TMO,63,58,price_regime,0.083415
TMO,63,58,corr_sector_21d,0.018766
TMO,63,58,corr_sector_252d,0.027264
TMO,63,58,sector_wedge,0.037378
TMO,63,59,rv_5d,0.028999
TMO,63,59,rv_10d,0.012635
TMO,63,59,rv_21d,0.018782
TMO,63,59,rv_63d,0.020598
TMO,63,59,rv_126d,0.015076
TMO,63,59,ewma_vol,0.018974
TMO,63,59,garch_cond_vol,0.060317
TMO,63,59,ret_TARGET,0.0
TMO,63,59,tech_RSI,0.0
TMO,63,59,tech_MACD_hist,0.0
TMO,63,59,ret_VIXY,0.0
TMO,63,59,mom21_VIXY,0.049881
TMO,63,59,ret_HYG,0.0
TMO,63,59,mom21_HYG,0.026605
TMO,63,59,ret_USO,0.0
TMO,63,59,mom21_USO,0.027286
TMO,63,59,ret_TLT,0.0
TMO,63,59,mom21_TLT,0.006028
TMO,63,59,ret_UUP,0.0
TMO,63,59,mom21_UUP,0.0
TMO,63,59,ret_SPY,0.0
TMO,63,59,mom21_SPY,0.0
TMO,63,59,vol_vel,0.0
TMO,63,59,vol_of_vol,0.008832
TMO,63,59,vol_regime_zscore,0.056946
TMO,63,59,vol_chg_21d,0.0
TMO,63,59,event_fed_gravity,0.090672
TMO,63,59,event_earn_gravity,0.0
TMO,63,59,event_div_gravity,0.0
TMO,63,59,event_cpi_gravity,0.100749
TMO,63,59,event_nfp_gravity,0.104492
TMO,63,59,put_call_skew_30d,0.010584
TMO,63,59,term_structure_slope,0.0
TMO,63,59,vrp_wedge,0.0
TMO,63,59,iv_atm_z_score,0.023468
TMO,63,59,macro_yield_curve_slope,0.020437
TMO,63,59,macro_hy_spread,0.027059
TMO,63,59,macro_hy_spread_chg_5d,0.0
TMO,63,59,macro_breakeven_5y,0.04224
TMO,63,59,macro_inflation_fwd_5y5y,0.019186
TMO,63,59,macro_inflation_fwd_chg_21d,0.0
TMO,63,59,macro_inflation_fwd_abs_chg_21d,0.0
TMO,63,59,macro_inflation_fwd_chg_63d,0.019269
TMO,63,59,macro_inflation_fwd_zscore,0.006727
TMO,63,59,macro_dollar_ret,0.0
TMO,63,59,beta_spy,0.038642
TMO,63,59,res_vol,0.017214
TMO,63,59,res_vol_vel,0.0
TMO,63,59,price_regime,0.058948
TMO,63,59,corr_sector_21d,0.009304
TMO,63,59,corr_sector_252d,0.02942
TMO,63,59,sector_wedge,0.030629
TMO,63,60,rv_5d,0.03261
TMO,63,60,rv_10d,0.014224
TMO,63,60,rv_21d,0.012839
TMO,63,60,rv_63d,0.020657
TMO,63,60,rv_126d,0.015907
TMO,63,60,ewma_vol,0.021192
TMO,63,60,garch_cond_vol,0.023561
TMO,63,60,ret_TARGET,0.0
TMO,63,60,tech_RSI,0.0
TMO,63,60,tech_MACD_hist,0.0
TMO,63,60,ret_VIXY,0.0
TMO,63,60,mom21_VIXY,0.044179
TMO,63,60,ret_HYG,0.0
TMO,63,60,mom21_HYG,0.030797
TMO,63,60,ret_USO,0.0
TMO,63,60,mom21_USO,0.022179
TMO,63,60,ret_TLT,0.0
TMO,63,60,mom21_TLT,0.011664
TMO,63,60,ret_UUP,0.0
TMO,63,60,mom21_UUP,0.0
TMO,63,60,ret_SPY,0.0
TMO,63,60,mom21_SPY,0.007928
TMO,63,60,vol_vel,0.0
TMO,63,60,vol_of_vol,0.006981
TMO,63,60,vol_regime_zscore,0.049124
TMO,63,60,vol_chg_21d,0.0
TMO,63,60,event_fed_gravity,0.100051
TMO,63,60,event_earn_gravity,0.0
TMO,63,60,event_div_gravity,0.0
TMO,63,60,event_cpi_gravity,0.091406
TMO,63,60,event_nfp_gravity,0.089783
TMO,63,60,put_call_skew_30d,0.0
TMO,63,60,term_structure_slope,0.0
TMO,63,60,vrp_wedge,0.00604
TMO,63,60,iv_atm_z_score,0.032311
TMO,63,60,macro_yield_curve_slope,0.023602
TMO,63,60,macro_hy_spread,0.031715
TMO,63,60,macro_hy_spread_chg_5d,0.0
TMO,63,60,macro_breakeven_5y,0.036758
TMO,63,60,macro_inflation_fwd_5y5y,0.021721
TMO,63,60,macro_inflation_fwd_chg_21d,0.0
TMO,63,60,macro_inflation_fwd_abs_chg_21d,0.0
TMO,63,60,macro_inflation_fwd_chg_63d,0.023606
TMO,63,60,macro_inflation_fwd_zscore,0.009923
TMO,63,60,macro_dollar_ret,0.0
TMO,63,60,beta_spy,0.040198
TMO,63,60,res_vol,0.016736
TMO,63,60,res_vol_vel,0.0
TMO,63,60,price_regime,0.087982
TMO,63,60,corr_sector_21d,0.013487
TMO,63,60,corr_sector_252d,0.030683
TMO,63,60,sector_wedge,0.030155
TMO,63,61,rv_5d,0.042647
TMO,63,61,rv_10d,0.014574
TMO,63,61,rv_21d,0.010019
TMO,63,61,rv_63d,0.020406
TMO,63,61,rv_126d,0.023861
TMO,63,61,ewma_vol,0.023465
TMO,63,61,garch_cond_vol,0.021551
TMO,63,61,ret_TARGET,0.0
TMO,63,61,tech_RSI,0.0
TMO,63,61,tech_MACD_hist,0.0
TMO,63,61,ret_VIXY,0.0
TMO,63,61,mom21_VIXY,0.0583
TMO,63,61,ret_HYG,0.0
TMO,63,61,mom21_HYG,0.035037
TMO,63,61,ret_USO,0.0
TMO,63,61,mom21_USO,0.02119
TMO,63,61,ret_TLT,0.0
TMO,63,61,mom21_TLT,0.016479
TMO,63,61,ret_UUP,0.0
TMO,63,61,mom21_UUP,0.0
TMO,63,61,ret_SPY,0.0
TMO,63,61,mom21_SPY,0.0
TMO,63,61,vol_vel,0.0
TMO,63,61,vol_of_vol,0.01071
TMO,63,61,vol_regime_zscore,0.054185
TMO,63,61,vol_chg_21d,0.024496
TMO,63,61,event_fed_gravity,0.091372
TMO,63,61,event_earn_gravity,0.0
TMO,63,61,event_div_gravity,0.0
TMO,63,61,event_cpi_gravity,0.107631
TMO,63,61,event_nfp_gravity,0.082838
TMO,63,61,put_call_skew_30d,0.0
TMO,63,61,term_structure_slope,0.0
TMO,63,61,vrp_wedge,0.005814
TMO,63,61,iv_atm_z_score,0.029925
TMO,63,61,macro_yield_curve_slope,0.028657
TMO,63,61,macro_hy_spread,0.03577
TMO,63,61,macro_hy_spread_chg_5d,0.0
TMO,63,61,macro_breakeven_5y,0.022194
TMO,63,61,macro_inflation_fwd_5y5y,0.018419
TMO,63,61,macro_inflation_fwd_chg_21d,0.0
TMO,63,61,macro_inflation_fwd_abs_chg_21d,0.0
TMO,63,61,macro_inflation_fwd_chg_63d,0.016124
TMO,63,61,macro_inflation_fwd_zscore,0.012424
TMO,63,61,macro_dollar_ret,0.0
TMO,63,61,beta_spy,0.036376
TMO,63,61,res_vol,0.015461
TMO,63,61,res_vol_vel,0.007307
TMO,63,61,price_regime,0.036398
TMO,63,61,corr_sector_21d,0.012123
TMO,63,61,corr_sector_252d,0.030535
TMO,63,61,sector_wedge,0.033708
TMO,63,62,rv_5d,0.0
TMO,63,62,rv_10d,0.0
TMO,63,62,rv_21d,0.012376
TMO,63,62,rv_63d,0.017576
TMO,63,62,rv_126d,0.022996
TMO,63,62,ewma_vol,0.037904
TMO,63,62,garch_cond_vol,0.036033
TMO,63,62,ret_TARGET,0.0
TMO,63,62,tech_RSI,0.006867
TMO,63,62,tech_MACD_hist,0.0
TMO,63,62,ret_VIXY,0.0
TMO,63,62,mom21_VIXY,0.046143
TMO,63,62,ret_HYG,0.0
TMO,63,62,mom21_HYG,0.038353
TMO,63,62,ret_USO,0.0
TMO,63,62,mom21_USO,0.027789
TMO,63,62,ret_TLT,0.0
TMO,63,62,mom21_TLT,0.02118
TMO,63,62,ret_UUP,0.0
TMO,63,62,mom21_UUP,0.0
TMO,63,62,ret_SPY,0.0
TMO,63,62,mom21_SPY,0.0
TMO,63,62,vol_vel,0.0
TMO,63,62,vol_of_vol,0.010099
TMO,63,62,vol_regime_zscore,0.066013
TMO,63,62,vol_chg_21d,0.028757
TMO,63,62,event_fed_gravity,0.076439
TMO,63,62,event_earn_gravity,0.0
TMO,63,62,event_div_gravity,0.0
TMO,63,62,event_cpi_gravity,0.106862
TMO,63,62,event_nfp_gravity,0.109473
TMO,63,62,put_call_skew_30d,0.009333
TMO,63,62,term_structure_slope,0.0
TMO,63,62,vrp_wedge,0.0
TMO,63,62,iv_atm_z_score,0.029569
TMO,63,62,macro_yield_curve_slope,0.035562
TMO,63,62,macro_hy_spread,0.027731
TMO,63,62,macro_hy_spread_chg_5d,0.0
TMO,63,62,macro_breakeven_5y,0.0249
TMO,63,62,macro_inflation_fwd_5y5y,0.020916
TMO,63,62,macro_inflation_fwd_chg_21d,0.0
TMO,63,62,macro_inflation_fwd_abs_chg_21d,0.0
TMO,63,62,macro_inflation_fwd_chg_63d,0.016064
TMO,63,62,macro_inflation_fwd_zscore,0.012658
TMO,63,62,macro_dollar_ret,0.0
TMO,63,62,beta_spy,0.043156
TMO,63,62,res_vol,0.017779
TMO,63,62,res_vol_vel,0.007918
TMO,63,62,price_regime,0.0
TMO,63,62,corr_sector_21d,0.01778
TMO,63,62,corr_sector_252d,0.035477
TMO,63,62,sector_wedge,0.036298
TMO,63,63,rv_5d,0.041534
TMO,63,63,rv_10d,0.0
TMO,63,63,rv_21d,0.009389
TMO,63,63,rv_63d,0.019021
TMO,63,63,rv_126d,0.020423
TMO,63,63,ewma_vol,0.046148
TMO,63,63,garch_cond_vol,0.033334
TMO,63,63,ret_TARGET,0.0
TMO,63,63,tech_RSI,0.0
TMO,63,63,tech_MACD_hist,0.0
TMO,63,63,ret_VIXY,0.0
TMO,63,63,mom21_VIXY,0.058628
TMO,63,63,ret_HYG,0.0
TMO,63,63,mom21_HYG,0.030263
TMO,63,63,ret_USO,0.0
TMO,63,63,mom21_USO,0.028234
TMO,63,63,ret_TLT,0.0
TMO,63,63,mom21_TLT,0.017931
TMO,63,63,ret_UUP,0.0
TMO,63,63,mom21_UUP,0.0
TMO,63,63,ret_SPY,0.0
TMO,63,63,mom21_SPY,0.065195
TMO,63,63,vol_vel,0.0
TMO,63,63,vol_of_vol,0.008176
TMO,63,63,vol_regime_zscore,0.059507
TMO,63,63,vol_chg_21d,0.024558
TMO,63,63,event_fed_gravity,0.100438
TMO,63,63,event_earn_gravity,0.0
TMO,63,63,event_div_gravity,0.0
TMO,63,63,event_cpi_gravity,0.074589
TMO,63,63,event_nfp_gravity,0.076254
TMO,63,63,put_call_skew_30d,0.008905
TMO,63,63,term_structure_slope,0.0
TMO,63,63,vrp_wedge,0.0
TMO,63,63,iv_atm_z_score,0.023164
TMO,63,63,macro_yield_curve_slope,0.030032
TMO,63,63,macro_hy_spread,0.029141
TMO,63,63,macro_hy_spread_chg_5d,0.0
TMO,63,63,macro_breakeven_5y,0.018175
TMO,63,63,macro_inflation_fwd_5y5y,0.02174
TMO,63,63,macro_inflation_fwd_chg_21d,0.0
TMO,63,63,macro_inflation_fwd_abs_chg_21d,0.0
TMO,63,63,macro_inflation_fwd_chg_63d,0.015506
TMO,63,63,macro_inflation_fwd_zscore,0.011473
TMO,63,63,macro_dollar_ret,0.0
TMO,63,63,beta_spy,0.037344
TMO,63,63,res_vol,0.016098
TMO,63,63,res_vol_vel,0.0
TMO,63,63,price_regime,0.0
TMO,63,63,corr_sector_21d,0.016948
TMO,63,63,corr_sector_252d,0.030594
TMO,63,63,sector_wedge,0.027258
TMO,63,64,rv_5d,0.0
TMO,63,64,rv_10d,0.0
TMO,63,64,rv_21d,0.008334
TMO,63,64,rv_63d,0.020205
TMO,63,64,rv_126d,0.022323
TMO,63,64,ewma_vol,0.055048
TMO,63,64,garch_cond_vol,0.037455
TMO,63,64,ret_TARGET,0.0
TMO,63,64,tech_RSI,0.0
TMO,63,64,tech_MACD_hist,0.0
TMO,63,64,ret_VIXY,0.0
TMO,63,64,mom21_VIXY,0.059332
TMO,63,64,ret_HYG,0.0
TMO,63,64,mom21_HYG,0.034785
TMO,63,64,ret_USO,0.0
TMO,63,64,mom21_USO,0.031906
TMO,63,64,ret_TLT,0.0
TMO,63,64,mom21_TLT,0.019252
TMO,63,64,ret_UUP,0.0
TMO,63,64,mom21_UUP,0.008378
TMO,63,64,ret_SPY,0.0
TMO,63,64,mom21_SPY,0.02459
TMO,63,64,vol_vel,0.0
TMO,63,64,vol_of_vol,0.012473
TMO,63,64,vol_regime_zscore,0.059066
TMO,63,64,vol_chg_21d,0.011888
TMO,63,64,event_fed_gravity,0.068371
TMO,63,64,event_earn_gravity,0.0
TMO,63,64,event_div_gravity,0.0
TMO,63,64,event_cpi_gravity,0.107276
TMO,63,64,event_nfp_gravity,0.082328
TMO,63,64,put_call_skew_30d,0.0
TMO,63,64,term_structure_slope,0.0
TMO,63,64,vrp_wedge,0.0
TMO,63,64,iv_atm_z_score,0.031689
TMO,63,64,macro_yield_curve_slope,0.03631
TMO,63,64,macro_hy_spread,0.028461
TMO,63,64,macro_hy_spread_chg_5d,0.0
TMO,63,64,macro_breakeven_5y,0.018424
TMO,63,64,macro_inflation_fwd_5y5y,0.023903
TMO,63,64,macro_inflation_fwd_chg_21d,0.0
TMO,63,64,macro_inflation_fwd_abs_chg_21d,0.0
TMO,63,64,macro_inflation_fwd_chg_63d,0.016611
TMO,63,64,macro_inflation_fwd_zscore,0.011927
TMO,63,64,macro_dollar_ret,0.0
TMO,63,64,beta_spy,0.044468
TMO,63,64,res_vol,0.020221
TMO,63,64,res_vol_vel,0.008816
TMO,63,64,price_regime,0.010411
TMO,63,64,corr_sector_21d,0.020842
TMO,63,64,corr_sector_252d,0.03094
TMO,63,64,sector_wedge,0.033966
TMO,63,65,rv_5d,0.051592
TMO,63,65,rv_10d,0.015058
TMO,63,65,rv_21d,0.018604
TMO,63,65,rv_63d,0.018577
TMO,63,65,rv_126d,0.02044
TMO,63,65,ewma_vol,0.04615
TMO,63,65,garch_cond_vol,0.0169
TMO,63,65,ret_TARGET,0.0
TMO,63,65,tech_RSI,0.0
TMO,63,65,tech_MACD_hist,0.0
TMO,63,65,ret_VIXY,0.0
TMO,63,65,mom21_VIXY,0.061795
TMO,63,65,ret_HYG,0.0
TMO,63,65,mom21_HYG,0.02813
TMO,63,65,ret_USO,0.0
TMO,63,65,mom21_USO,0.024145
TMO,63,65,ret_TLT,0.0
TMO,63,65,mom21_TLT,0.010948
TMO,63,65,ret_UUP,0.0
TMO,63,65,mom21_UUP,0.007289
TMO,63,65,ret_SPY,0.0
TMO,63,65,mom21_SPY,0.006709
TMO,63,65,vol_vel,0.0
TMO,63,65,vol_of_vol,0.0114
TMO,63,65,vol_regime_zscore,0.059446
TMO,63,65,vol_chg_21d,0.010051
TMO,63,65,event_fed_gravity,0.110031
TMO,63,65,event_earn_gravity,0.0
TMO,63,65,event_div_gravity,0.0
TMO,63,65,event_cpi_gravity,0.080523
TMO,63,65,event_nfp_gravity,0.062054
TMO,63,65,put_call_skew_30d,0.00939
TMO,63,65,term_structure_slope,0.008275
TMO,63,65,vrp_wedge,0.010727
TMO,63,65,iv_atm_z_score,0.023743
TMO,63,65,macro_yield_curve_slope,0.033511
TMO,63,65,macro_hy_spread,0.024711
TMO,63,65,macro_hy_spread_chg_5d,0.005389
TMO,63,65,macro_breakeven_5y,0.019896
TMO,63,65,macro_inflation_fwd_5y5y,0.021372
TMO,63,65,macro_inflation_fwd_chg_21d,0.005482
TMO,63,65,macro_inflation_fwd_abs_chg_21d,0.0
TMO,63,65,macro_inflation_fwd_chg_63d,0.014693
TMO,63,65,macro_inflation_fwd_zscore,0.012066
TMO,63,65,macro_dollar_ret,0.0
TMO,63,65,beta_spy,0.0421
TMO,63,65,res_vol,0.016082
TMO,63,65,res_vol_vel,0.008384
TMO,63,65,price_regime,0.009947
TMO,63,65,corr_sector_21d,0.020258
TMO,63,65,corr_sector_252d,0.029702
TMO,63,65,sector_wedge,0.024432
TMO,63,66,rv_5d,0.0
TMO,63,66,rv_10d,0.0
TMO,63,66,rv_21d,0.01088
TMO,63,66,rv_63d,0.019286
TMO,63,66,rv_126d,0.020011
TMO,63,66,ewma_vol,0.052074
TMO,63,66,garch_cond_vol,0.040997
TMO,63,66,ret_TARGET,0.0
TMO,63,66,tech_RSI,0.0
TMO,63,66,tech_MACD_hist,0.0
TMO,63,66,ret_VIXY,0.0
TMO,63,66,mom21_VIXY,0.046123
TMO,63,66,ret_HYG,0.0
TMO,63,66,mom21_HYG,0.032557
TMO,63,66,ret_USO,0.0
TMO,63,66,mom21_USO,0.023411
TMO,63,66,ret_TLT,0.0
TMO,63,66,mom21_TLT,0.014984
TMO,63,66,ret_UUP,0.0
TMO,63,66,mom21_UUP,0.00862
TMO,63,66,ret_SPY,0.0
TMO,63,66,mom21_SPY,0.008615
TMO,63,66,vol_vel,0.0
TMO,63,66,vol_of_vol,0.010041
TMO,63,66,vol_regime_zscore,0.054472
TMO,63,66,vol_chg_21d,0.0
TMO,63,66,event_fed_gravity,0.058839
TMO,63,66,event_earn_gravity,0.0
TMO,63,66,event_div_gravity,0.0
TMO,63,66,event_cpi_gravity,0.116078
TMO,63,66,event_nfp_gravity,0.11136
TMO,63,66,put_call_skew_30d,0.008727
TMO,63,66,term_structure_slope,0.013097
TMO,63,66,vrp_wedge,0.014597
TMO,63,66,iv_atm_z_score,0.028435
TMO,63,66,macro_yield_curve_slope,0.041963
TMO,63,66,macro_hy_spread,0.026149
TMO,63,66,macro_hy_spread_chg_5d,0.011869
TMO,63,66,macro_breakeven_5y,0.022884
TMO,63,66,macro_inflation_fwd_5y5y,0.019907
TMO,63,66,macro_inflation_fwd_chg_21d,0.0
TMO,63,66,macro_inflation_fwd_abs_chg_21d,0.0
TMO,63,66,macro_inflation_fwd_chg_63d,0.016598
TMO,63,66,macro_inflation_fwd_zscore,0.013909
TMO,63,66,macro_dollar_ret,0.0
TMO,63,66,beta_spy,0.043533
TMO,63,66,res_vol,0.016128
TMO,63,66,res_vol_vel,0.008263
TMO,63,66,price_regime,0.010967
TMO,63,66,corr_sector_21d,0.019552
TMO,63,66,corr_sector_252d,0.030783
TMO,63,66,sector_wedge,0.024292
TMO,63,67,rv_5d,0.031518
TMO,63,67,rv_10d,0.0
TMO,63,67,rv_21d,0.007618
TMO,63,67,rv_63d,0.019291
TMO,63,67,rv_126d,0.019316
TMO,63,67,ewma_vol,0.060819
TMO,63,67,garch_cond_vol,0.039811
TMO,63,67,ret_TARGET,0.0
TMO,63,67,tech_RSI,0.0
TMO,63,67,tech_MACD_hist,0.0
TMO,63,67,ret_VIXY,0.0
TMO,63,67,mom21_VIXY,0.05416
TMO,63,67,ret_HYG,0.0
TMO,63,67,mom21_HYG,0.029388
TMO,63,67,ret_USO,0.0
TMO,63,67,mom21_USO,0.022186
TMO,63,67,ret_TLT,0.0
TMO,63,67,mom21_TLT,0.010211
TMO,63,67,ret_UUP,0.0
TMO,63,67,mom21_UUP,0.009008
TMO,63,67,ret_SPY,0.0
TMO,63,67,mom21_SPY,0.008384
TMO,63,67,vol_vel,0.0
TMO,63,67,vol_of_vol,0.010602
TMO,63,67,vol_regime_zscore,0.051763
TMO,63,67,vol_chg_21d,0.009992
TMO,63,67,event_fed_gravity,0.106546
TMO,63,67,event_earn_gravity,0.0
TMO,63,67,event_div_gravity,0.0
TMO,63,67,event_cpi_gravity,0.080581
TMO,63,67,event_nfp_gravity,0.082068
TMO,63,67,put_call_skew_30d,0.0
TMO,63,67,term_structure_slope,0.008406
TMO,63,67,vrp_wedge,0.012035
TMO,63,67,iv_atm_z_score,0.031817
TMO,63,67,macro_yield_curve_slope,0.045656
TMO,63,67,macro_hy_spread,0.027411
TMO,63,67,macro_hy_spread_chg_5d,0.0
TMO,63,67,macro_breakeven_5y,0.017129
TMO,63,67,macro_inflation_fwd_5y5y,0.017624
TMO,63,67,macro_inflation_fwd_chg_21d,0.0
TMO,63,67,macro_inflation_fwd_abs_chg_21d,0.0
TMO,63,67,macro_inflation_fwd_chg_63d,0.016853
TMO,63,67,macro_inflation_fwd_zscore,0.014312
TMO,63,67,macro_dollar_ret,0.0
TMO,63,67,beta_spy,0.042043
TMO,63,67,res_vol,0.017901
TMO,63,67,res_vol_vel,0.009387
TMO,63,67,price_regime,0.011257
TMO,63,67,corr_sector_21d,0.021192
TMO,63,67,corr_sector_252d,0.027314
TMO,63,67,sector_wedge,0.026401
TMO,63,68,rv_5d,0.0
TMO,63,68,rv_10d,0.016209
TMO,63,68,rv_21d,0.015893
TMO,63,68,rv_63d,0.016357
TMO,63,68,rv_126d,0.020243
TMO,63,68,ewma_vol,0.068498
TMO,63,68,garch_cond_vol,0.04161
TMO,63,68,ret_TARGET,0.0
TMO,63,68,tech_RSI,0.0
TMO,63,68,tech_MACD_hist,0.0
TMO,63,68,ret_VIXY,0.0
TMO,63,68,mom21_VIXY,0.051379
TMO,63,68,ret_HYG,0.0
TMO,63,68,mom21_HYG,0.030288
TMO,63,68,ret_USO,0.0
TMO,63,68,mom21_USO,0.01728
TMO,63,68,ret_TLT,0.0
TMO,63,68,mom21_TLT,0.011115
TMO,63,68,ret_UUP,0.0
TMO,63,68,mom21_UUP,0.009736
TMO,63,68,ret_SPY,0.0
TMO,63,68,mom21_SPY,0.00708
TMO,63,68,vol_vel,0.0
TMO,63,68,vol_of_vol,0.009382
TMO,63,68,vol_regime_zscore,0.057202
TMO,63,68,vol_chg_21d,0.0
TMO,63,68,event_fed_gravity,0.059267
TMO,63,68,event_earn_gravity,0.0
TMO,63,68,event_div_gravity,0.0
TMO,63,68,event_cpi_gravity,0.104866
TMO,63,68,event_nfp_gravity,0.106859
TMO,63,68,put_call_skew_30d,0.01027
TMO,63,68,term_structure_slope,0.0
TMO,63,68,vrp_wedge,0.011433
TMO,63,68,iv_atm_z_score,0.028262
TMO,63,68,macro_yield_curve_slope,0.049121
TMO,63,68,macro_hy_spread,0.025857
TMO,63,68,macro_hy_spread_chg_5d,0.005766
TMO,63,68,macro_breakeven_5y,0.021803
TMO,63,68,macro_inflation_fwd_5y5y,0.019361
TMO,63,68,macro_inflation_fwd_chg_21d,0.006608
TMO,63,68,macro_inflation_fwd_abs_chg_21d,0.0
TMO,63,68,macro_inflation_fwd_chg_63d,0.01942
TMO,63,68,macro_inflation_fwd_zscore,0.016856
TMO,63,68,macro_dollar_ret,0.0
TMO,63,68,beta_spy,0.041466
TMO,63,68,res_vol,0.017386
TMO,63,68,res_vol_vel,0.011455
TMO,63,68,price_regime,0.0
TMO,63,68,corr_sector_21d,0.018382
TMO,63,68,corr_sector_252d,0.02826
TMO,63,68,sector_wedge,0.025032
TMO,63,69,rv_5d,0.0
TMO,63,69,rv_10d,0.016298
TMO,63,69,rv_21d,0.017215
TMO,63,69,rv_63d,0.017604
TMO,63,69,rv_126d,0.019416
TMO,63,69,ewma_vol,0.050445
TMO,63,69,garch_cond_vol,0.0
TMO,63,69,ret_TARGET,0.0
TMO,63,69,tech_RSI,0.0
TMO,63,69,tech_MACD_hist,0.0
TMO,63,69,ret_VIXY,0.0
TMO,63,69,mom21_VIXY,0.06042
TMO,63,69,ret_HYG,0.0
TMO,63,69,mom21_HYG,0.032505
TMO,63,69,ret_USO,0.0
TMO,63,69,mom21_USO,0.022535
TMO,63,69,ret_TLT,0.0
TMO,63,69,mom21_TLT,0.010183
TMO,63,69,ret_UUP,0.0
TMO,63,69,mom21_UUP,0.010188
TMO,63,69,ret_SPY,0.0
TMO,63,69,mom21_SPY,0.0
TMO,63,69,vol_vel,0.0
TMO,63,69,vol_of_vol,0.013694
TMO,63,69,vol_regime_zscore,0.054026
TMO,63,69,vol_chg_21d,0.014401
TMO,63,69,event_fed_gravity,0.080048
TMO,63,69,event_earn_gravity,0.0
TMO,63,69,event_div_gravity,0.0
TMO,63,69,event_cpi_gravity,0.092482
TMO,63,69,event_nfp_gravity,0.105073
TMO,63,69,put_call_skew_30d,0.009333
TMO,63,69,term_structure_slope,0.007383
TMO,63,69,vrp_wedge,0.0
TMO,63,69,iv_atm_z_score,0.031314
TMO,63,69,macro_yield_curve_slope,0.048202
TMO,63,69,macro_hy_spread,0.032757
TMO,63,69,macro_hy_spread_chg_5d,0.005994
TMO,63,69,macro_breakeven_5y,0.024182
TMO,63,69,macro_inflation_fwd_5y5y,0.018584
TMO,63,69,macro_inflation_fwd_chg_21d,0.006231
TMO,63,69,macro_inflation_fwd_abs_chg_21d,0.0
TMO,63,69,macro_inflation_fwd_chg_63d,0.018718
TMO,63,69,macro_inflation_fwd_zscore,0.015542
TMO,63,69,macro_dollar_ret,0.0
TMO,63,69,beta_spy,0.04965
TMO,63,69,res_vol,0.022489
TMO,63,69,res_vol_vel,0.008265
TMO,63,69,price_regime,0.01529
TMO,63,69,corr_sector_21d,0.009923
TMO,63,69,corr_sector_252d,0.035525
TMO,63,69,sector_wedge,0.024083
TMO,63,70,rv_5d,0.0
TMO,63,70,rv_10d,0.016683
TMO,63,70,rv_21d,0.016438
TMO,63,70,rv_63d,0.019723
TMO,63,70,rv_126d,0.019049
TMO,63,70,ewma_vol,0.053362
TMO,63,70,garch_cond_vol,0.053684
TMO,63,70,ret_TARGET,0.0
TMO,63,70,tech_RSI,0.0
TMO,63,70,tech_MACD_hist,0.0
TMO,63,70,ret_VIXY,0.0
TMO,63,70,mom21_VIXY,0.055991
TMO,63,70,ret_HYG,0.0
TMO,63,70,mom21_HYG,0.0281
TMO,63,70,ret_USO,0.0
TMO,63,70,mom21_USO,0.017615
TMO,63,70,ret_TLT,0.0
TMO,63,70,mom21_TLT,0.012258
TMO,63,70,ret_UUP,0.0
TMO,63,70,mom21_UUP,0.008713
TMO,63,70,ret_SPY,0.0
TMO,63,70,mom21_SPY,0.008145
TMO,63,70,vol_vel,0.0
TMO,63,70,vol_of_vol,0.016379
TMO,63,70,vol_regime_zscore,0.043602
TMO,63,70,vol_chg_21d,0.009518
TMO,63,70,event_fed_gravity,0.09635
TMO,63,70,event_earn_gravity,0.0
TMO,63,70,event_div_gravity,0.0
TMO,63,70,event_cpi_gravity,0.078652
TMO,63,70,event_nfp_gravity,0.085803
TMO,63,70,put_call_skew_30d,0.008355
TMO,63,70,term_structure_slope,0.0
TMO,63,70,vrp_wedge,0.0
TMO,63,70,iv_atm_z_score,0.024671
TMO,63,70,macro_yield_curve_slope,0.045839
TMO,63,70,macro_hy_spread,0.030478
TMO,63,70,macro_hy_spread_chg_5d,0.0
TMO,63,70,macro_breakeven_5y,0.022667
TMO,63,70,macro_inflation_fwd_5y5y,0.020596
TMO,63,70,macro_inflation_fwd_chg_21d,0.006346
TMO,63,70,macro_inflation_fwd_abs_chg_21d,0.0
TMO,63,70,macro_inflation_fwd_chg_63d,0.0158
TMO,63,70,macro_inflation_fwd_zscore,0.011582
TMO,63,70,macro_dollar_ret,0.0
TMO,63,70,beta_spy,0.049435
TMO,63,70,res_vol,0.021003
TMO,63,70,res_vol_vel,0.007965
TMO,63,70,price_regime,0.018135
TMO,63,70,corr_sector_21d,0.019272
TMO,63,70,corr_sector_252d,0.034652
TMO,63,70,sector_wedge,0.023137
TMO,63,71,rv_5d,0.0
TMO,63,71,rv_10d,0.015955
TMO,63,71,rv_21d,0.028301
TMO,63,71,rv_63d,0.019026
TMO,63,71,rv_126d,0.018161
TMO,63,71,ewma_vol,0.041064
TMO,63,71,garch_cond_vol,0.0
TMO,63,71,ret_TARGET,0.0
TMO,63,71,tech_RSI,0.0
TMO,63,71,tech_MACD_hist,0.0
TMO,63,71,ret_VIXY,0.0
TMO,63,71,mom21_VIXY,0.057736
TMO,63,71,ret_HYG,0.0
TMO,63,71,mom21_HYG,0.027351
TMO,63,71,ret_USO,0.0
TMO,63,71,mom21_USO,0.019629
TMO,63,71,ret_TLT,0.0
TMO,63,71,mom21_TLT,0.013117
TMO,63,71,ret_UUP,0.0
TMO,63,71,mom21_UUP,0.009906
TMO,63,71,ret_SPY,0.0
TMO,63,71,mom21_SPY,0.019437
TMO,63,71,vol_vel,0.0
TMO,63,71,vol_of_vol,0.017829
TMO,63,71,vol_regime_zscore,0.04804
TMO,63,71,vol_chg_21d,0.0
TMO,63,71,event_fed_gravity,0.081929
TMO,63,71,event_earn_gravity,0.0
TMO,63,71,event_div_gravity,0.0
TMO,63,71,event_cpi_gravity,0.085252
TMO,63,71,event_nfp_gravity,0.081747
TMO,63,71,put_call_skew_30d,0.009193
TMO,63,71,term_structure_slope,0.007561
TMO,63,71,vrp_wedge,0.011161
TMO,63,71,iv_atm_z_score,0.037297
TMO,63,71,macro_yield_curve_slope,0.049584
TMO,63,71,macro_hy_spread,0.026432
TMO,63,71,macro_hy_spread_chg_5d,0.006447
TMO,63,71,macro_breakeven_5y,0.025086
TMO,63,71,macro_inflation_fwd_5y5y,0.021801
TMO,63,71,macro_inflation_fwd_chg_21d,0.0
TMO,63,71,macro_inflation_fwd_abs_chg_21d,0.0
TMO,63,71,macro_inflation_fwd_chg_63d,0.016627
TMO,63,71,macro_inflation_fwd_zscore,0.015172
TMO,63,71,macro_dollar_ret,0.0
TMO,63,71,beta_spy,0.047448
TMO,63,71,res_vol,0.021204
TMO,63,71,res_vol_vel,0.0
TMO,63,71,price_regime,0.042988
TMO,63,71,corr_sector_21d,0.01874
TMO,63,71,corr_sector_252d,0.035606
TMO,63,71,sector_wedge,0.023171
TMO,63,72,rv_5d,0.0
TMO,63,72,rv_10d,0.01834
TMO,63,72,rv_21d,0.015214
TMO,63,72,rv_63d,0.017978
TMO,63,72,rv_126d,0.019669
TMO,63,72,ewma_vol,0.044779
TMO,63,72,garch_cond_vol,0.0
TMO,63,72,ret_TARGET,0.0
TMO,63,72,tech_RSI,0.0
TMO,63,72,tech_MACD_hist,0.0
TMO,63,72,ret_VIXY,0.0
TMO,63,72,mom21_VIXY,0.048021
TMO,63,72,ret_HYG,0.0
TMO,63,72,mom21_HYG,0.027088
TMO,63,72,ret_USO,0.0
TMO,63,72,mom21_USO,0.020333
TMO,63,72,ret_TLT,0.0
TMO,63,72,mom21_TLT,0.011724
TMO,63,72,ret_UUP,0.0
TMO,63,72,mom21_UUP,0.0
TMO,63,72,ret_SPY,0.0
TMO,63,72,mom21_SPY,0.008157
TMO,63,72,vol_vel,0.0
TMO,63,72,vol_of_vol,0.016163
TMO,63,72,vol_regime_zscore,0.050349
TMO,63,72,vol_chg_21d,0.04876
TMO,63,72,event_fed_gravity,0.079773
TMO,63,72,event_earn_gravity,0.0
TMO,63,72,event_div_gravity,0.0
TMO,63,72,event_cpi_gravity,0.088754
TMO,63,72,event_nfp_gravity,0.094338
TMO,63,72,put_call_skew_30d,0.008887
TMO,63,72,term_structure_slope,0.0
TMO,63,72,vrp_wedge,0.010741
TMO,63,72,iv_atm_z_score,0.035365
TMO,63,72,macro_yield_curve_slope,0.046028
TMO,63,72,macro_hy_spread,0.023894
TMO,63,72,macro_hy_spread_chg_5d,0.006022
TMO,63,72,macro_breakeven_5y,0.021578
TMO,63,72,macro_inflation_fwd_5y5y,0.021377
TMO,63,72,macro_inflation_fwd_chg_21d,0.0
TMO,63,72,macro_inflation_fwd_abs_chg_21d,0.0
TMO,63,72,macro_inflation_fwd_chg_63d,0.017157
TMO,63,72,macro_inflation_fwd_zscore,0.019137
TMO,63,72,macro_dollar_ret,0.0
TMO,63,72,beta_spy,0.042728
TMO,63,72,res_vol,0.023883
TMO,63,72,res_vol_vel,0.00768
TMO,63,72,price_regime,0.025563
TMO,63,72,corr_sector_21d,0.021
TMO,63,72,corr_sector_252d,0.039013
TMO,63,72,sector_wedge,0.020506
TMO,63,73,rv_5d,0.0
TMO,63,73,rv_10d,0.0
TMO,63,73,rv_21d,0.009045
TMO,63,73,rv_63d,0.024563
TMO,63,73,rv_126d,0.022982
TMO,63,73,ewma_vol,0.034934
TMO,63,73,garch_cond_vol,0.030101
TMO,63,73,ret_TARGET,0.0
TMO,63,73,tech_RSI,0.0
TMO,63,73,tech_MACD_hist,0.0
TMO,63,73,ret_VIXY,0.0
TMO,63,73,mom21_VIXY,0.054263
TMO,63,73,ret_HYG,0.0
TMO,63,73,mom21_HYG,0.023537
TMO,63,73,ret_USO,0.0
TMO,63,73,mom21_USO,0.018554
TMO,63,73,ret_TLT,0.0
TMO,63,73,mom21_TLT,0.011778
TMO,63,73,ret_UUP,0.0
TMO,63,73,mom21_UUP,0.008667
TMO,63,73,ret_SPY,0.0
TMO,63,73,mom21_SPY,0.007262
TMO,63,73,vol_vel,0.0
TMO,63,73,vol_of_vol,0.013311
TMO,63,73,vol_regime_zscore,0.043631
TMO,63,73,vol_chg_21d,0.031649
TMO,63,73,event_fed_gravity,0.063542
TMO,63,73,event_earn_gravity,0.0
TMO,63,73,event_div_gravity,0.0
TMO,63,73,event_cpi_gravity,0.11254
TMO,63,73,event_nfp_gravity,0.094586
TMO,63,73,put_call_skew_30d,0.009275
TMO,63,73,term_structure_slope,0.0
TMO,63,73,vrp_wedge,0.010483
TMO,63,73,iv_atm_z_score,0.03092
TMO,63,73,macro_yield_curve_slope,0.044054
TMO,63,73,macro_hy_spread,0.022878
TMO,63,73,macro_hy_spread_chg_5d,0.005873
TMO,63,73,macro_breakeven_5y,0.019072
TMO,63,73,macro_inflation_fwd_5y5y,0.02158
TMO,63,73,macro_inflation_fwd_chg_21d,0.0
TMO,63,73,macro_inflation_fwd_abs_chg_21d,0.0
TMO,63,73,macro_inflation_fwd_chg_63d,0.01474
TMO,63,73,macro_inflation_fwd_zscore,0.016023
TMO,63,73,macro_dollar_ret,0.0
TMO,63,73,beta_spy,0.039773
TMO,63,73,res_vol,0.023485
TMO,63,73,res_vol_vel,0.007063
TMO,63,73,price_regime,0.05629
TMO,63,73,corr_sector_21d,0.013496
TMO,63,73,corr_sector_252d,0.035662
TMO,63,73,sector_wedge,0.024386
TMO,63,74,rv_5d,0.0
TMO,63,74,rv_10d,0.0
TMO,63,74,rv_21d,0.022778
TMO,63,74,rv_63d,0.022975
TMO,63,74,rv_126d,0.025149
TMO,63,74,ewma_vol,0.03158
TMO,63,74,garch_cond_vol,0.052053
TMO,63,74,ret_TARGET,0.0
TMO,63,74,tech_RSI,0.011399
TMO,63,74,tech_MACD_hist,0.0
TMO,63,74,ret_VIXY,0.0
TMO,63,74,mom21_VIXY,0.055646
TMO,63,74,ret_HYG,0.0
TMO,63,74,mom21_HYG,0.028075
TMO,63,74,ret_USO,0.0
TMO,63,74,mom21_USO,0.017063
TMO,63,74,ret_TLT,0.0
TMO,63,74,mom21_TLT,0.00827
TMO,63,74,ret_UUP,0.0
TMO,63,74,mom21_UUP,0.0
TMO,63,74,ret_SPY,0.0
TMO,63,74,mom21_SPY,0.0
TMO,63,74,vol_vel,0.0
TMO,63,74,vol_of_vol,0.014264
TMO,63,74,vol_regime_zscore,0.042036
TMO,63,74,vol_chg_21d,0.026609
TMO,63,74,event_fed_gravity,0.092812
TMO,63,74,event_earn_gravity,0.0
TMO,63,74,event_div_gravity,0.0
TMO,63,74,event_cpi_gravity,0.092468
TMO,63,74,event_nfp_gravity,0.098471
TMO,63,74,put_call_skew_30d,0.005519
TMO,63,74,term_structure_slope,0.0
TMO,63,74,vrp_wedge,0.009023
TMO,63,74,iv_atm_z_score,0.026289
TMO,63,74,macro_yield_curve_slope,0.040093
TMO,63,74,macro_hy_spread,0.019787
TMO,63,74,macro_hy_spread_chg_5d,0.006383
TMO,63,74,macro_breakeven_5y,0.019614
TMO,63,74,macro_inflation_fwd_5y5y,0.024396
TMO,63,74,macro_inflation_fwd_chg_21d,0.0
TMO,63,74,macro_inflation_fwd_abs_chg_21d,0.0
TMO,63,74,macro_inflation_fwd_chg_63d,0.01396
TMO,63,74,macro_inflation_fwd_zscore,0.020106
TMO,63,74,macro_dollar_ret,0.0
TMO,63,74,beta_spy,0.036646
TMO,63,74,res_vol,0.024259
TMO,63,74,res_vol_vel,0.0
TMO,63,74,price_regime,0.037688
TMO,63,74,corr_sector_21d,0.015186
TMO,63,74,corr_sector_252d,0.039679
TMO,63,74,sector_wedge,0.019725
TMO,63,75,rv_5d,0.0
TMO,63,75,rv_10d,0.0
TMO,63,75,rv_21d,0.012913
TMO,63,75,rv_63d,0.018766
TMO,63,75,rv_126d,0.029288
TMO,63,75,ewma_vol,0.027426
TMO,63,75,garch_cond_vol,0.026792
TMO,63,75,ret_TARGET,0.0
TMO,63,75,tech_RSI,0.0
TMO,63,75,tech_MACD_hist,0.0
TMO,63,75,ret_VIXY,0.0
TMO,63,75,mom21_VIXY,0.045012
TMO,63,75,ret_HYG,0.0
TMO,63,75,mom21_HYG,0.024535
TMO,63,75,ret_USO,0.0
TMO,63,75,mom21_USO,0.018289
TMO,63,75,ret_TLT,0.0
TMO,63,75,mom21_TLT,0.010193
TMO,63,75,ret_UUP,0.0
TMO,63,75,mom21_UUP,0.0
TMO,63,75,ret_SPY,0.0
TMO,63,75,mom21_SPY,0.012315
TMO,63,75,vol_vel,0.0
TMO,63,75,vol_of_vol,0.017311
TMO,63,75,vol_regime_zscore,0.036924
TMO,63,75,vol_chg_21d,0.038296
TMO,63,75,event_fed_gravity,0.096638
TMO,63,75,event_earn_gravity,0.0
TMO,63,75,event_div_gravity,0.0
TMO,63,75,event_cpi_gravity,0.08281
TMO,63,75,event_nfp_gravity,0.087817
TMO,63,75,put_call_skew_30d,0.01211
TMO,63,75,term_structure_slope,0.015632
TMO,63,75,vrp_wedge,0.009879
TMO,63,75,iv_atm_z_score,0.027138
TMO,63,75,macro_yield_curve_slope,0.051169
TMO,63,75,macro_hy_spread,0.019611
TMO,63,75,macro_hy_spread_chg_5d,0.0
TMO,63,75,macro_breakeven_5y,0.020742
TMO,63,75,macro_inflation_fwd_5y5y,0.023683
TMO,63,75,macro_inflation_fwd_chg_21d,0.0
TMO,63,75,macro_inflation_fwd_abs_chg_21d,0.0
TMO,63,75,macro_inflation_fwd_chg_63d,0.013647
TMO,63,75,macro_inflation_fwd_zscore,0.022213
TMO,63,75,macro_dollar_ret,0.0
TMO,63,75,beta_spy,0.035227
TMO,63,75,res_vol,0.023289
TMO,63,75,res_vol_vel,0.008224
TMO,63,75,price_regime,0.060053
TMO,63,75,corr_sector_21d,0.011521
TMO,63,75,corr_sector_252d,0.03914
TMO,63,75,sector_wedge,0.021395
TMO,63,76,rv_5d,0.035628
TMO,63,76,rv_10d,0.0185
TMO,63,76,rv_21d,0.021768
TMO,63,76,rv_63d,0.017217
TMO,63,76,rv_126d,0.029049
TMO,63,76,ewma_vol,0.061747
TMO,63,76,garch_cond_vol,0.071853
TMO,63,76,ret_TARGET,0.0
TMO,63,76,tech_RSI,0.0
TMO,63,76,tech_MACD_hist,0.0
TMO,63,76,ret_VIXY,0.0
TMO,63,76,mom21_VIXY,0.017991
TMO,63,76,ret_HYG,0.0
TMO,63,76,mom21_HYG,0.023687
TMO,63,76,ret_USO,0.0
TMO,63,76,mom21_USO,0.014333
TMO,63,76,ret_TLT,0.0
TMO,63,76,mom21_TLT,0.009462
TMO,63,76,ret_UUP,0.0
TMO,63,76,mom21_UUP,0.008667
TMO,63,76,ret_SPY,0.0
TMO,63,76,mom21_SPY,0.014339
TMO,63,76,vol_vel,0.0
TMO,63,76,vol_of_vol,0.010279
TMO,63,76,vol_regime_zscore,0.034375
TMO,63,76,vol_chg_21d,0.010069
TMO,63,76,event_fed_gravity,0.08408
TMO,63,76,event_earn_gravity,0.0
TMO,63,76,event_div_gravity,0.0
TMO,63,76,event_cpi_gravity,0.077047
TMO,63,76,event_nfp_gravity,0.078073
TMO,63,76,put_call_skew_30d,0.011496
TMO,63,76,term_structure_slope,0.006509
TMO,63,76,vrp_wedge,0.009783
TMO,63,76,iv_atm_z_score,0.024525
TMO,63,76,macro_yield_curve_slope,0.04921
TMO,63,76,macro_hy_spread,0.016541
TMO,63,76,macro_hy_spread_chg_5d,0.004746
TMO,63,76,macro_breakeven_5y,0.01961
TMO,63,76,macro_inflation_fwd_5y5y,0.016593
TMO,63,76,macro_inflation_fwd_chg_21d,0.018471
TMO,63,76,macro_inflation_fwd_abs_chg_21d,0.0
TMO,63,76,macro_inflation_fwd_chg_63d,0.011822
TMO,63,76,macro_inflation_fwd_zscore,0.013217
TMO,63,76,macro_dollar_ret,0.0
TMO,63,76,beta_spy,0.041874
TMO,63,76,res_vol,0.014772
TMO,63,76,res_vol_vel,0.0
TMO,63,76,price_regime,0.023018
TMO,63,76,corr_sector_21d,0.0264
TMO,63,76,corr_sector_252d,0.02686
TMO,63,76,sector_wedge,0.026387
TMO,63,77,rv_5d,0.015009
TMO,63,77,rv_10d,0.016947
TMO,63,77,rv_21d,0.01767
TMO,63,77,rv_63d,0.032539
TMO,63,77,rv_126d,0.040952
TMO,63,77,ewma_vol,0.036635
TMO,63,77,garch_cond_vol,0.037818
TMO,63,77,ret_TARGET,0.0
TMO,63,77,tech_RSI,0.0
TMO,63,77,tech_MACD_hist,0.0
TMO,63,77,ret_VIXY,0.0
TMO,63,77,mom21_VIXY,0.019818
TMO,63,77,ret_HYG,0.0
TMO,63,77,mom21_HYG,0.016381
TMO,63,77,ret_USO,0.0
TMO,63,77,mom21_USO,0.024628
TMO,63,77,ret_TLT,0.0
TMO,63,77,mom21_TLT,0.00694
TMO,63,77,ret_UUP,0.0
TMO,63,77,mom21_UUP,0.006373
TMO,63,77,ret_SPY,0.0
TMO,63,77,mom21_SPY,0.005934
TMO,63,77,vol_vel,0.0
TMO,63,77,vol_of_vol,0.008955
TMO,63,77,vol_regime_zscore,0.043039
TMO,63,77,vol_chg_21d,0.010007
TMO,63,77,event_fed_gravity,0.085507
TMO,63,77,event_earn_gravity,0.0
TMO,63,77,event_div_gravity,0.0
TMO,63,77,event_cpi_gravity,0.071006
TMO,63,77,event_nfp_gravity,0.106854
TMO,63,77,put_call_skew_30d,0.010253
TMO,63,77,term_structure_slope,0.017005
TMO,63,77,vrp_wedge,0.016766
TMO,63,77,iv_atm_z_score,0.031614
TMO,63,77,macro_yield_curve_slope,0.053135
TMO,63,77,macro_hy_spread,0.03116
TMO,63,77,macro_hy_spread_chg_5d,0.007973
TMO,63,77,macro_breakeven_5y,0.020173
TMO,63,77,macro_inflation_fwd_5y5y,0.028117
TMO,63,77,macro_inflation_fwd_chg_21d,0.0
TMO,63,77,macro_inflation_fwd_abs_chg_21d,0.0
TMO,63,77,macro_inflation_fwd_chg_63d,0.012486
TMO,63,77,macro_inflation_fwd_zscore,0.00954
TMO,63,77,macro_dollar_ret,0.0
TMO,63,77,beta_spy,0.029638
TMO,63,77,res_vol,0.011518
TMO,63,77,res_vol_vel,0.008557
TMO,63,77,price_regime,0.022977
TMO,63,77,corr_sector_21d,0.016276
TMO,63,77,corr_sector_252d,0.035227
TMO,63,77,sector_wedge,0.034575
TMO,63,78,rv_5d,0.029755
TMO,63,78,rv_10d,0.037484
TMO,63,78,rv_21d,0.039543
TMO,63,78,rv_63d,0.025579
TMO,63,78,rv_126d,0.027507
TMO,63,78,ewma_vol,0.017837
TMO,63,78,garch_cond_vol,0.0
TMO,63,78,ret_TARGET,0.0
TMO,63,78,tech_RSI,0.005116
TMO,63,78,tech_MACD_hist,0.0
TMO,63,78,ret_VIXY,0.0
TMO,63,78,mom21_VIXY,0.034331
TMO,63,78,ret_HYG,0.0
TMO,63,78,mom21_HYG,0.018827
TMO,63,78,ret_USO,0.0
TMO,63,78,mom21_USO,0.022581
TMO,63,78,ret_TLT,0.0
TMO,63,78,mom21_TLT,0.007416
TMO,63,78,ret_UUP,0.0
TMO,63,78,mom21_UUP,0.005396
TMO,63,78,ret_SPY,0.0
TMO,63,78,mom21_SPY,0.006073
TMO,63,78,vol_vel,0.004257
TMO,63,78,vol_of_vol,0.00841
TMO,63,78,vol_regime_zscore,0.028843
TMO,63,78,vol_chg_21d,0.045137
TMO,63,78,event_fed_gravity,0.093172
TMO,63,78,event_earn_gravity,0.0
TMO,63,78,event_div_gravity,0.0
TMO,63,78,event_cpi_gravity,0.059325
TMO,63,78,event_nfp_gravity,0.079566
TMO,63,78,put_call_skew_30d,0.029399
TMO,63,78,term_structure_slope,0.013798
TMO,63,78,vrp_wedge,0.013171
TMO,63,78,iv_atm_z_score,0.032608
TMO,63,78,macro_yield_curve_slope,0.060825
TMO,63,78,macro_hy_spread,0.020626
TMO,63,78,macro_hy_spread_chg_5d,0.0
TMO,63,78,macro_breakeven_5y,0.018089
TMO,63,78,macro_inflation_fwd_5y5y,0.027468
TMO,63,78,macro_inflation_fwd_chg_21d,0.0
TMO,63,78,macro_inflation_fwd_abs_chg_21d,0.0
TMO,63,78,macro_inflation_fwd_chg_63d,0.014401
TMO,63,78,macro_inflation_fwd_zscore,0.009046
TMO,63,78,macro_dollar_ret,0.0
TMO,63,78,beta_spy,0.034463
TMO,63,78,res_vol,0.011597
TMO,63,78,res_vol_vel,0.017022
TMO,63,78,price_regime,0.018468
TMO,63,78,corr_sector_21d,0.016246
TMO,63,78,corr_sector_252d,0.04077
TMO,63,78,sector_wedge,0.025847
TMO,63,79,rv_5d,0.022306
TMO,63,79,rv_10d,0.057012
TMO,63,79,rv_21d,0.040079
TMO,63,79,rv_63d,0.028153
TMO,63,79,rv_126d,0.019024
TMO,63,79,ewma_vol,0.044489
TMO,63,79,garch_cond_vol,0.0182
TMO,63,79,ret_TARGET,0.0
TMO,63,79,tech_RSI,0.005326
TMO,63,79,tech_MACD_hist,0.005125
TMO,63,79,ret_VIXY,0.0
TMO,63,79,mom21_VIXY,0.029933
TMO,63,79,ret_HYG,0.0
TMO,63,79,mom21_HYG,0.01456
TMO,63,79,ret_USO,0.0
TMO,63,79,mom21_USO,0.021647
TMO,63,79,ret_TLT,0.0
TMO,63,79,mom21_TLT,0.004994
TMO,63,79,ret_UUP,0.0
TMO,63,79,mom21_UUP,0.003819
TMO,63,79,ret_SPY,0.0
TMO,63,79,mom21_SPY,0.004852
TMO,63,79,vol_vel,0.007186
TMO,63,79,vol_of_vol,0.00717
TMO,63,79,vol_regime_zscore,0.025909
TMO,63,79,vol_chg_21d,0.039857
TMO,63,79,event_fed_gravity,0.050785
TMO,63,79,event_earn_gravity,0.0
TMO,63,79,event_div_gravity,0.0
TMO,63,79,event_cpi_gravity,0.049526
TMO,63,79,event_nfp_gravity,0.073141
TMO,63,79,put_call_skew_30d,0.009167
TMO,63,79,term_structure_slope,0.015894
TMO,63,79,vrp_wedge,0.00665
TMO,63,79,iv_atm_z_score,0.023518
TMO,63,79,macro_yield_curve_slope,0.056324
TMO,63,79,macro_hy_spread,0.016159
TMO,63,79,macro_hy_spread_chg_5d,0.009192
TMO,63,79,macro_breakeven_5y,0.022993
TMO,63,79,macro_inflation_fwd_5y5y,0.015353
TMO,63,79,macro_inflation_fwd_chg_21d,0.0
TMO,63,79,macro_inflation_fwd_abs_chg_21d,0.00388
TMO,63,79,macro_inflation_fwd_chg_63d,0.011308
TMO,63,79,macro_inflation_fwd_zscore,0.008406
TMO,63,79,macro_dollar_ret,0.0
TMO,63,79,beta_spy,0.027563
TMO,63,79,res_vol,0.009976
TMO,63,79,res_vol_vel,0.009986
TMO,63,79,price_regime,0.113347
TMO,63,79,corr_sector_21d,0.008174
TMO,63,79,corr_sector_252d,0.035674
TMO,63,79,sector_wedge,0.023347
TMO,63,80,rv_5d,0.016212
TMO,63,80,rv_10d,0.070453
TMO,63,80,rv_21d,0.044341
TMO,63,80,rv_63d,0.027804
TMO,63,80,rv_126d,0.021657
TMO,63,80,ewma_vol,0.047299
TMO,63,80,garch_cond_vol,0.012396
TMO,63,80,ret_TARGET,0.0
TMO,63,80,tech_RSI,0.004862
TMO,63,80,tech_MACD_hist,0.008327
TMO,63,80,ret_VIXY,0.0
TMO,63,80,mom21_VIXY,0.025772
TMO,63,80,ret_HYG,0.0
TMO,63,80,mom21_HYG,0.012429
TMO,63,80,ret_USO,0.0
TMO,63,80,mom21_USO,0.020402
TMO,63,80,ret_TLT,0.0
TMO,63,80,mom21_TLT,0.008903
TMO,63,80,ret_UUP,0.0
TMO,63,80,mom21_UUP,0.0
TMO,63,80,ret_SPY,0.0
TMO,63,80,mom21_SPY,0.003979
TMO,63,80,vol_vel,0.007102
TMO,63,80,vol_of_vol,0.0067
TMO,63,80,vol_regime_zscore,0.028761
TMO,63,80,vol_chg_21d,0.01038
TMO,63,80,event_fed_gravity,0.076426
TMO,63,80,event_earn_gravity,0.0
TMO,63,80,event_div_gravity,0.0
TMO,63,80,event_cpi_gravity,0.038842
TMO,63,80,event_nfp_gravity,0.060516
TMO,63,80,put_call_skew_30d,0.012832
TMO,63,80,term_structure_slope,0.009046
TMO,63,80,vrp_wedge,0.012627
TMO,63,80,iv_atm_z_score,0.025624
TMO,63,80,macro_yield_curve_slope,0.056413
TMO,63,80,macro_hy_spread,0.013498
TMO,63,80,macro_hy_spread_chg_5d,0.022771
TMO,63,80,macro_breakeven_5y,0.021695
TMO,63,80,macro_inflation_fwd_5y5y,0.02104
TMO,63,80,macro_inflation_fwd_chg_21d,0.005665
TMO,63,80,macro_inflation_fwd_abs_chg_21d,0.004098
TMO,63,80,macro_inflation_fwd_chg_63d,0.008091
TMO,63,80,macro_inflation_fwd_zscore,0.009089
TMO,63,80,macro_dollar_ret,0.0
TMO,63,80,beta_spy,0.02848
TMO,63,80,res_vol,0.010366
TMO,63,80,res_vol_vel,0.009769
TMO,63,80,price_regime,0.106216
TMO,63,80,corr_sector_21d,0.008335
TMO,63,80,corr_sector_252d,0.033814
TMO,63,80,sector_wedge,0.02697
TMO,63,81,rv_5d,0.020785
TMO,63,81,rv_10d,0.036105
TMO,63,81,rv_21d,0.041015
TMO,63,81,rv_63d,0.025142
TMO,63,81,rv_126d,0.021158
TMO,63,81,ewma_vol,0.050279
TMO,63,81,garch_cond_vol,0.008338
TMO,63,81,ret_TARGET,0.0
TMO,63,81,tech_RSI,0.004456
TMO,63,81,tech_MACD_hist,0.013192
TMO,63,81,ret_VIXY,0.0
TMO,63,81,mom21_VIXY,0.023714
TMO,63,81,ret_HYG,0.0
TMO,63,81,mom21_HYG,0.015603
TMO,63,81,ret_USO,0.0
TMO,63,81,mom21_USO,0.020707
TMO,63,81,ret_TLT,0.0
TMO,63,81,mom21_TLT,0.01176
TMO,63,81,ret_UUP,0.0
TMO,63,81,mom21_UUP,0.004199
TMO,63,81,ret_SPY,0.0
TMO,63,81,mom21_SPY,0.004767
TMO,63,81,vol_vel,0.00767
TMO,63,81,vol_of_vol,0.006571
TMO,63,81,vol_regime_zscore,0.031628
TMO,63,81,vol_chg_21d,0.013366
TMO,63,81,event_fed_gravity,0.040094
TMO,63,81,event_earn_gravity,0.0
TMO,63,81,event_div_gravity,0.0
TMO,63,81,event_cpi_gravity,0.069664
TMO,63,81,event_nfp_gravity,0.050981
TMO,63,81,put_call_skew_30d,0.039963
TMO,63,81,term_structure_slope,0.01452
TMO,63,81,vrp_wedge,0.003707
TMO,63,81,iv_atm_z_score,0.026921
TMO,63,81,macro_yield_curve_slope,0.056491
TMO,63,81,macro_hy_spread,0.014961
TMO,63,81,macro_hy_spread_chg_5d,0.014718
TMO,63,81,macro_breakeven_5y,0.019419
TMO,63,81,macro_inflation_fwd_5y5y,0.020349
TMO,63,81,macro_inflation_fwd_chg_21d,0.004828
TMO,63,81,macro_inflation_fwd_abs_chg_21d,0.005028
TMO,63,81,macro_inflation_fwd_chg_63d,0.007325
TMO,63,81,macro_inflation_fwd_zscore,0.00923
TMO,63,81,macro_dollar_ret,0.0
TMO,63,81,beta_spy,0.02327
TMO,63,81,res_vol,0.011378
TMO,63,81,res_vol_vel,0.009102
TMO,63,81,price_regime,0.120084
TMO,63,81,corr_sector_21d,0.008325
TMO,63,81,corr_sector_252d,0.037788
TMO,63,81,sector_wedge,0.031399
TMO,63,82,rv_5d,0.02213
TMO,63,82,rv_10d,0.038095
TMO,63,82,rv_21d,0.037246
TMO,63,82,rv_63d,0.026971
TMO,63,82,rv_126d,0.024671
TMO,63,82,ewma_vol,0.037379
TMO,63,82,garch_cond_vol,0.012327
TMO,63,82,ret_TARGET,0.0
TMO,63,82,tech_RSI,0.00565
TMO,63,82,tech_MACD_hist,0.01554
TMO,63,82,ret_VIXY,0.0
TMO,63,82,mom21_VIXY,0.03314
TMO,63,82,ret_HYG,0.0
TMO,63,82,mom21_HYG,0.014928
TMO,63,82,ret_USO,0.0
TMO,63,82,mom21_USO,0.024113
TMO,63,82,ret_TLT,0.0
TMO,63,82,mom21_TLT,0.011819
TMO,63,82,ret_UUP,0.0
TMO,63,82,mom21_UUP,0.0
TMO,63,82,ret_SPY,0.0
TMO,63,82,mom21_SPY,0.004373
TMO,63,82,vol_vel,0.007697
TMO,63,82,vol_of_vol,0.007498
TMO,63,82,vol_regime_zscore,0.02905
TMO,63,82,vol_chg_21d,0.015974
TMO,63,82,event_fed_gravity,0.051466
TMO,63,82,event_earn_gravity,0.0
TMO,63,82,event_div_gravity,0.0
TMO,63,82,event_cpi_gravity,0.055296
TMO,63,82,event_nfp_gravity,0.053388
TMO,63,82,put_call_skew_30d,0.078776
TMO,63,82,term_structure_slope,0.0
TMO,63,82,vrp_wedge,0.0
TMO,63,82,iv_atm_z_score,0.028358
TMO,63,82,macro_yield_curve_slope,0.055201
TMO,63,82,macro_hy_spread,0.013685
TMO,63,82,macro_hy_spread_chg_5d,0.015884
TMO,63,82,macro_breakeven_5y,0.017293
TMO,63,82,macro_inflation_fwd_5y5y,0.025332
TMO,63,82,macro_inflation_fwd_chg_21d,0.00501
TMO,63,82,macro_inflation_fwd_abs_chg_21d,0.004525
TMO,63,82,macro_inflation_fwd_chg_63d,0.009678
TMO,63,82,macro_inflation_fwd_zscore,0.009785
TMO,63,82,macro_dollar_ret,0.0
TMO,63,82,beta_spy,0.023402
TMO,63,82,res_vol,0.010319
TMO,63,82,res_vol_vel,0.009514
TMO,63,82,price_regime,0.096605
TMO,63,82,corr_sector_21d,0.009233
TMO,63,82,corr_sector_252d,0.036162
TMO,63,82,sector_wedge,0.022488
TMO,63,83,rv_5d,0.013069
TMO,63,83,rv_10d,0.04501
TMO,63,83,rv_21d,0.038003
TMO,63,83,rv_63d,0.03092
TMO,63,83,rv_126d,0.018732
TMO,63,83,ewma_vol,0.052695
TMO,63,83,garch_cond_vol,0.017374
TMO,63,83,ret_TARGET,0.0
TMO,63,83,tech_RSI,0.005021
TMO,63,83,tech_MACD_hist,0.014058
TMO,63,83,ret_VIXY,0.0
TMO,63,83,mom21_VIXY,0.023807
TMO,63,83,ret_HYG,0.0
TMO,63,83,mom21_HYG,0.015475
TMO,63,83,ret_USO,0.0
TMO,63,83,mom21_USO,0.021197
TMO,63,83,ret_TLT,0.0
TMO,63,83,mom21_TLT,0.01199
TMO,63,83,ret_UUP,0.0
TMO,63,83,mom21_UUP,0.0
TMO,63,83,ret_SPY,0.0
TMO,63,83,mom21_SPY,0.004892
TMO,63,83,vol_vel,0.005327
TMO,63,83,vol_of_vol,0.00691
TMO,63,83,vol_regime_zscore,0.026995
TMO,63,83,vol_chg_21d,0.008948
TMO,63,83,event_fed_gravity,0.059362
TMO,63,83,event_earn_gravity,0.0
TMO,63,83,event_div_gravity,0.0
TMO,63,83,event_cpi_gravity,0.051659
TMO,63,83,event_nfp_gravity,0.060508
TMO,63,83,put_call_skew_30d,0.056819
TMO,63,83,term_structure_slope,0.016003
TMO,63,83,vrp_wedge,0.00398
TMO,63,83,iv_atm_z_score,0.026111
TMO,63,83,macro_yield_curve_slope,0.05775
TMO,63,83,macro_hy_spread,0.01249
TMO,63,83,macro_hy_spread_chg_5d,0.020961
TMO,63,83,macro_breakeven_5y,0.014164
TMO,63,83,macro_inflation_fwd_5y5y,0.019083
TMO,63,83,macro_inflation_fwd_chg_21d,0.004891
TMO,63,83,macro_inflation_fwd_abs_chg_21d,0.004218
TMO,63,83,macro_inflation_fwd_chg_63d,0.00808
TMO,63,83,macro_inflation_fwd_zscore,0.009846
TMO,63,83,macro_dollar_ret,0.0
TMO,63,83,beta_spy,0.021015
TMO,63,83,res_vol,0.011301
TMO,63,83,res_vol_vel,0.00588
TMO,63,83,price_regime,0.103932
TMO,63,83,corr_sector_21d,0.009094
TMO,63,83,corr_sector_252d,0.035955
TMO,63,83,sector_wedge,0.026475
TMO,63,84,rv_5d,0.021418
TMO,63,84,rv_10d,0.048306
TMO,63,84,rv_21d,0.028121
TMO,63,84,rv_63d,0.025252
TMO,63,84,rv_126d,0.021004
TMO,63,84,ewma_vol,0.04013
TMO,63,84,garch_cond_vol,0.019791
TMO,63,84,ret_TARGET,0.0
TMO,63,84,tech_RSI,0.005389
TMO,63,84,tech_MACD_hist,0.013501
TMO,63,84,ret_VIXY,0.0
TMO,63,84,mom21_VIXY,0.025184
TMO,63,84,ret_HYG,0.0
TMO,63,84,mom21_HYG,0.016174
TMO,63,84,ret_USO,0.0
TMO,63,84,mom21_USO,0.016613
TMO,63,84,ret_TLT,0.0
TMO,63,84,mom21_TLT,0.007635
TMO,63,84,ret_UUP,0.0
TMO,63,84,mom21_UUP,0.0
TMO,63,84,ret_SPY,0.0
TMO,63,84,mom21_SPY,0.004802
TMO,63,84,vol_vel,0.006652
TMO,63,84,vol_of_vol,0.006031
TMO,63,84,vol_regime_zscore,0.025216
TMO,63,84,vol_chg_21d,0.008224
TMO,63,84,event_fed_gravity,0.052329
TMO,63,84,event_earn_gravity,0.0
TMO,63,84,event_div_gravity,0.0
TMO,63,84,event_cpi_gravity,0.074964
TMO,63,84,event_nfp_gravity,0.04684
TMO,63,84,put_call_skew_30d,0.092829
TMO,63,84,term_structure_slope,0.0
TMO,63,84,vrp_wedge,0.012826
TMO,63,84,iv_atm_z_score,0.025046
TMO,63,84,macro_yield_curve_slope,0.056441
TMO,63,84,macro_hy_spread,0.014966
TMO,63,84,macro_hy_spread_chg_5d,0.022493
TMO,63,84,macro_breakeven_5y,0.01866
TMO,63,84,macro_inflation_fwd_5y5y,0.020385
TMO,63,84,macro_inflation_fwd_chg_21d,0.005568
TMO,63,84,macro_inflation_fwd_abs_chg_21d,0.005006
TMO,63,84,macro_inflation_fwd_chg_63d,0.007841
TMO,63,84,macro_inflation_fwd_zscore,0.008655
TMO,63,84,macro_dollar_ret,0.0
TMO,63,84,beta_spy,0.020833
TMO,63,84,res_vol,0.011244
TMO,63,84,res_vol_vel,0.007909
TMO,63,84,price_regime,0.096225
TMO,63,84,corr_sector_21d,0.008422
TMO,63,84,corr_sector_252d,0.032522
TMO,63,84,sector_wedge,0.018551
TMO,63,85,rv_5d,0.015008
TMO,63,85,rv_10d,0.047527
TMO,63,85,rv_21d,0.025558
TMO,63,85,rv_63d,0.025446
TMO,63,85,rv_126d,0.022312
TMO,63,85,ewma_vol,0.038828
TMO,63,85,garch_cond_vol,0.012171
TMO,63,85,ret_TARGET,0.0
TMO,63,85,tech_RSI,0.004417
TMO,63,85,tech_MACD_hist,0.004895
TMO,63,85,ret_VIXY,0.0
TMO,63,85,mom21_VIXY,0.026837
TMO,63,85,ret_HYG,0.0
TMO,63,85,mom21_HYG,0.01768
TMO,63,85,ret_USO,0.0
TMO,63,85,mom21_USO,0.019286
TMO,63,85,ret_TLT,0.0
TMO,63,85,mom21_TLT,0.016339
TMO,63,85,ret_UUP,0.0
TMO,63,85,mom21_UUP,0.007112
TMO,63,85,ret_SPY,0.0
TMO,63,85,mom21_SPY,0.005462
TMO,63,85,vol_vel,0.007741
TMO,63,85,vol_of_vol,0.006865
TMO,63,85,vol_regime_zscore,0.023189
TMO,63,85,vol_chg_21d,0.011446
TMO,63,85,event_fed_gravity,0.038904
TMO,63,85,event_earn_gravity,0.0
TMO,63,85,event_div_gravity,0.0
TMO,63,85,event_cpi_gravity,0.059458
TMO,63,85,event_nfp_gravity,0.084441
TMO,63,85,put_call_skew_30d,0.088122
TMO,63,85,term_structure_slope,0.02561
TMO,63,85,vrp_wedge,0.005859
TMO,63,85,iv_atm_z_score,0.025396
TMO,63,85,macro_yield_curve_slope,0.060256
TMO,63,85,macro_hy_spread,0.0144
TMO,63,85,macro_hy_spread_chg_5d,0.012349
TMO,63,85,macro_breakeven_5y,0.016275
TMO,63,85,macro_inflation_fwd_5y5y,0.019391
TMO,63,85,macro_inflation_fwd_chg_21d,0.014699
TMO,63,85,macro_inflation_fwd_abs_chg_21d,0.003525
TMO,63,85,macro_inflation_fwd_chg_63d,0.006984
TMO,63,85,macro_inflation_fwd_zscore,0.007575
TMO,63,85,macro_dollar_ret,0.0
TMO,63,85,beta_spy,0.024768
TMO,63,85,res_vol,0.011395
TMO,63,85,res_vol_vel,0.009908
TMO,63,85,price_regime,0.066555
TMO,63,85,corr_sector_21d,0.007468
TMO,63,85,corr_sector_252d,0.03482
TMO,63,85,sector_wedge,0.023722
TMO,63,86,rv_5d,0.01815
TMO,63,86,rv_10d,0.040511
TMO,63,86,rv_21d,0.025882
TMO,63,86,rv_63d,0.028725
TMO,63,86,rv_126d,0.029673
TMO,63,86,ewma_vol,0.021551
TMO,63,86,garch_cond_vol,0.028887
TMO,63,86,ret_TARGET,0.0
TMO,63,86,tech_RSI,0.004405
TMO,63,86,tech_MACD_hist,0.005252
TMO,63,86,ret_VIXY,0.0
TMO,63,86,mom21_VIXY,0.030188
TMO,63,86,ret_HYG,0.0
TMO,63,86,mom21_HYG,0.017771
TMO,63,86,ret_USO,0.0
TMO,63,86,mom21_USO,0.020225
TMO,63,86,ret_TLT,0.0
TMO,63,86,mom21_TLT,0.007012
TMO,63,86,ret_UUP,0.0
TMO,63,86,mom21_UUP,0.0
TMO,63,86,ret_SPY,0.0
TMO,63,86,mom21_SPY,0.004812
TMO,63,86,vol_vel,0.005554
TMO,63,86,vol_of_vol,0.007759
TMO,63,86,vol_regime_zscore,0.026354
TMO,63,86,vol_chg_21d,0.009497
TMO,63,86,event_fed_gravity,0.067175
TMO,63,86,event_earn_gravity,0.0
TMO,63,86,event_div_gravity,0.0
TMO,63,86,event_cpi_gravity,0.044974
TMO,63,86,event_nfp_gravity,0.055397
TMO,63,86,put_call_skew_30d,0.076829
TMO,63,86,term_structure_slope,0.01095
TMO,63,86,vrp_wedge,0.012671
TMO,63,86,iv_atm_z_score,0.027591
TMO,63,86,macro_yield_curve_slope,0.064453
TMO,63,86,macro_hy_spread,0.011259
TMO,63,86,macro_hy_spread_chg_5d,0.010703
TMO,63,86,macro_breakeven_5y,0.018081
TMO,63,86,macro_inflation_fwd_5y5y,0.021068
TMO,63,86,macro_inflation_fwd_chg_21d,0.00941
TMO,63,86,macro_inflation_fwd_abs_chg_21d,0.00478
TMO,63,86,macro_inflation_fwd_chg_63d,0.008143
TMO,63,86,macro_inflation_fwd_zscore,0.009079
TMO,63,86,macro_dollar_ret,0.0
TMO,63,86,beta_spy,0.029918
TMO,63,86,res_vol,0.012243
TMO,63,86,res_vol_vel,0.004964
TMO,63,86,price_regime,0.102291
TMO,63,86,corr_sector_21d,0.008061
TMO,63,86,corr_sector_252d,0.037194
TMO,63,86,sector_wedge,0.020558
TMO,63,87,rv_5d,0.0215
TMO,63,87,rv_10d,0.017112
TMO,63,87,rv_21d,0.038602
TMO,63,87,rv_63d,0.023798
TMO,63,87,rv_126d,0.02982
TMO,63,87,ewma_vol,0.018595
TMO,63,87,garch_cond_vol,0.017318
TMO,63,87,ret_TARGET,0.0
TMO,63,87,tech_RSI,0.003981
TMO,63,87,tech_MACD_hist,0.004458
TMO,63,87,ret_VIXY,0.0
TMO,63,87,mom21_VIXY,0.026803
TMO,63,87,ret_HYG,0.0
TMO,63,87,mom21_HYG,0.017433
TMO,63,87,ret_USO,0.0
TMO,63,87,mom21_USO,0.023153
TMO,63,87,ret_TLT,0.0
TMO,63,87,mom21_TLT,0.00839
TMO,63,87,ret_UUP,0.0
TMO,63,87,mom21_UUP,0.005411
TMO,63,87,ret_SPY,0.0
TMO,63,87,mom21_SPY,0.003917
TMO,63,87,vol_vel,0.008225
TMO,63,87,vol_of_vol,0.011104
TMO,63,87,vol_regime_zscore,0.028204
TMO,63,87,vol_chg_21d,0.007516
TMO,63,87,event_fed_gravity,0.045041
TMO,63,87,event_earn_gravity,0.0
TMO,63,87,event_div_gravity,0.0
TMO,63,87,event_cpi_gravity,0.061771
TMO,63,87,event_nfp_gravity,0.082242
TMO,63,87,put_call_skew_30d,0.038459
TMO,63,87,term_structure_slope,0.008988
TMO,63,87,vrp_wedge,0.003841
TMO,63,87,iv_atm_z_score,0.027064
TMO,63,87,macro_yield_curve_slope,0.064432
TMO,63,87,macro_hy_spread,0.014075
TMO,63,87,macro_hy_spread_chg_5d,0.014438
TMO,63,87,macro_breakeven_5y,0.016356
TMO,63,87,macro_inflation_fwd_5y5y,0.019955
TMO,63,87,macro_inflation_fwd_chg_21d,0.026589
TMO,63,87,macro_inflation_fwd_abs_chg_21d,0.004741
TMO,63,87,macro_inflation_fwd_chg_63d,0.007362
TMO,63,87,macro_inflation_fwd_zscore,0.007468
TMO,63,87,macro_dollar_ret,0.0
TMO,63,87,beta_spy,0.026734
TMO,63,87,res_vol,0.012449
TMO,63,87,res_vol_vel,0.012293
TMO,63,87,price_regime,0.131251
TMO,63,87,corr_sector_21d,0.005618
TMO,63,87,corr_sector_252d,0.032298
TMO,63,87,sector_wedge,0.021193
TMO,63,88,rv_5d,0.012588
TMO,63,88,rv_10d,0.014447
TMO,63,88,rv_21d,0.027555
TMO,63,88,rv_63d,0.03132
TMO,63,88,rv_126d,0.029241
TMO,63,88,ewma_vol,0.031508
TMO,63,88,garch_cond_vol,0.0
TMO,63,88,ret_TARGET,0.0
TMO,63,88,tech_RSI,0.004262
TMO,63,88,tech_MACD_hist,0.057908
TMO,63,88,ret_VIXY,0.0
TMO,63,88,mom21_VIXY,0.026537
TMO,63,88,ret_HYG,0.0
TMO,63,88,mom21_HYG,0.017938
TMO,63,88,ret_USO,0.0
TMO,63,88,mom21_USO,0.020074
TMO,63,88,ret_TLT,0.0
TMO,63,88,mom21_TLT,0.006706
TMO,63,88,ret_UUP,0.0
TMO,63,88,mom21_UUP,0.007162
TMO,63,88,ret_SPY,0.0
TMO,63,88,mom21_SPY,0.006223
TMO,63,88,vol_vel,0.006586
TMO,63,88,vol_of_vol,0.011297
TMO,63,88,vol_regime_zscore,0.029214
TMO,63,88,vol_chg_21d,0.022369
TMO,63,88,event_fed_gravity,0.053047
TMO,63,88,event_earn_gravity,0.0
TMO,63,88,event_div_gravity,0.0
TMO,63,88,event_cpi_gravity,0.079734
TMO,63,88,event_nfp_gravity,0.054861
TMO,63,88,put_call_skew_30d,0.02731
TMO,63,88,term_structure_slope,0.030128
TMO,63,88,vrp_wedge,0.009906
TMO,63,88,iv_atm_z_score,0.024184
TMO,63,88,macro_yield_curve_slope,0.066424
TMO,63,88,macro_hy_spread,0.013296
TMO,63,88,macro_hy_spread_chg_5d,0.018211
TMO,63,88,macro_breakeven_5y,0.019077
TMO,63,88,macro_inflation_fwd_5y5y,0.021508
TMO,63,88,macro_inflation_fwd_chg_21d,0.017092
TMO,63,88,macro_inflation_fwd_abs_chg_21d,0.005339
TMO,63,88,macro_inflation_fwd_chg_63d,0.009338
TMO,63,88,macro_inflation_fwd_zscore,0.00816
TMO,63,88,macro_dollar_ret,0.0
TMO,63,88,beta_spy,0.029443
TMO,63,88,res_vol,0.010698
TMO,63,88,res_vol_vel,0.005618
TMO,63,88,price_regime,0.064356
TMO,63,88,corr_sector_21d,0.008225
TMO,63,88,corr_sector_252d,0.034974
TMO,63,88,sector_wedge,0.026137
TMO,63,89,rv_5d,0.029991
TMO,63,89,rv_10d,0.026833
TMO,63,89,rv_21d,0.018594
TMO,63,89,rv_63d,0.029583
TMO,63,89,rv_126d,0.034485
TMO,63,89,ewma_vol,0.031053
TMO,63,89,garch_cond_vol,0.036168
TMO,63,89,ret_TARGET,0.0
TMO,63,89,tech_RSI,0.004561
TMO,63,89,tech_MACD_hist,0.106285
TMO,63,89,ret_VIXY,0.0
TMO,63,89,mom21_VIXY,0.02376
TMO,63,89,ret_HYG,0.0
TMO,63,89,mom21_HYG,0.011987
TMO,63,89,ret_USO,0.0
TMO,63,89,mom21_USO,0.017999
TMO,63,89,ret_TLT,0.0
TMO,63,89,mom21_TLT,0.006854
TMO,63,89,ret_UUP,0.0
TMO,63,89,mom21_UUP,0.004883
TMO,63,89,ret_SPY,0.0
TMO,63,89,mom21_SPY,0.020169
TMO,63,89,vol_vel,0.003519
TMO,63,89,vol_of_vol,0.011755
TMO,63,89,vol_regime_zscore,0.017787
TMO,63,89,vol_chg_21d,0.010017
TMO,63,89,event_fed_gravity,0.064613
TMO,63,89,event_earn_gravity,0.0
TMO,63,89,event_div_gravity,0.0
TMO,63,89,event_cpi_gravity,0.043427
TMO,63,89,event_nfp_gravity,0.053614
TMO,63,89,put_call_skew_30d,0.026231
TMO,63,89,term_structure_slope,0.030321
TMO,63,89,vrp_wedge,0.007461
TMO,63,89,iv_atm_z_score,0.020549
TMO,63,89,macro_yield_curve_slope,0.06313
TMO,63,89,macro_hy_spread,0.01407
TMO,63,89,macro_hy_spread_chg_5d,0.012991
TMO,63,89,macro_breakeven_5y,0.016141
TMO,63,89,macro_inflation_fwd_5y5y,0.018411
TMO,63,89,macro_inflation_fwd_chg_21d,0.01828
TMO,63,89,macro_inflation_fwd_abs_chg_21d,0.005086
TMO,63,89,macro_inflation_fwd_chg_63d,0.009413
TMO,63,89,macro_inflation_fwd_zscore,0.008371
TMO,63,89,macro_dollar_ret,0.0
TMO,63,89,beta_spy,0.024589
TMO,63,89,res_vol,0.011384
TMO,63,89,res_vol_vel,0.005223
TMO,63,89,price_regime,0.035891
TMO,63,89,corr_sector_21d,0.007206
TMO,63,89,corr_sector_252d,0.033272
TMO,63,89,sector_wedge,0.02404
TMO,63,90,rv_5d,0.044776
TMO,63,90,rv_10d,0.019128
TMO,63,90,rv_21d,0.010791
TMO,63,90,rv_63d,0.030238
TMO,63,90,rv_126d,0.034654
TMO,63,90,ewma_vol,0.036635
TMO,63,90,garch_cond_vol,0.027348
TMO,63,90,ret_TARGET,0.0
TMO,63,90,tech_RSI,0.004513
TMO,63,90,tech_MACD_hist,0.038629
TMO,63,90,ret_VIXY,0.0
TMO,63,90,mom21_VIXY,0.024961
TMO,63,90,ret_HYG,0.0
TMO,63,90,mom21_HYG,0.008751
TMO,63,90,ret_USO,0.0
TMO,63,90,mom21_USO,0.019588
TMO,63,90,ret_TLT,0.0
TMO,63,90,mom21_TLT,0.007536
TMO,63,90,ret_UUP,0.0
TMO,63,90,mom21_UUP,0.006665
TMO,63,90,ret_SPY,0.0
TMO,63,90,mom21_SPY,0.005694
TMO,63,90,vol_vel,0.0
TMO,63,90,vol_of_vol,0.010763
TMO,63,90,vol_regime_zscore,0.012191
TMO,63,90,vol_chg_21d,0.054271
TMO,63,90,event_fed_gravity,0.042478
TMO,63,90,event_earn_gravity,0.0
TMO,63,90,event_div_gravity,0.0
TMO,63,90,event_cpi_gravity,0.069067
TMO,63,90,event_nfp_gravity,0.066917
TMO,63,90,put_call_skew_30d,0.034706
TMO,63,90,term_structure_slope,0.054306
TMO,63,90,vrp_wedge,0.005339
TMO,63,90,iv_atm_z_score,0.019364
TMO,63,90,macro_yield_curve_slope,0.061996
TMO,63,90,macro_hy_spread,0.011611
TMO,63,90,macro_hy_spread_chg_5d,0.00787
TMO,63,90,macro_breakeven_5y,0.015775
TMO,63,90,macro_inflation_fwd_5y5y,0.028167
TMO,63,90,macro_inflation_fwd_chg_21d,0.020377
TMO,63,90,macro_inflation_fwd_abs_chg_21d,0.0
TMO,63,90,macro_inflation_fwd_chg_63d,0.00859
TMO,63,90,macro_inflation_fwd_zscore,0.006118
TMO,63,90,macro_dollar_ret,0.0
TMO,63,90,beta_spy,0.032393
TMO,63,90,res_vol,0.012958
TMO,63,90,res_vol_vel,0.007014
TMO,63,90,price_regime,0.032826
TMO,63,90,corr_sector_21d,0.008042
TMO,63,90,corr_sector_252d,0.030505
TMO,63,90,sector_wedge,0.026447
TMO,63,91,rv_5d,0.036488
TMO,63,91,rv_10d,0.027167
TMO,63,91,rv_21d,0.008248
TMO,63,91,rv_63d,0.031884
TMO,63,91,rv_126d,0.035222
TMO,63,91,ewma_vol,0.029911
TMO,63,91,garch_cond_vol,0.036704
TMO,63,91,ret_TARGET,0.0
TMO,63,91,tech_RSI,0.004825
TMO,63,91,tech_MACD_hist,0.038629
TMO,63,91,ret_VIXY,0.0
TMO,63,91,mom21_VIXY,0.028571
TMO,63,91,ret_HYG,0.0
TMO,63,91,mom21_HYG,0.012814
TMO,63,91,ret_USO,0.0
TMO,63,91,mom21_USO,0.01926
TMO,63,91,ret_TLT,0.0
TMO,63,91,mom21_TLT,0.009378
TMO,63,91,ret_UUP,0.0
TMO,63,91,mom21_UUP,0.00973
TMO,63,91,ret_SPY,0.0
TMO,63,91,mom21_SPY,0.004358
TMO,63,91,vol_vel,0.0
TMO,63,91,vol_of_vol,0.013556
TMO,63,91,vol_regime_zscore,0.014204
TMO,63,91,vol_chg_21d,0.032662
TMO,63,91,event_fed_gravity,0.050487
TMO,63,91,event_earn_gravity,0.0
TMO,63,91,event_div_gravity,0.0
TMO,63,91,event_cpi_gravity,0.048286
TMO,63,91,event_nfp_gravity,0.047728
TMO,63,91,put_call_skew_30d,0.012595
TMO,63,91,term_structure_slope,0.032342
TMO,63,91,vrp_wedge,0.004228
TMO,63,91,iv_atm_z_score,0.02275
TMO,63,91,macro_yield_curve_slope,0.064866
TMO,63,91,macro_hy_spread,0.010174
TMO,63,91,macro_hy_spread_chg_5d,0.008824
TMO,63,91,macro_breakeven_5y,0.016843
TMO,63,91,macro_inflation_fwd_5y5y,0.02206
TMO,63,91,macro_inflation_fwd_chg_21d,0.013889
TMO,63,91,macro_inflation_fwd_abs_chg_21d,0.004487
TMO,63,91,macro_inflation_fwd_chg_63d,0.010682
TMO,63,91,macro_inflation_fwd_zscore,0.008653
TMO,63,91,macro_dollar_ret,0.0
TMO,63,91,beta_spy,0.027312
TMO,63,91,res_vol,0.01293
TMO,63,91,res_vol_vel,0.006072
TMO,63,91,price_regime,0.106855
TMO,63,91,corr_sector_21d,0.008489
TMO,63,91,corr_sector_252d,0.039001
TMO,63,91,sector_wedge,0.026836
TMO,63,92,rv_5d,0.032146
TMO,63,92,rv_10d,0.043415
TMO,63,92,rv_21d,0.010395
TMO,63,92,rv_63d,0.023154
TMO,63,92,rv_126d,0.031613
TMO,63,92,ewma_vol,0.035156
TMO,63,92,garch_cond_vol,0.03109
TMO,63,92,ret_TARGET,0.0
TMO,63,92,tech_RSI,0.004292
TMO,63,92,tech_MACD_hist,0.006641
TMO,63,92,ret_VIXY,0.0
TMO,63,92,mom21_VIXY,0.025708
TMO,63,92,ret_HYG,0.0
TMO,63,92,mom21_HYG,0.012701
TMO,63,92,ret_USO,0.0
TMO,63,92,mom21_USO,0.016678
TMO,63,92,ret_TLT,0.0
TMO,63,92,mom21_TLT,0.009171
TMO,63,92,ret_UUP,0.0
TMO,63,92,mom21_UUP,0.005069
TMO,63,92,ret_SPY,0.0
TMO,63,92,mom21_SPY,0.017024
TMO,63,92,vol_vel,0.005294
TMO,63,92,vol_of_vol,0.008071
TMO,63,92,vol_regime_zscore,0.015968
TMO,63,92,vol_chg_21d,0.020164
TMO,63,92,event_fed_gravity,0.046696
TMO,63,92,event_earn_gravity,0.0
TMO,63,92,event_div_gravity,0.0
TMO,63,92,event_cpi_gravity,0.052656
TMO,63,92,event_nfp_gravity,0.046213
TMO,63,92,put_call_skew_30d,0.043842
TMO,63,92,term_structure_slope,0.056257
TMO,63,92,vrp_wedge,0.008177
TMO,63,92,iv_atm_z_score,0.02114
TMO,63,92,macro_yield_curve_slope,0.062202
TMO,63,92,macro_hy_spread,0.009591
TMO,63,92,macro_hy_spread_chg_5d,0.022787
TMO,63,92,macro_breakeven_5y,0.016581
TMO,63,92,macro_inflation_fwd_5y5y,0.018384
TMO,63,92,macro_inflation_fwd_chg_21d,0.026912
TMO,63,92,macro_inflation_fwd_abs_chg_21d,0.004048
TMO,63,92,macro_inflation_fwd_chg_63d,0.010432
TMO,63,92,macro_inflation_fwd_zscore,0.006352
TMO,63,92,macro_dollar_ret,0.0
TMO,63,92,beta_spy,0.026726
TMO,63,92,res_vol,0.012395
TMO,63,92,res_vol_vel,0.003752
TMO,63,92,price_regime,0.080949
TMO,63,92,corr_sector_21d,0.007923
TMO,63,92,corr_sector_252d,0.035496
TMO,63,92,sector_wedge,0.026739
TMO,63,93,rv_5d,0.034581
TMO,63,93,rv_10d,0.021914
TMO,63,93,rv_21d,0.017512
TMO,63,93,rv_63d,0.037313
TMO,63,93,rv_126d,0.030161
TMO,63,93,ewma_vol,0.030974
TMO,63,93,garch_cond_vol,0.029836
TMO,63,93,ret_TARGET,0.0
TMO,63,93,tech_RSI,0.0
TMO,63,93,tech_MACD_hist,0.084859
TMO,63,93,ret_VIXY,0.0
TMO,63,93,mom21_VIXY,0.02387
TMO,63,93,ret_HYG,0.0
TMO,63,93,mom21_HYG,0.009755
TMO,63,93,ret_USO,0.0
TMO,63,93,mom21_USO,0.018044
TMO,63,93,ret_TLT,0.0
TMO,63,93,mom21_TLT,0.006835
TMO,63,93,ret_UUP,0.0
TMO,63,93,mom21_UUP,0.0
TMO,63,93,ret_SPY,0.0
TMO,63,93,mom21_SPY,0.004561
TMO,63,93,vol_vel,0.01964
TMO,63,93,vol_of_vol,0.007053
TMO,63,93,vol_regime_zscore,0.012574
TMO,63,93,vol_chg_21d,0.02095
TMO,63,93,event_fed_gravity,0.035374
TMO,63,93,event_earn_gravity,0.0
TMO,63,93,event_div_gravity,0.0
TMO,63,93,event_cpi_gravity,0.043162
TMO,63,93,event_nfp_gravity,0.061882
TMO,63,93,put_call_skew_30d,0.018473
TMO,63,93,term_structure_slope,0.019706
TMO,63,93,vrp_wedge,0.006131
TMO,63,93,iv_atm_z_score,0.021984
TMO,63,93,macro_yield_curve_slope,0.065636
TMO,63,93,macro_hy_spread,0.012546
TMO,63,93,macro_hy_spread_chg_5d,0.016165
TMO,63,93,macro_breakeven_5y,0.02163
TMO,63,93,macro_inflation_fwd_5y5y,0.01706
TMO,63,93,macro_inflation_fwd_chg_21d,0.027729
TMO,63,93,macro_inflation_fwd_abs_chg_21d,0.003906
TMO,63,93,macro_inflation_fwd_chg_63d,0.008783
TMO,63,93,macro_inflation_fwd_zscore,0.006232
TMO,63,93,macro_dollar_ret,0.0
TMO,63,93,beta_spy,0.025827
TMO,63,93,res_vol,0.012281
TMO,63,93,res_vol_vel,0.012752
TMO,63,93,price_regime,0.076893
TMO,63,93,corr_sector_21d,0.008322
TMO,63,93,corr_sector_252d,0.035244
TMO,63,93,sector_wedge,0.03185
TMO,63,94,rv_5d,0.037089
TMO,63,94,rv_10d,0.027318
TMO,63,94,rv_21d,0.045616
TMO,63,94,rv_63d,0.031246
TMO,63,94,rv_126d,0.032787
TMO,63,94,ewma_vol,0.040661
TMO,63,94,garch_cond_vol,0.028627
TMO,63,94,ret_TARGET,0.0
TMO,63,94,tech_RSI,0.004564
TMO,63,94,tech_MACD_hist,0.006696
TMO,63,94,ret_VIXY,0.0
TMO,63,94,mom21_VIXY,0.025986
TMO,63,94,ret_HYG,0.0
TMO,63,94,mom21_HYG,0.014237
TMO,63,94,ret_USO,0.0
TMO,63,94,mom21_USO,0.018996
TMO,63,94,ret_TLT,0.0
TMO,63,94,mom21_TLT,0.00925
TMO,63,94,ret_UUP,0.0
TMO,63,94,mom21_UUP,0.0
TMO,63,94,ret_SPY,0.0
TMO,63,94,mom21_SPY,0.004956
TMO,63,94,vol_vel,0.0
TMO,63,94,vol_of_vol,0.013298
TMO,63,94,vol_regime_zscore,0.019475
TMO,63,94,vol_chg_21d,0.019031
TMO,63,94,event_fed_gravity,0.037472
TMO,63,94,event_earn_gravity,0.0
TMO,63,94,event_div_gravity,0.0
TMO,63,94,event_cpi_gravity,0.062125
TMO,63,94,event_nfp_gravity,0.056338
TMO,63,94,put_call_skew_30d,0.01845
TMO,63,94,term_structure_slope,0.027417
TMO,63,94,vrp_wedge,0.009823
TMO,63,94,iv_atm_z_score,0.025795
TMO,63,94,macro_yield_curve_slope,0.067777
TMO,63,94,macro_hy_spread,0.014391
TMO,63,94,macro_hy_spread_chg_5d,0.01792
TMO,63,94,macro_breakeven_5y,0.017187
TMO,63,94,macro_inflation_fwd_5y5y,0.02202
TMO,63,94,macro_inflation_fwd_chg_21d,0.008994
TMO,63,94,macro_inflation_fwd_abs_chg_21d,0.003895
TMO,63,94,macro_inflation_fwd_chg_63d,0.009481
TMO,63,94,macro_inflation_fwd_zscore,0.006672
TMO,63,94,macro_dollar_ret,0.003671
TMO,63,94,beta_spy,0.028822
TMO,63,94,res_vol,0.012797
TMO,63,94,res_vol_vel,0.010104
TMO,63,94,price_regime,0.079056
TMO,63,94,corr_sector_21d,0.007628
TMO,63,94,corr_sector_252d,0.04208
TMO,63,94,sector_wedge,0.030249
TMO,63,95,rv_5d,0.041185
TMO,63,95,rv_10d,0.026247
TMO,63,95,rv_21d,0.011233
TMO,63,95,rv_63d,0.035583
TMO,63,95,rv_126d,0.030603
TMO,63,95,ewma_vol,0.030436
TMO,63,95,garch_cond_vol,0.024571
TMO,63,95,ret_TARGET,0.0
TMO,63,95,tech_RSI,0.004532
TMO,63,95,tech_MACD_hist,0.080704
TMO,63,95,ret_VIXY,0.0
TMO,63,95,mom21_VIXY,0.025719
TMO,63,95,ret_HYG,0.0
TMO,63,95,mom21_HYG,0.011867
TMO,63,95,ret_USO,0.0
TMO,63,95,mom21_USO,0.01815
TMO,63,95,ret_TLT,0.0
TMO,63,95,mom21_TLT,0.00827
TMO,63,95,ret_UUP,0.0
TMO,63,95,mom21_UUP,0.0
TMO,63,95,ret_SPY,0.0
TMO,63,95,mom21_SPY,0.004436
TMO,63,95,vol_vel,0.004144
TMO,63,95,vol_of_vol,0.01469
TMO,63,95,vol_regime_zscore,0.011453
TMO,63,95,vol_chg_21d,0.038456
TMO,63,95,event_fed_gravity,0.040355
TMO,63,95,event_earn_gravity,0.0
TMO,63,95,event_div_gravity,0.0
TMO,63,95,event_cpi_gravity,0.03528
TMO,63,95,event_nfp_gravity,0.068409
TMO,63,95,put_call_skew_30d,0.0242
TMO,63,95,term_structure_slope,0.032542
TMO,63,95,vrp_wedge,0.006938
TMO,63,95,iv_atm_z_score,0.018471
TMO,63,95,macro_yield_curve_slope,0.060617
TMO,63,95,macro_hy_spread,0.011744
TMO,63,95,macro_hy_spread_chg_5d,0.013444
TMO,63,95,macro_breakeven_5y,0.020439
TMO,63,95,macro_inflation_fwd_5y5y,0.019877
TMO,63,95,macro_inflation_fwd_chg_21d,0.010591
TMO,63,95,macro_inflation_fwd_abs_chg_21d,0.0
TMO,63,95,macro_inflation_fwd_chg_63d,0.010449
TMO,63,95,macro_inflation_fwd_zscore,0.005951
TMO,63,95,macro_dollar_ret,0.0
TMO,63,95,beta_spy,0.026185
TMO,63,95,res_vol,0.014481
TMO,63,95,res_vol_vel,0.008832
TMO,63,95,price_regime,0.077389
TMO,63,95,corr_sector_21d,0.008757
TMO,63,95,corr_sector_252d,0.035866
TMO,63,95,sector_wedge,0.026903
TMO,63,96,rv_5d,0.035337
TMO,63,96,rv_10d,0.026146
TMO,63,96,rv_21d,0.033991
TMO,63,96,rv_63d,0.036019
TMO,63,96,rv_126d,0.027808
TMO,63,96,ewma_vol,0.046786
TMO,63,96,garch_cond_vol,0.048265
TMO,63,96,ret_TARGET,0.0
TMO,63,96,tech_RSI,0.004366
TMO,63,96,tech_MACD_hist,0.085276
TMO,63,96,ret_VIXY,0.0
TMO,63,96,mom21_VIXY,0.029454
TMO,63,96,ret_HYG,0.0
TMO,63,96,mom21_HYG,0.009852
TMO,63,96,ret_USO,0.0
TMO,63,96,mom21_USO,0.019998
TMO,63,96,ret_TLT,0.0
TMO,63,96,mom21_TLT,0.009103
TMO,63,96,ret_UUP,0.0
TMO,63,96,mom21_UUP,0.006126
TMO,63,96,ret_SPY,0.0
TMO,63,96,mom21_SPY,0.005292
TMO,63,96,vol_vel,0.004029
TMO,63,96,vol_of_vol,0.01599
TMO,63,96,vol_regime_zscore,0.010238
TMO,63,96,vol_chg_21d,0.01475
TMO,63,96,event_fed_gravity,0.034964
TMO,63,96,event_earn_gravity,0.0
TMO,63,96,event_div_gravity,0.0
TMO,63,96,event_cpi_gravity,0.046638
TMO,63,96,event_nfp_gravity,0.050996
TMO,63,96,put_call_skew_30d,0.015797
TMO,63,96,term_structure_slope,0.019336
TMO,63,96,vrp_wedge,0.00726
TMO,63,96,iv_atm_z_score,0.021941
TMO,63,96,macro_yield_curve_slope,0.062435
TMO,63,96,macro_hy_spread,0.015382
TMO,63,96,macro_hy_spread_chg_5d,0.009949
TMO,63,96,macro_breakeven_5y,0.015617
TMO,63,96,macro_inflation_fwd_5y5y,0.016852
TMO,63,96,macro_inflation_fwd_chg_21d,0.008626
TMO,63,96,macro_inflation_fwd_abs_chg_21d,0.0
TMO,63,96,macro_inflation_fwd_chg_63d,0.009349
TMO,63,96,macro_inflation_fwd_zscore,0.00624
TMO,63,96,macro_dollar_ret,0.0
TMO,63,96,beta_spy,0.027181
TMO,63,96,res_vol,0.016895
TMO,63,96,res_vol_vel,0.004159
TMO,63,96,price_regime,0.072505
TMO,63,96,corr_sector_21d,0.006546
TMO,63,96,corr_sector_252d,0.038776
TMO,63,96,sector_wedge,0.023729
TMO,63,97,rv_5d,0.041024
TMO,63,97,rv_10d,0.038769
TMO,63,97,rv_21d,0.0412
TMO,63,97,rv_63d,0.03307
TMO,63,97,rv_126d,0.03157
TMO,63,97,ewma_vol,0.022311
TMO,63,97,garch_cond_vol,0.033869
TMO,63,97,ret_TARGET,0.0
TMO,63,97,tech_RSI,0.005896
TMO,63,97,tech_MACD_hist,0.006481
TMO,63,97,ret_VIXY,0.0
TMO,63,97,mom21_VIXY,0.034886
TMO,63,97,ret_HYG,0.0
TMO,63,97,mom21_HYG,0.010446
TMO,63,97,ret_USO,0.0
TMO,63,97,mom21_USO,0.019845
TMO,63,97,ret_TLT,0.0
TMO,63,97,mom21_TLT,0.008462
TMO,63,97,ret_UUP,0.0
TMO,63,97,mom21_UUP,0.006264
TMO,63,97,ret_SPY,0.0
TMO,63,97,mom21_SPY,0.004703
TMO,63,97,vol_vel,0.004237
TMO,63,97,vol_of_vol,0.015918
TMO,63,97,vol_regime_zscore,0.011353
TMO,63,97,vol_chg_21d,0.011053
TMO,63,97,event_fed_gravity,0.041433
TMO,63,97,event_earn_gravity,0.0
TMO,63,97,event_div_gravity,0.0
TMO,63,97,event_cpi_gravity,0.052543
TMO,63,97,event_nfp_gravity,0.075558
TMO,63,97,put_call_skew_30d,0.015455
TMO,63,97,term_structure_slope,0.056228
TMO,63,97,vrp_wedge,0.006279
TMO,63,97,iv_atm_z_score,0.021861
TMO,63,97,macro_yield_curve_slope,0.061977
TMO,63,97,macro_hy_spread,0.017875
TMO,63,97,macro_hy_spread_chg_5d,0.009426
TMO,63,97,macro_breakeven_5y,0.018531
TMO,63,97,macro_inflation_fwd_5y5y,0.019038
TMO,63,97,macro_inflation_fwd_chg_21d,0.008062
TMO,63,97,macro_inflation_fwd_abs_chg_21d,0.004187
TMO,63,97,macro_inflation_fwd_chg_63d,0.009489
TMO,63,97,macro_inflation_fwd_zscore,0.008774
TMO,63,97,macro_dollar_ret,0.0
TMO,63,97,beta_spy,0.026028
TMO,63,97,res_vol,0.011431
TMO,63,97,res_vol_vel,0.00443
TMO,63,97,price_regime,0.083623
TMO,63,97,corr_sector_21d,0.007044
TMO,63,97,corr_sector_252d,0.041587
TMO,63,97,sector_wedge,0.017788
TMO,63,98,rv_5d,0.050957
TMO,63,98,rv_10d,0.020557
TMO,63,98,rv_21d,0.047356
TMO,63,98,rv_63d,0.02747
TMO,63,98,rv_126d,0.030507
TMO,63,98,ewma_vol,0.025778
TMO,63,98,garch_cond_vol,0.045703
TMO,63,98,ret_TARGET,0.0
TMO,63,98,tech_RSI,0.005033
TMO,63,98,tech_MACD_hist,0.005021
TMO,63,98,ret_VIXY,0.007921
TMO,63,98,mom21_VIXY,0.027843
TMO,63,98,ret_HYG,0.0
TMO,63,98,mom21_HYG,0.011777
TMO,63,98,ret_USO,0.0
TMO,63,98,mom21_USO,0.01644
TMO,63,98,ret_TLT,0.0
TMO,63,98,mom21_TLT,0.011607
TMO,63,98,ret_UUP,0.0
TMO,63,98,mom21_UUP,0.004228
TMO,63,98,ret_SPY,0.0
TMO,63,98,mom21_SPY,0.004594
TMO,63,98,vol_vel,0.003886
TMO,63,98,vol_of_vol,0.016206
TMO,63,98,vol_regime_zscore,0.010229
TMO,63,98,vol_chg_21d,0.031106
TMO,63,98,event_fed_gravity,0.038294
TMO,63,98,event_earn_gravity,0.0
TMO,63,98,event_div_gravity,0.0
TMO,63,98,event_cpi_gravity,0.038343
TMO,63,98,event_nfp_gravity,0.072031
TMO,63,98,put_call_skew_30d,0.00628
TMO,63,98,term_structure_slope,0.05642
TMO,63,98,vrp_wedge,0.006749
TMO,63,98,iv_atm_z_score,0.016889
TMO,63,98,macro_yield_curve_slope,0.05521
TMO,63,98,macro_hy_spread,0.017739
TMO,63,98,macro_hy_spread_chg_5d,0.015114
TMO,63,98,macro_breakeven_5y,0.018879
TMO,63,98,macro_inflation_fwd_5y5y,0.029509
TMO,63,98,macro_inflation_fwd_chg_21d,0.012603
TMO,63,98,macro_inflation_fwd_abs_chg_21d,0.004124
TMO,63,98,macro_inflation_fwd_chg_63d,0.007827
TMO,63,98,macro_inflation_fwd_zscore,0.00877
TMO,63,98,macro_dollar_ret,0.0
TMO,63,98,beta_spy,0.030709
TMO,63,98,res_vol,0.01179
TMO,63,98,res_vol_vel,0.004363
TMO,63,98,price_regime,0.077295
TMO,63,98,corr_sector_21d,0.009991
TMO,63,98,corr_sector_252d,0.038503
TMO,63,98,sector_wedge,0.01835
TMO,63,99,rv_5d,0.043335
TMO,63,99,rv_10d,0.04521
TMO,63,99,rv_21d,0.032652
TMO,63,99,rv_63d,0.025613
TMO,63,99,rv_126d,0.031506
TMO,63,99,ewma_vol,0.019299
TMO,63,99,garch_cond_vol,0.027994
TMO,63,99,ret_TARGET,0.0
TMO,63,99,tech_RSI,0.004428
TMO,63,99,tech_MACD_hist,0.006816
TMO,63,99,ret_VIXY,0.009629
TMO,63,99,mom21_VIXY,0.027184
TMO,63,99,ret_HYG,0.0
TMO,63,99,mom21_HYG,0.011541
TMO,63,99,ret_USO,0.0
TMO,63,99,mom21_USO,0.020475
TMO,63,99,ret_TLT,0.0
TMO,63,99,mom21_TLT,0.008134
TMO,63,99,ret_UUP,0.0
TMO,63,99,mom21_UUP,0.004077
TMO,63,99,ret_SPY,0.0
TMO,63,99,mom21_SPY,0.004991
TMO,63,99,vol_vel,0.011237
TMO,63,99,vol_of_vol,0.023808
TMO,63,99,vol_regime_zscore,0.013416
TMO,63,99,vol_chg_21d,0.034689
TMO,63,99,event_fed_gravity,0.034633
TMO,63,99,event_earn_gravity,0.0
TMO,63,99,event_div_gravity,0.0
TMO,63,99,event_cpi_gravity,0.050818
TMO,63,99,event_nfp_gravity,0.088253
TMO,63,99,put_call_skew_30d,0.009496
TMO,63,99,term_structure_slope,0.030452
TMO,63,99,vrp_wedge,0.007099
TMO,63,99,iv_atm_z_score,0.01784
TMO,63,99,macro_yield_curve_slope,0.06465
TMO,63,99,macro_hy_spread,0.020343
TMO,63,99,macro_hy_spread_chg_5d,0.015463
TMO,63,99,macro_breakeven_5y,0.019971
TMO,63,99,macro_inflation_fwd_5y5y,0.016216
TMO,63,99,macro_inflation_fwd_chg_21d,0.006066
TMO,63,99,macro_inflation_fwd_abs_chg_21d,0.004304
TMO,63,99,macro_inflation_fwd_chg_63d,0.011189
TMO,63,99,macro_inflation_fwd_zscore,0.008684
TMO,63,99,macro_dollar_ret,0.0
TMO,63,99,beta_spy,0.0312
TMO,63,99,res_vol,0.011644
TMO,63,99,res_vol_vel,0.004685
TMO,63,99,price_regime,0.077113
TMO,63,99,corr_sector_21d,0.006936
TMO,63,99,corr_sector_252d,0.039332
TMO,63,99,sector_wedge,0.017579
TMO,63,100,rv_5d,0.053923
TMO,63,100,rv_10d,0.053606
TMO,63,100,rv_21d,0.047068
TMO,63,100,rv_63d,0.031773
TMO,63,100,rv_126d,0.025873
TMO,63,100,ewma_vol,0.028198
TMO,63,100,garch_cond_vol,0.02699
TMO,63,100,ret_TARGET,0.0
TMO,63,100,tech_RSI,0.004287
TMO,63,100,tech_MACD_hist,0.007503
TMO,63,100,ret_VIXY,0.008164
TMO,63,100,mom21_VIXY,0.024743
TMO,63,100,ret_HYG,0.0
TMO,63,100,mom21_HYG,0.012888
TMO,63,100,ret_USO,0.0
TMO,63,100,mom21_USO,0.019373
TMO,63,100,ret_TLT,0.0
TMO,63,100,mom21_TLT,0.007423
TMO,63,100,ret_UUP,0.0
TMO,63,100,mom21_UUP,0.003875
TMO,63,100,ret_SPY,0.0
TMO,63,100,mom21_SPY,0.004811
TMO,63,100,vol_vel,0.010745
TMO,63,100,vol_of_vol,0.019284
TMO,63,100,vol_regime_zscore,0.009748
TMO,63,100,vol_chg_21d,0.009906
TMO,63,100,event_fed_gravity,0.030121
TMO,63,100,event_earn_gravity,0.0
TMO,63,100,event_div_gravity,0.0
TMO,63,100,event_cpi_gravity,0.045316
TMO,63,100,event_nfp_gravity,0.077608
TMO,63,100,put_call_skew_30d,0.009474
TMO,63,100,term_structure_slope,0.045593
TMO,63,100,vrp_wedge,0.006301
TMO,63,100,iv_atm_z_score,0.019709
TMO,63,100,macro_yield_curve_slope,0.05979
TMO,63,100,macro_hy_spread,0.020358
TMO,63,100,macro_hy_spread_chg_5d,0.018688
TMO,63,100,macro_breakeven_5y,0.022289
TMO,63,100,macro_inflation_fwd_5y5y,0.019175
TMO,63,100,macro_inflation_fwd_chg_21d,0.012781
TMO,63,100,macro_inflation_fwd_abs_chg_21d,0.003932
TMO,63,100,macro_inflation_fwd_chg_63d,0.012593
TMO,63,100,macro_inflation_fwd_zscore,0.006199
TMO,63,100,macro_dollar_ret,0.0
TMO,63,100,beta_spy,0.033408
TMO,63,100,res_vol,0.010834
TMO,63,100,res_vol_vel,0.004553
TMO,63,100,price_regime,0.072694
TMO,63,100,corr_sector_21d,0.00714
TMO,63,100,corr_sector_252d,0.037516
TMO,63,100,sector_wedge,0.013744
TMO,63,101,rv_5d,0.042611
TMO,63,101,rv_10d,0.069195
TMO,63,101,rv_21d,0.051255
TMO,63,101,rv_63d,0.034776
TMO,63,101,rv_126d,0.026204
TMO,63,101,ewma_vol,0.027294
TMO,63,101,garch_cond_vol,0.021006
TMO,63,101,ret_TARGET,0.0
TMO,63,101,tech_RSI,0.005521
TMO,63,101,tech_MACD_hist,0.036289
TMO,63,101,ret_VIXY,0.0
TMO,63,101,mom21_VIXY,0.023485
TMO,63,101,ret_HYG,0.0
TMO,63,101,mom21_HYG,0.011216
TMO,63,101,ret_USO,0.0
TMO,63,101,mom21_USO,0.019927
TMO,63,101,ret_TLT,0.0
TMO,63,101,mom21_TLT,0.006752
TMO,63,101,ret_UUP,0.0
TMO,63,101,mom21_UUP,0.005829
TMO,63,101,ret_SPY,0.0
TMO,63,101,mom21_SPY,0.004052
TMO,63,101,vol_vel,0.011746
TMO,63,101,vol_of_vol,0.016738
TMO,63,101,vol_regime_zscore,0.009901
TMO,63,101,vol_chg_21d,0.014504
TMO,63,101,event_fed_gravity,0.03175
TMO,63,101,event_earn_gravity,0.0
TMO,63,101,event_div_gravity,0.0
TMO,63,101,event_cpi_gravity,0.047369
TMO,63,101,event_nfp_gravity,0.078253
TMO,63,101,put_call_skew_30d,0.014361
TMO,63,101,term_structure_slope,0.042288
TMO,63,101,vrp_wedge,0.007151
TMO,63,101,iv_atm_z_score,0.022469
TMO,63,101,macro_yield_curve_slope,0.059097
TMO,63,101,macro_hy_spread,0.027097
TMO,63,101,macro_hy_spread_chg_5d,0.015996
TMO,63,101,macro_breakeven_5y,0.018182
TMO,63,101,macro_inflation_fwd_5y5y,0.02854
TMO,63,101,macro_inflation_fwd_chg_21d,0.0
TMO,63,101,macro_inflation_fwd_abs_chg_21d,0.004559
TMO,63,101,macro_inflation_fwd_chg_63d,0.011034
TMO,63,101,macro_inflation_fwd_zscore,0.01091
TMO,63,101,macro_dollar_ret,0.0
TMO,63,101,beta_spy,0.029989
TMO,63,101,res_vol,0.011863
TMO,63,101,res_vol_vel,0.0
TMO,63,101,price_regime,0.031475
TMO,63,101,corr_sector_21d,0.007998
TMO,63,101,corr_sector_252d,0.045074
TMO,63,101,sector_wedge,0.016245
TMO,63,102,rv_5d,0.046037
TMO,63,102,rv_10d,0.053939
TMO,63,102,rv_21d,0.041872
TMO,63,102,rv_63d,0.046954
TMO,63,102,rv_126d,0.02383
TMO,63,102,ewma_vol,0.033685
TMO,63,102,garch_cond_vol,0.017168
TMO,63,102,ret_TARGET,0.0
TMO,63,102,tech_RSI,0.005528
TMO,63,102,tech_MACD_hist,0.048244
TMO,63,102,ret_VIXY,0.0
TMO,63,102,mom21_VIXY,0.021901
TMO,63,102,ret_HYG,0.0
TMO,63,102,mom21_HYG,0.014549
TMO,63,102,ret_USO,0.0
TMO,63,102,mom21_USO,0.017599
TMO,63,102,ret_TLT,0.0
TMO,63,102,mom21_TLT,0.008771
TMO,63,102,ret_UUP,0.0
TMO,63,102,mom21_UUP,0.004655
TMO,63,102,ret_SPY,0.0
TMO,63,102,mom21_SPY,0.01627
TMO,63,102,vol_vel,0.00767
TMO,63,102,vol_of_vol,0.018174
TMO,63,102,vol_regime_zscore,0.010175
TMO,63,102,vol_chg_21d,0.024997
TMO,63,102,event_fed_gravity,0.031931
TMO,63,102,event_earn_gravity,0.0
TMO,63,102,event_div_gravity,0.0
TMO,63,102,event_cpi_gravity,0.040571
TMO,63,102,event_nfp_gravity,0.071543
TMO,63,102,put_call_skew_30d,0.023295
TMO,63,102,term_structure_slope,0.025529
TMO,63,102,vrp_wedge,0.006969
TMO,63,102,iv_atm_z_score,0.020677
TMO,63,102,macro_yield_curve_slope,0.059379
TMO,63,102,macro_hy_spread,0.022506
TMO,63,102,macro_hy_spread_chg_5d,0.010675
TMO,63,102,macro_breakeven_5y,0.013956
TMO,63,102,macro_inflation_fwd_5y5y,0.02664
TMO,63,102,macro_inflation_fwd_chg_21d,0.004689
TMO,63,102,macro_inflation_fwd_abs_chg_21d,0.014496
TMO,63,102,macro_inflation_fwd_chg_63d,0.01089
TMO,63,102,macro_inflation_fwd_zscore,0.007849
TMO,63,102,macro_dollar_ret,0.0
TMO,63,102,beta_spy,0.034005
TMO,63,102,res_vol,0.010956
TMO,63,102,res_vol_vel,0.0
TMO,63,102,price_regime,0.040316
TMO,63,102,corr_sector_21d,0.007188
TMO,63,102,corr_sector_252d,0.041892
TMO,63,102,sector_wedge,0.01203
TMO,63,103,rv_5d,0.053937
TMO,63,103,rv_10d,0.058882
TMO,63,103,rv_21d,0.050534
TMO,63,103,rv_63d,0.042026
TMO,63,103,rv_126d,0.030185
TMO,63,103,ewma_vol,0.022123
TMO,63,103,garch_cond_vol,0.019279
TMO,63,103,ret_TARGET,0.0
TMO,63,103,tech_RSI,0.004314
TMO,63,103,tech_MACD_hist,0.049953
TMO,63,103,ret_VIXY,0.0
TMO,63,103,mom21_VIXY,0.021293
TMO,63,103,ret_HYG,0.0
TMO,63,103,mom21_HYG,0.021435
TMO,63,103,ret_USO,0.0
TMO,63,103,mom21_USO,0.015816
TMO,63,103,ret_TLT,0.0
TMO,63,103,mom21_TLT,0.006671
TMO,63,103,ret_UUP,0.0
TMO,63,103,mom21_UUP,0.010153
TMO,63,103,ret_SPY,0.0
TMO,63,103,mom21_SPY,0.014368
TMO,63,103,vol_vel,0.02672
TMO,63,103,vol_of_vol,0.028695
TMO,63,103,vol_regime_zscore,0.014104
TMO,63,103,vol_chg_21d,0.006217
TMO,63,103,event_fed_gravity,0.029517
TMO,63,103,event_earn_gravity,0.0
TMO,63,103,event_div_gravity,0.0
TMO,63,103,event_cpi_gravity,0.027357
TMO,63,103,event_nfp_gravity,0.034607
TMO,63,103,put_call_skew_30d,0.011467
TMO,63,103,term_structure_slope,0.031109
TMO,63,103,vrp_wedge,0.00798
TMO,63,103,iv_atm_z_score,0.017328
TMO,63,103,macro_yield_curve_slope,0.052256
TMO,63,103,macro_hy_spread,0.020647
TMO,63,103,macro_hy_spread_chg_5d,0.017304
TMO,63,103,macro_breakeven_5y,0.020107
TMO,63,103,macro_inflation_fwd_5y5y,0.019975
TMO,63,103,macro_inflation_fwd_chg_21d,0.007858
TMO,63,103,macro_inflation_fwd_abs_chg_21d,0.007415
TMO,63,103,macro_inflation_fwd_chg_63d,0.010927
TMO,63,103,macro_inflation_fwd_zscore,0.00844
TMO,63,103,macro_dollar_ret,0.0
TMO,63,103,beta_spy,0.027306
TMO,63,103,res_vol,0.012234
TMO,63,103,res_vol_vel,0.005275
TMO,63,103,price_regime,0.066604
TMO,63,103,corr_sector_21d,0.007105
TMO,63,103,corr_sector_252d,0.046727
TMO,63,103,sector_wedge,0.013748
TMO,63,104,rv_5d,0.039757
TMO,63,104,rv_10d,0.046667
TMO,63,104,rv_21d,0.05567
TMO,63,104,rv_63d,0.050556
TMO,63,104,rv_126d,0.033251
TMO,63,104,ewma_vol,0.023844
TMO,63,104,garch_cond_vol,0.01929
TMO,63,104,ret_TARGET,0.0
TMO,63,104,tech_RSI,0.005047
TMO,63,104,tech_MACD_hist,0.049157
TMO,63,104,ret_VIXY,0.0
TMO,63,104,mom21_VIXY,0.015517
TMO,63,104,ret_HYG,0.0
TMO,63,104,mom21_HYG,0.022363
TMO,63,104,ret_USO,0.0
TMO,63,104,mom21_USO,0.014787
TMO,63,104,ret_TLT,0.0
TMO,63,104,mom21_TLT,0.00912
TMO,63,104,ret_UUP,0.0
TMO,63,104,mom21_UUP,0.003666
TMO,63,104,ret_SPY,0.0
TMO,63,104,mom21_SPY,0.004398
TMO,63,104,vol_vel,0.025971
TMO,63,104,vol_of_vol,0.01325
TMO,63,104,vol_regime_zscore,0.015941
TMO,63,104,vol_chg_21d,0.007598
TMO,63,104,event_fed_gravity,0.034678
TMO,63,104,event_earn_gravity,0.0
TMO,63,104,event_div_gravity,0.0
TMO,63,104,event_cpi_gravity,0.030854
TMO,63,104,event_nfp_gravity,0.048685
TMO,63,104,put_call_skew_30d,0.007795
TMO,63,104,term_structure_slope,0.010453
TMO,63,104,vrp_wedge,0.006918
TMO,63,104,iv_atm_z_score,0.020097
TMO,63,104,macro_yield_curve_slope,0.051902
TMO,63,104,macro_hy_spread,0.033927
TMO,63,104,macro_hy_spread_chg_5d,0.032498
TMO,63,104,macro_breakeven_5y,0.017095
TMO,63,104,macro_inflation_fwd_5y5y,0.025098
TMO,63,104,macro_inflation_fwd_chg_21d,0.009498
TMO,63,104,macro_inflation_fwd_abs_chg_21d,0.011102
TMO,63,104,macro_inflation_fwd_chg_63d,0.010231
TMO,63,104,macro_inflation_fwd_zscore,0.00578
TMO,63,104,macro_dollar_ret,0.0
TMO,63,104,beta_spy,0.029445
TMO,63,104,res_vol,0.011063
TMO,63,104,res_vol_vel,0.004
TMO,63,104,price_regime,0.072433
TMO,63,104,corr_sector_21d,0.01006
TMO,63,104,corr_sector_252d,0.044251
TMO,63,104,sector_wedge,0.016284
TMO,63,105,rv_5d,0.047843
TMO,63,105,rv_10d,0.049535
TMO,63,105,rv_21d,0.075125
TMO,63,105,rv_63d,0.052159
TMO,63,105,rv_126d,0.034198
TMO,63,105,ewma_vol,0.021987
TMO,63,105,garch_cond_vol,0.02318
TMO,63,105,ret_TARGET,0.0
TMO,63,105,tech_RSI,0.004997
TMO,63,105,tech_MACD_hist,0.010361
TMO,63,105,ret_VIXY,0.0
TMO,63,105,mom21_VIXY,0.018814
TMO,63,105,ret_HYG,0.0
TMO,63,105,mom21_HYG,0.029267
TMO,63,105,ret_USO,0.0
TMO,63,105,mom21_USO,0.017128
TMO,63,105,ret_TLT,0.0
TMO,63,105,mom21_TLT,0.007645
TMO,63,105,ret_UUP,0.0
TMO,63,105,mom21_UUP,0.0
TMO,63,105,ret_SPY,0.0
TMO,63,105,mom21_SPY,0.004715
TMO,63,105,vol_vel,0.0
TMO,63,105,vol_of_vol,0.031238
TMO,63,105,vol_regime_zscore,0.01583
TMO,63,105,vol_chg_21d,0.00763
TMO,63,105,event_fed_gravity,0.024205
TMO,63,105,event_earn_gravity,0.0
TMO,63,105,event_div_gravity,0.0
TMO,63,105,event_cpi_gravity,0.025478
TMO,63,105,event_nfp_gravity,0.051037
TMO,63,105,put_call_skew_30d,0.010776
TMO,63,105,term_structure_slope,0.024958
TMO,63,105,vrp_wedge,0.007872
TMO,63,105,iv_atm_z_score,0.020475
TMO,63,105,macro_yield_curve_slope,0.054642
TMO,63,105,macro_hy_spread,0.023706
TMO,63,105,macro_hy_spread_chg_5d,0.031865
TMO,63,105,macro_breakeven_5y,0.018188
TMO,63,105,macro_inflation_fwd_5y5y,0.017887
TMO,63,105,macro_inflation_fwd_chg_21d,0.011292
TMO,63,105,macro_inflation_fwd_abs_chg_21d,0.01131
TMO,63,105,macro_inflation_fwd_chg_63d,0.009879
TMO,63,105,macro_inflation_fwd_zscore,0.006889
TMO,63,105,macro_dollar_ret,0.0
TMO,63,105,beta_spy,0.033803
TMO,63,105,res_vol,0.011703
TMO,63,105,res_vol_vel,0.0
TMO,63,105,price_regime,0.071825
TMO,63,105,corr_sector_21d,0.00867
TMO,63,105,corr_sector_252d,0.049173
TMO,63,105,sector_wedge,0.022713
TMO,63,106,rv_5d,0.059867
TMO,63,106,rv_10d,0.0569
TMO,63,106,rv_21d,0.073182
TMO,63,106,rv_63d,0.063752
TMO,63,106,rv_126d,0.030503
TMO,63,106,ewma_vol,0.025311
TMO,63,106,garch_cond_vol,0.005462
TMO,63,106,ret_TARGET,0.0
TMO,63,106,tech_RSI,0.004459
TMO,63,106,tech_MACD_hist,0.006488
TMO,63,106,ret_VIXY,0.0
TMO,63,106,mom21_VIXY,0.017992
TMO,63,106,ret_HYG,0.0
TMO,63,106,mom21_HYG,0.027991
TMO,63,106,ret_USO,0.0
TMO,63,106,mom21_USO,0.015951
TMO,63,106,ret_TLT,0.0
TMO,63,106,mom21_TLT,0.012361
TMO,63,106,ret_UUP,0.0
TMO,63,106,mom21_UUP,0.0
TMO,63,106,ret_SPY,0.0
TMO,63,106,mom21_SPY,0.005539
TMO,63,106,vol_vel,0.006333
TMO,63,106,vol_of_vol,0.020827
TMO,63,106,vol_regime_zscore,0.013492
TMO,63,106,vol_chg_21d,0.005773
TMO,63,106,event_fed_gravity,0.029066
TMO,63,106,event_earn_gravity,0.0
TMO,63,106,event_div_gravity,0.0
TMO,63,106,event_cpi_gravity,0.027627
TMO,63,106,event_nfp_gravity,0.0508
TMO,63,106,put_call_skew_30d,0.016141
TMO,63,106,term_structure_slope,0.023075
TMO,63,106,vrp_wedge,0.007465
TMO,63,106,iv_atm_z_score,0.017807
TMO,63,106,macro_yield_curve_slope,0.051651
TMO,63,106,macro_hy_spread,0.02329
TMO,63,106,macro_hy_spread_chg_5d,0.023048
TMO,63,106,macro_breakeven_5y,0.021949
TMO,63,106,macro_inflation_fwd_5y5y,0.024331
TMO,63,106,macro_inflation_fwd_chg_21d,0.0
TMO,63,106,macro_inflation_fwd_abs_chg_21d,0.00907
TMO,63,106,macro_inflation_fwd_chg_63d,0.010889
TMO,63,106,macro_inflation_fwd_zscore,0.007906
TMO,63,106,macro_dollar_ret,0.0
TMO,63,106,beta_spy,0.031942
TMO,63,106,res_vol,0.012683
TMO,63,106,res_vol_vel,0.00637
TMO,63,106,price_regime,0.083976
TMO,63,106,corr_sector_21d,0.00955
TMO,63,106,corr_sector_252d,0.043924
TMO,63,106,sector_wedge,0.015262
TMO,63,107,rv_5d,0.056027
TMO,63,107,rv_10d,0.050399
TMO,63,107,rv_21d,0.064017
TMO,63,107,rv_63d,0.049758
TMO,63,107,rv_126d,0.032801
TMO,63,107,ewma_vol,0.035003
TMO,63,107,garch_cond_vol,0.013407
TMO,63,107,ret_TARGET,0.0
TMO,63,107,tech_RSI,0.004075
TMO,63,107,tech_MACD_hist,0.026894
TMO,63,107,ret_VIXY,0.0
TMO,63,107,mom21_VIXY,0.018034
TMO,63,107,ret_HYG,0.0
TMO,63,107,mom21_HYG,0.027228
TMO,63,107,ret_USO,0.0
TMO,63,107,mom21_USO,0.01757
TMO,63,107,ret_TLT,0.0
TMO,63,107,mom21_TLT,0.009232
TMO,63,107,ret_UUP,0.0
TMO,63,107,mom21_UUP,0.0
TMO,63,107,ret_SPY,0.0
TMO,63,107,mom21_SPY,0.010554
TMO,63,107,vol_vel,0.0
TMO,63,107,vol_of_vol,0.021531
TMO,63,107,vol_regime_zscore,0.014003
TMO,63,107,vol_chg_21d,0.045919
TMO,63,107,event_fed_gravity,0.027785
TMO,63,107,event_earn_gravity,0.0
TMO,63,107,event_div_gravity,0.0
TMO,63,107,event_cpi_gravity,0.020902
TMO,63,107,event_nfp_gravity,0.038353
TMO,63,107,put_call_skew_30d,0.015772
TMO,63,107,term_structure_slope,0.027045
TMO,63,107,vrp_wedge,0.006316
TMO,63,107,iv_atm_z_score,0.019405
TMO,63,107,macro_yield_curve_slope,0.051585
TMO,63,107,macro_hy_spread,0.023379
TMO,63,107,macro_hy_spread_chg_5d,0.007847
TMO,63,107,macro_breakeven_5y,0.02154
TMO,63,107,macro_inflation_fwd_5y5y,0.012703
TMO,63,107,macro_inflation_fwd_chg_21d,0.011224
TMO,63,107,macro_inflation_fwd_abs_chg_21d,0.007388
TMO,63,107,macro_inflation_fwd_chg_63d,0.011785
TMO,63,107,macro_inflation_fwd_zscore,0.008466
TMO,63,107,macro_dollar_ret,0.0
TMO,63,107,beta_spy,0.030137
TMO,63,107,res_vol,0.011047
TMO,63,107,res_vol_vel,0.0
TMO,63,107,price_regime,0.07561
TMO,63,107,corr_sector_21d,0.008005
TMO,63,107,corr_sector_252d,0.046913
TMO,63,107,sector_wedge,0.020342
TMO,63,108,rv_5d,0.034501
TMO,63,108,rv_10d,0.059971
TMO,63,108,rv_21d,0.063174
TMO,63,108,rv_63d,0.059398
TMO,63,108,rv_126d,0.038531
TMO,63,108,ewma_vol,0.024909
TMO,63,108,garch_cond_vol,0.009832
TMO,63,108,ret_TARGET,0.0
TMO,63,108,tech_RSI,0.005363
TMO,63,108,tech_MACD_hist,0.011933
TMO,63,108,ret_VIXY,0.0
TMO,63,108,mom21_VIXY,0.016362
TMO,63,108,ret_HYG,0.0
TMO,63,108,mom21_HYG,0.027037
TMO,63,108,ret_USO,0.0
TMO,63,108,mom21_USO,0.018951
TMO,63,108,ret_TLT,0.0
TMO,63,108,mom21_TLT,0.008735
TMO,63,108,ret_UUP,0.0
TMO,63,108,mom21_UUP,0.0
TMO,63,108,ret_SPY,0.003835
TMO,63,108,mom21_SPY,0.006896
TMO,63,108,vol_vel,0.0
TMO,63,108,vol_of_vol,0.033073
TMO,63,108,vol_regime_zscore,0.017341
TMO,63,108,vol_chg_21d,0.018757
TMO,63,108,event_fed_gravity,0.023834
TMO,63,108,event_earn_gravity,0.0
TMO,63,108,event_div_gravity,0.0
TMO,63,108,event_cpi_gravity,0.027163
TMO,63,108,event_nfp_gravity,0.050959
TMO,63,108,put_call_skew_30d,0.007778
TMO,63,108,term_structure_slope,0.035951
TMO,63,108,vrp_wedge,0.006488
TMO,63,108,iv_atm_z_score,0.021447
TMO,63,108,macro_yield_curve_slope,0.054567
TMO,63,108,macro_hy_spread,0.024925
TMO,63,108,macro_hy_spread_chg_5d,0.019479
TMO,63,108,macro_breakeven_5y,0.01579
TMO,63,108,macro_inflation_fwd_5y5y,0.023099
TMO,63,108,macro_inflation_fwd_chg_21d,0.010873
TMO,63,108,macro_inflation_fwd_abs_chg_21d,0.004569
TMO,63,108,macro_inflation_fwd_chg_63d,0.011538
TMO,63,108,macro_inflation_fwd_zscore,0.008349
TMO,63,108,macro_dollar_ret,0.0
TMO,63,108,beta_spy,0.036199
TMO,63,108,res_vol,0.012627
TMO,63,108,res_vol_vel,0.005537
TMO,63,108,price_regime,0.062332
TMO,63,108,corr_sector_21d,0.011965
TMO,63,108,corr_sector_252d,0.045884
TMO,63,108,sector_wedge,0.020045
TMO,63,109,rv_5d,0.042541
TMO,63,109,rv_10d,0.050613
TMO,63,109,rv_21d,0.06612
TMO,63,109,rv_63d,0.056633
TMO,63,109,rv_126d,0.044913
TMO,63,109,ewma_vol,0.01853
TMO,63,109,garch_cond_vol,0.019972
TMO,63,109,ret_TARGET,0.0
TMO,63,109,tech_RSI,0.006432
TMO,63,109,tech_MACD_hist,0.010681
TMO,63,109,ret_VIXY,0.0
TMO,63,109,mom21_VIXY,0.021691
TMO,63,109,ret_HYG,0.0
TMO,63,109,mom21_HYG,0.025242
TMO,63,109,ret_USO,0.0
TMO,63,109,mom21_USO,0.018742
TMO,63,109,ret_TLT,0.0
TMO,63,109,mom21_TLT,0.007097
TMO,63,109,ret_UUP,0.0
TMO,63,109,mom21_UUP,0.004488
TMO,63,109,ret_SPY,0.0
TMO,63,109,mom21_SPY,0.004994
TMO,63,109,vol_vel,0.0
TMO,63,109,vol_of_vol,0.031314
TMO,63,109,vol_regime_zscore,0.025232
TMO,63,109,vol_chg_21d,0.017392
TMO,63,109,event_fed_gravity,0.017476
TMO,63,109,event_earn_gravity,0.0
TMO,63,109,event_div_gravity,0.0
TMO,63,109,event_cpi_gravity,0.021518
TMO,63,109,event_nfp_gravity,0.049724
TMO,63,109,put_call_skew_30d,0.008195
TMO,63,109,term_structure_slope,0.027599
TMO,63,109,vrp_wedge,0.00677
TMO,63,109,iv_atm_z_score,0.01927
TMO,63,109,macro_yield_curve_slope,0.053751
TMO,63,109,macro_hy_spread,0.026031
TMO,63,109,macro_hy_spread_chg_5d,0.012714
TMO,63,109,macro_breakeven_5y,0.0168
TMO,63,109,macro_inflation_fwd_5y5y,0.025878
TMO,63,109,macro_inflation_fwd_chg_21d,0.008921
TMO,63,109,macro_inflation_fwd_abs_chg_21d,0.005335
TMO,63,109,macro_inflation_fwd_chg_63d,0.011032
TMO,63,109,macro_inflation_fwd_zscore,0.009876
TMO,63,109,macro_dollar_ret,0.0
TMO,63,109,beta_spy,0.031571
TMO,63,109,res_vol,0.013115
TMO,63,109,res_vol_vel,0.005753
TMO,63,109,price_regime,0.085027
TMO,63,109,corr_sector_21d,0.008204
TMO,63,109,corr_sector_252d,0.04097
TMO,63,109,sector_wedge,0.021844
TMO,63,110,rv_5d,0.031599
TMO,63,110,rv_10d,0.057246
TMO,63,110,rv_21d,0.033829
TMO,63,110,rv_63d,0.065675
TMO,63,110,rv_126d,0.036152
TMO,63,110,ewma_vol,0.024271
TMO,63,110,garch_cond_vol,0.020037
TMO,63,110,ret_TARGET,0.0
TMO,63,110,tech_RSI,0.00459
TMO,63,110,tech_MACD_hist,0.048258
TMO,63,110,ret_VIXY,0.0
TMO,63,110,mom21_VIXY,0.020953
TMO,63,110,ret_HYG,0.0
TMO,63,110,mom21_HYG,0.026188
TMO,63,110,ret_USO,0.0
TMO,63,110,mom21_USO,0.016165
TMO,63,110,ret_TLT,0.0
TMO,63,110,mom21_TLT,0.007629
TMO,63,110,ret_UUP,0.0
TMO,63,110,mom21_UUP,0.004998
TMO,63,110,ret_SPY,0.0
TMO,63,110,mom21_SPY,0.00495
TMO,63,110,vol_vel,0.006343
TMO,63,110,vol_of_vol,0.031012
TMO,63,110,vol_regime_zscore,0.016243
TMO,63,110,vol_chg_21d,0.036086
TMO,63,110,event_fed_gravity,0.02266
TMO,63,110,event_earn_gravity,0.0
TMO,63,110,event_div_gravity,0.0
TMO,63,110,event_cpi_gravity,0.020402
TMO,63,110,event_nfp_gravity,0.032068
TMO,63,110,put_call_skew_30d,0.007815
TMO,63,110,term_structure_slope,0.028952
TMO,63,110,vrp_wedge,0.006839
TMO,63,110,iv_atm_z_score,0.017965
TMO,63,110,macro_yield_curve_slope,0.052726
TMO,63,110,macro_hy_spread,0.025891
TMO,63,110,macro_hy_spread_chg_5d,0.008071
TMO,63,110,macro_breakeven_5y,0.016227
TMO,63,110,macro_inflation_fwd_5y5y,0.023453
TMO,63,110,macro_inflation_fwd_chg_21d,0.006227
TMO,63,110,macro_inflation_fwd_abs_chg_21d,0.015261
TMO,63,110,macro_inflation_fwd_chg_63d,0.009914
TMO,63,110,macro_inflation_fwd_zscore,0.007974
TMO,63,110,macro_dollar_ret,0.0
TMO,63,110,beta_spy,0.027658
TMO,63,110,res_vol,0.011837
TMO,63,110,res_vol_vel,0.005872
TMO,63,110,price_regime,0.086912
TMO,63,110,corr_sector_21d,0.010724
TMO,63,110,corr_sector_252d,0.04138
TMO,63,110,sector_wedge,0.020946
TMO,63,111,rv_5d,0.03551
TMO,63,111,rv_10d,0.051435
TMO,63,111,rv_21d,0.039301
TMO,63,111,rv_63d,0.059523
TMO,63,111,rv_126d,0.039071
TMO,63,111,ewma_vol,0.018871
TMO,63,111,garch_cond_vol,0.015535
TMO,63,111,ret_TARGET,0.0
TMO,63,111,tech_RSI,0.004184
TMO,63,111,tech_MACD_hist,0.049676
TMO,63,111,ret_VIXY,0.0
TMO,63,111,mom21_VIXY,0.018973
TMO,63,111,ret_HYG,0.0
TMO,63,111,mom21_HYG,0.03115
TMO,63,111,ret_USO,0.0
TMO,63,111,mom21_USO,0.018519
TMO,63,111,ret_TLT,0.0
TMO,63,111,mom21_TLT,0.006749
TMO,63,111,ret_UUP,0.0
TMO,63,111,mom21_UUP,0.0
TMO,63,111,ret_SPY,0.0
TMO,63,111,mom21_SPY,0.004681
TMO,63,111,vol_vel,0.007674
TMO,63,111,vol_of_vol,0.02829
TMO,63,111,vol_regime_zscore,0.014924
TMO,63,111,vol_chg_21d,0.033852
TMO,63,111,event_fed_gravity,0.025117
TMO,63,111,event_earn_gravity,0.0
TMO,63,111,event_div_gravity,0.0
TMO,63,111,event_cpi_gravity,0.014721
TMO,63,111,event_nfp_gravity,0.026248
TMO,63,111,put_call_skew_30d,0.008894
TMO,63,111,term_structure_slope,0.03773
TMO,63,111,vrp_wedge,0.005535
TMO,63,111,iv_atm_z_score,0.018311
TMO,63,111,macro_yield_curve_slope,0.051297
TMO,63,111,macro_hy_spread,0.022498
TMO,63,111,macro_hy_spread_chg_5d,0.012833
TMO,63,111,macro_breakeven_5y,0.015303
TMO,63,111,macro_inflation_fwd_5y5y,0.020549
TMO,63,111,macro_inflation_fwd_chg_21d,0.007046
TMO,63,111,macro_inflation_fwd_abs_chg_21d,0.010145
TMO,63,111,macro_inflation_fwd_chg_63d,0.009345
TMO,63,111,macro_inflation_fwd_zscore,0.00725
TMO,63,111,macro_dollar_ret,0.0
TMO,63,111,beta_spy,0.027639
TMO,63,111,res_vol,0.012733
TMO,63,111,res_vol_vel,0.00404
TMO,63,111,price_regime,0.11058
TMO,63,111,corr_sector_21d,0.008044
TMO,63,111,corr_sector_252d,0.042187
TMO,63,111,sector_wedge,0.024036
TMO,63,112,rv_5d,0.03452
TMO,63,112,rv_10d,0.060497
TMO,63,112,rv_21d,0.047787
TMO,63,112,rv_63d,0.062612
TMO,63,112,rv_126d,0.044576
TMO,63,112,ewma_vol,0.032644
TMO,63,112,garch_cond_vol,0.006561
TMO,63,112,ret_TARGET,0.0
TMO,63,112,tech_RSI,0.004822
TMO,63,112,tech_MACD_hist,0.051197
TMO,63,112,ret_VIXY,0.0
TMO,63,112,mom21_VIXY,0.019373
TMO,63,112,ret_HYG,0.0
TMO,63,112,mom21_HYG,0.026809
TMO,63,112,ret_USO,0.0
TMO,63,112,mom21_USO,0.017314
TMO,63,112,ret_TLT,0.0
TMO,63,112,mom21_TLT,0.00688
TMO,63,112,ret_UUP,0.0
TMO,63,112,mom21_UUP,0.003593
TMO,63,112,ret_SPY,0.0
TMO,63,112,mom21_SPY,0.005173
TMO,63,112,vol_vel,0.00762
TMO,63,112,vol_of_vol,0.029701
TMO,63,112,vol_regime_zscore,0.010455
TMO,63,112,vol_chg_21d,0.015299
TMO,63,112,event_fed_gravity,0.025779
TMO,63,112,event_earn_gravity,0.0
TMO,63,112,event_div_gravity,0.0
TMO,63,112,event_cpi_gravity,0.021563
TMO,63,112,event_nfp_gravity,0.037894
TMO,63,112,put_call_skew_30d,0.007317
TMO,63,112,term_structure_slope,0.026772
TMO,63,112,vrp_wedge,0.006261
TMO,63,112,iv_atm_z_score,0.021563
TMO,63,112,macro_yield_curve_slope,0.051114
TMO,63,112,macro_hy_spread,0.019185
TMO,63,112,macro_hy_spread_chg_5d,0.020905
TMO,63,112,macro_breakeven_5y,0.014694
TMO,63,112,macro_inflation_fwd_5y5y,0.0253
TMO,63,112,macro_inflation_fwd_chg_21d,0.004135
TMO,63,112,macro_inflation_fwd_abs_chg_21d,0.004957
TMO,63,112,macro_inflation_fwd_chg_63d,0.010754
TMO,63,112,macro_inflation_fwd_zscore,0.010443
TMO,63,112,macro_dollar_ret,0.0
TMO,63,112,beta_spy,0.033269
TMO,63,112,res_vol,0.012774
TMO,63,112,res_vol_vel,0.006956
TMO,63,112,price_regime,0.081225
TMO,63,112,corr_sector_21d,0.009475
TMO,63,112,corr_sector_252d,0.04103
TMO,63,112,sector_wedge,0.019202
TMO,63,113,rv_5d,0.030937
TMO,63,113,rv_10d,0.052674
TMO,63,113,rv_21d,0.048647
TMO,63,113,rv_63d,0.070916
TMO,63,113,rv_126d,0.038623
TMO,63,113,ewma_vol,0.020868
TMO,63,113,garch_cond_vol,0.011413
TMO,63,113,ret_TARGET,0.0
TMO,63,113,tech_RSI,0.005284
TMO,63,113,tech_MACD_hist,0.051811
TMO,63,113,ret_VIXY,0.0
TMO,63,113,mom21_VIXY,0.02201
TMO,63,113,ret_HYG,0.0
TMO,63,113,mom21_HYG,0.026881
TMO,63,113,ret_USO,0.0
TMO,63,113,mom21_USO,0.020329
TMO,63,113,ret_TLT,0.0
TMO,63,113,mom21_TLT,0.008084
TMO,63,113,ret_UUP,0.0
TMO,63,113,mom21_UUP,0.0
TMO,63,113,ret_SPY,0.0
TMO,63,113,mom21_SPY,0.005103
TMO,63,113,vol_vel,0.008225
TMO,63,113,vol_of_vol,0.027659
TMO,63,113,vol_regime_zscore,0.017293
TMO,63,113,vol_chg_21d,0.020997
TMO,63,113,event_fed_gravity,0.025503
TMO,63,113,event_earn_gravity,0.0
TMO,63,113,event_div_gravity,0.0
TMO,63,113,event_cpi_gravity,0.027111
TMO,63,113,event_nfp_gravity,0.024174
TMO,63,113,put_call_skew_30d,0.009888
TMO,63,113,term_structure_slope,0.023526
TMO,63,113,vrp_wedge,0.005918
TMO,63,113,iv_atm_z_score,0.01855
TMO,63,113,macro_yield_curve_slope,0.056203
TMO,63,113,macro_hy_spread,0.02316
TMO,63,113,macro_hy_spread_chg_5d,0.012429
TMO,63,113,macro_breakeven_5y,0.014857
TMO,63,113,macro_inflation_fwd_5y5y,0.030285
TMO,63,113,macro_inflation_fwd_chg_21d,0.007581
TMO,63,113,macro_inflation_fwd_abs_chg_21d,0.007737
TMO,63,113,macro_inflation_fwd_chg_63d,0.008672
TMO,63,113,macro_inflation_fwd_zscore,0.01084
TMO,63,113,macro_dollar_ret,0.0
TMO,63,113,beta_spy,0.033461
TMO,63,113,res_vol,0.012001
TMO,63,113,res_vol_vel,0.0
TMO,63,113,price_regime,0.091381
TMO,63,113,corr_sector_21d,0.0
TMO,63,113,corr_sector_252d,0.04409
TMO,63,113,sector_wedge,0.024879
TMO,63,114,rv_5d,0.029419
TMO,63,114,rv_10d,0.050363
TMO,63,114,rv_21d,0.049854
TMO,63,114,rv_63d,0.065037
TMO,63,114,rv_126d,0.045263
TMO,63,114,ewma_vol,0.022363
TMO,63,114,garch_cond_vol,0.009681
TMO,63,114,ret_TARGET,0.0
TMO,63,114,tech_RSI,0.004416
TMO,63,114,tech_MACD_hist,0.041593
TMO,63,114,ret_VIXY,0.0
TMO,63,114,mom21_VIXY,0.024379
TMO,63,114,ret_HYG,0.0
TMO,63,114,mom21_HYG,0.02722
TMO,63,114,ret_USO,0.0
TMO,63,114,mom21_USO,0.020438
TMO,63,114,ret_TLT,0.0
TMO,63,114,mom21_TLT,0.006667
TMO,63,114,ret_UUP,0.0
TMO,63,114,mom21_UUP,0.004763
TMO,63,114,ret_SPY,0.0
TMO,63,114,mom21_SPY,0.004831
TMO,63,114,vol_vel,0.006662
TMO,63,114,vol_of_vol,0.035905
TMO,63,114,vol_regime_zscore,0.01924
TMO,63,114,vol_chg_21d,0.016027
TMO,63,114,event_fed_gravity,0.027621
TMO,63,114,event_earn_gravity,0.0
TMO,63,114,event_div_gravity,0.0
TMO,63,114,event_cpi_gravity,0.01919
TMO,63,114,event_nfp_gravity,0.026368
TMO,63,114,put_call_skew_30d,0.011189
TMO,63,114,term_structure_slope,0.030275
TMO,63,114,vrp_wedge,0.006265
TMO,63,114,iv_atm_z_score,0.020731
TMO,63,114,macro_yield_curve_slope,0.056354
TMO,63,114,macro_hy_spread,0.027557
TMO,63,114,macro_hy_spread_chg_5d,0.005084
TMO,63,114,macro_breakeven_5y,0.018433
TMO,63,114,macro_inflation_fwd_5y5y,0.024669
TMO,63,114,macro_inflation_fwd_chg_21d,0.006271
TMO,63,114,macro_inflation_fwd_abs_chg_21d,0.004735
TMO,63,114,macro_inflation_fwd_chg_63d,0.011212
TMO,63,114,macro_inflation_fwd_zscore,0.008106
TMO,63,114,macro_dollar_ret,0.0
TMO,63,114,beta_spy,0.028494
TMO,63,114,res_vol,0.013955
TMO,63,114,res_vol_vel,0.008927
TMO,63,114,price_regime,0.085437
TMO,63,114,corr_sector_21d,0.00848
TMO,63,114,corr_sector_252d,0.042705
TMO,63,114,sector_wedge,0.023822
TMO,63,115,rv_5d,0.035333
TMO,63,115,rv_10d,0.057198
TMO,63,115,rv_21d,0.042893
TMO,63,115,rv_63d,0.064857
TMO,63,115,rv_126d,0.037612
TMO,63,115,ewma_vol,0.021215
TMO,63,115,garch_cond_vol,0.026097
TMO,63,115,ret_TARGET,0.0
TMO,63,115,tech_RSI,0.004384
TMO,63,115,tech_MACD_hist,0.039639
TMO,63,115,ret_VIXY,0.0
TMO,63,115,mom21_VIXY,0.022012
TMO,63,115,ret_HYG,0.0
TMO,63,115,mom21_HYG,0.02487
TMO,63,115,ret_USO,0.0
TMO,63,115,mom21_USO,0.017077
TMO,63,115,ret_TLT,0.0
TMO,63,115,mom21_TLT,0.00819
TMO,63,115,ret_UUP,0.0
TMO,63,115,mom21_UUP,0.003705
TMO,63,115,ret_SPY,0.0
TMO,63,115,mom21_SPY,0.004013
TMO,63,115,vol_vel,0.005316
TMO,63,115,vol_of_vol,0.030256
TMO,63,115,vol_regime_zscore,0.026908
TMO,63,115,vol_chg_21d,0.018842
TMO,63,115,event_fed_gravity,0.02553
TMO,63,115,event_earn_gravity,0.0
TMO,63,115,event_div_gravity,0.0
TMO,63,115,event_cpi_gravity,0.019728
TMO,63,115,event_nfp_gravity,0.021735
TMO,63,115,put_call_skew_30d,0.007322
TMO,63,115,term_structure_slope,0.031265
TMO,63,115,vrp_wedge,0.007611
TMO,63,115,iv_atm_z_score,0.018868
TMO,63,115,macro_yield_curve_slope,0.058273
TMO,63,115,macro_hy_spread,0.023495
TMO,63,115,macro_hy_spread_chg_5d,0.013485
TMO,63,115,macro_breakeven_5y,0.011784
TMO,63,115,macro_inflation_fwd_5y5y,0.030977
TMO,63,115,macro_inflation_fwd_chg_21d,0.009753
TMO,63,115,macro_inflation_fwd_abs_chg_21d,0.006294
TMO,63,115,macro_inflation_fwd_chg_63d,0.010538
TMO,63,115,macro_inflation_fwd_zscore,0.006833
TMO,63,115,macro_dollar_ret,0.0
TMO,63,115,beta_spy,0.02817
TMO,63,115,res_vol,0.014197
TMO,63,115,res_vol_vel,0.0
TMO,63,115,price_regime,0.091863
TMO,63,115,corr_sector_21d,0.006995
TMO,63,115,corr_sector_252d,0.040892
TMO,63,115,sector_wedge,0.023971
TMO,63,116,rv_5d,0.032753
TMO,63,116,rv_10d,0.064281
TMO,63,116,rv_21d,0.038874
TMO,63,116,rv_63d,0.058073
TMO,63,116,rv_126d,0.045749
TMO,63,116,ewma_vol,0.023346
TMO,63,116,garch_cond_vol,0.018791
TMO,63,116,ret_TARGET,0.0
TMO,63,116,tech_RSI,0.004886
TMO,63,116,tech_MACD_hist,0.040753
TMO,63,116,ret_VIXY,0.0
TMO,63,116,mom21_VIXY,0.021795
TMO,63,116,ret_HYG,0.0
TMO,63,116,mom21_HYG,0.024251
TMO,63,116,ret_USO,0.0
TMO,63,116,mom21_USO,0.01612
TMO,63,116,ret_TLT,0.0
TMO,63,116,mom21_TLT,0.009322
TMO,63,116,ret_UUP,0.0
TMO,63,116,mom21_UUP,0.004928
TMO,63,116,ret_SPY,0.0
TMO,63,116,mom21_SPY,0.004615
TMO,63,116,vol_vel,0.007566
TMO,63,116,vol_of_vol,0.030246
TMO,63,116,vol_regime_zscore,0.023493
TMO,63,116,vol_chg_21d,0.01561
TMO,63,116,event_fed_gravity,0.028326
TMO,63,116,event_earn_gravity,0.0
TMO,63,116,event_div_gravity,0.0
TMO,63,116,event_cpi_gravity,0.014348
TMO,63,116,event_nfp_gravity,0.022978
TMO,63,116,put_call_skew_30d,0.012133
TMO,63,116,term_structure_slope,0.03047
TMO,63,116,vrp_wedge,0.00673
TMO,63,116,iv_atm_z_score,0.017202
TMO,63,116,macro_yield_curve_slope,0.059086
TMO,63,116,macro_hy_spread,0.022321
TMO,63,116,macro_hy_spread_chg_5d,0.01514
TMO,63,116,macro_breakeven_5y,0.015766
TMO,63,116,macro_inflation_fwd_5y5y,0.02536
TMO,63,116,macro_inflation_fwd_chg_21d,0.006331
TMO,63,116,macro_inflation_fwd_abs_chg_21d,0.008292
TMO,63,116,macro_inflation_fwd_chg_63d,0.009793
TMO,63,116,macro_inflation_fwd_zscore,0.010675
TMO,63,116,macro_dollar_ret,0.0
TMO,63,116,beta_spy,0.030779
TMO,63,116,res_vol,0.013324
TMO,63,116,res_vol_vel,0.00429
TMO,63,116,price_regime,0.086143
TMO,63,116,corr_sector_21d,0.007445
TMO,63,116,corr_sector_252d,0.042178
TMO,63,116,sector_wedge,0.025435
TMO,63,117,rv_5d,0.036202
TMO,63,117,rv_10d,0.060733
TMO,63,117,rv_21d,0.04762
TMO,63,117,rv_63d,0.057369
TMO,63,117,rv_126d,0.05134
TMO,63,117,ewma_vol,0.031984
TMO,63,117,garch_cond_vol,0.009334
TMO,63,117,ret_TARGET,0.0
TMO,63,117,tech_RSI,0.006137
TMO,63,117,tech_MACD_hist,0.034207
TMO,63,117,ret_VIXY,0.0
TMO,63,117,mom21_VIXY,0.019555
TMO,63,117,ret_HYG,0.0
TMO,63,117,mom21_HYG,0.027326
TMO,63,117,ret_USO,0.0
TMO,63,117,mom21_USO,0.017318
TMO,63,117,ret_TLT,0.0
TMO,63,117,mom21_TLT,0.007064
TMO,63,117,ret_UUP,0.0
TMO,63,117,mom21_UUP,0.005377
TMO,63,117,ret_SPY,0.003647
TMO,63,117,mom21_SPY,0.004283
TMO,63,117,vol_vel,0.006524
TMO,63,117,vol_of_vol,0.02362
TMO,63,117,vol_regime_zscore,0.017264
TMO,63,117,vol_chg_21d,0.019653
TMO,63,117,event_fed_gravity,0.024342
TMO,63,117,event_earn_gravity,0.0
TMO,63,117,event_div_gravity,0.0
TMO,63,117,event_cpi_gravity,0.021844
TMO,63,117,event_nfp_gravity,0.033878
TMO,63,117,put_call_skew_30d,0.010246
TMO,63,117,term_structure_slope,0.037941
TMO,63,117,vrp_wedge,0.005873
TMO,63,117,iv_atm_z_score,0.023608
TMO,63,117,macro_yield_curve_slope,0.057146
TMO,63,117,macro_hy_spread,0.018925
TMO,63,117,macro_hy_spread_chg_5d,0.011635
TMO,63,117,macro_breakeven_5y,0.013354
TMO,63,117,macro_inflation_fwd_5y5y,0.021896
TMO,63,117,macro_inflation_fwd_chg_21d,0.005471
TMO,63,117,macro_inflation_fwd_abs_chg_21d,0.006654
TMO,63,117,macro_inflation_fwd_chg_63d,0.010121
TMO,63,117,macro_inflation_fwd_zscore,0.010991
TMO,63,117,macro_dollar_ret,0.0
TMO,63,117,beta_spy,0.028352
TMO,63,117,res_vol,0.012838
TMO,63,117,res_vol_vel,0.004845
TMO,63,117,price_regime,0.078974
TMO,63,117,corr_sector_21d,0.006914
TMO,63,117,corr_sector_252d,0.048734
TMO,63,117,sector_wedge,0.018861
TMO,63,118,rv_5d,0.043607
TMO,63,118,rv_10d,0.052259
TMO,63,118,rv_21d,0.04731
TMO,63,118,rv_63d,0.056038
TMO,63,118,rv_126d,0.045855
TMO,63,118,ewma_vol,0.024202
TMO,63,118,garch_cond_vol,0.017006
TMO,63,118,ret_TARGET,0.0
TMO,63,118,tech_RSI,0.004774
TMO,63,118,tech_MACD_hist,0.025136
TMO,63,118,ret_VIXY,0.0
TMO,63,118,mom21_VIXY,0.024186
TMO,63,118,ret_HYG,0.0
TMO,63,118,mom21_HYG,0.029652
TMO,63,118,ret_USO,0.0
TMO,63,118,mom21_USO,0.018247
TMO,63,118,ret_TLT,0.0
TMO,63,118,mom21_TLT,0.007083
TMO,63,118,ret_UUP,0.0
TMO,63,118,mom21_UUP,0.004118
TMO,63,118,ret_SPY,0.0
TMO,63,118,mom21_SPY,0.004281
TMO,63,118,vol_vel,0.008117
TMO,63,118,vol_of_vol,0.040603
TMO,63,118,vol_regime_zscore,0.014274
TMO,63,118,vol_chg_21d,0.012164
TMO,63,118,event_fed_gravity,0.030029
TMO,63,118,event_earn_gravity,0.0
TMO,63,118,event_div_gravity,0.0
TMO,63,118,event_cpi_gravity,0.020851
TMO,63,118,event_nfp_gravity,0.02945
TMO,63,118,put_call_skew_30d,0.011883
TMO,63,118,term_structure_slope,0.037364
TMO,63,118,vrp_wedge,0.006351
TMO,63,118,iv_atm_z_score,0.020598
TMO,63,118,macro_yield_curve_slope,0.056973
TMO,63,118,macro_hy_spread,0.021133
TMO,63,118,macro_hy_spread_chg_5d,0.008291
TMO,63,118,macro_breakeven_5y,0.013403
TMO,63,118,macro_inflation_fwd_5y5y,0.022882
TMO,63,118,macro_inflation_fwd_chg_21d,0.008716
TMO,63,118,macro_inflation_fwd_abs_chg_21d,0.007897
TMO,63,118,macro_inflation_fwd_chg_63d,0.009702
TMO,63,118,macro_inflation_fwd_zscore,0.009461
TMO,63,118,macro_dollar_ret,0.0
TMO,63,118,beta_spy,0.029666
TMO,63,118,res_vol,0.012716
TMO,63,118,res_vol_vel,0.0
TMO,63,118,price_regime,0.077719
TMO,63,118,corr_sector_21d,0.015108
TMO,63,118,corr_sector_252d,0.047539
TMO,63,118,sector_wedge,0.023355
TMO,63,119,rv_5d,0.036822
TMO,63,119,rv_10d,0.066494
TMO,63,119,rv_21d,0.040624
TMO,63,119,rv_63d,0.054761
TMO,63,119,rv_126d,0.049246
TMO,63,119,ewma_vol,0.028136
TMO,63,119,garch_cond_vol,0.010089
TMO,63,119,ret_TARGET,0.0
TMO,63,119,tech_RSI,0.004648
TMO,63,119,tech_MACD_hist,0.033654
TMO,63,119,ret_VIXY,0.0
TMO,63,119,mom21_VIXY,0.02227
TMO,63,119,ret_HYG,0.0
TMO,63,119,mom21_HYG,0.023804
TMO,63,119,ret_USO,0.0
TMO,63,119,mom21_USO,0.02087
TMO,63,119,ret_TLT,0.0
TMO,63,119,mom21_TLT,0.007119
TMO,63,119,ret_UUP,0.0
TMO,63,119,mom21_UUP,0.0
TMO,63,119,ret_SPY,0.003772
TMO,63,119,mom21_SPY,0.005696
TMO,63,119,vol_vel,0.0
TMO,63,119,vol_of_vol,0.023723
TMO,63,119,vol_regime_zscore,0.019697
TMO,63,119,vol_chg_21d,0.014143
TMO,63,119,event_fed_gravity,0.030582
TMO,63,119,event_earn_gravity,0.0
TMO,63,119,event_div_gravity,0.0
TMO,63,119,event_cpi_gravity,0.020249
TMO,63,119,event_nfp_gravity,0.030513
TMO,63,119,put_call_skew_30d,0.012733
TMO,63,119,term_structure_slope,0.047089
TMO,63,119,vrp_wedge,0.005061
TMO,63,119,iv_atm_z_score,0.01896
TMO,63,119,macro_yield_curve_slope,0.056152
TMO,63,119,macro_hy_spread,0.028497
TMO,63,119,macro_hy_spread_chg_5d,0.009302
TMO,63,119,macro_breakeven_5y,0.01446
TMO,63,119,macro_inflation_fwd_5y5y,0.021457
TMO,63,119,macro_inflation_fwd_chg_21d,0.004829
TMO,63,119,macro_inflation_fwd_abs_chg_21d,0.004798
TMO,63,119,macro_inflation_fwd_chg_63d,0.010144
TMO,63,119,macro_inflation_fwd_zscore,0.008519
TMO,63,119,macro_dollar_ret,0.0
TMO,63,119,beta_spy,0.031422
TMO,63,119,res_vol,0.013441
TMO,63,119,res_vol_vel,0.006755
TMO,63,119,price_regime,0.081132
TMO,63,119,corr_sector_21d,0.008163
TMO,63,119,corr_sector_252d,0.044501
TMO,63,119,sector_wedge,0.025672
TMO,63,120,rv_5d,0.040886
TMO,63,120,rv_10d,0.059896
TMO,63,120,rv_21d,0.047754
TMO,63,120,rv_63d,0.053882
TMO,63,120,rv_126d,0.048334
TMO,63,120,ewma_vol,0.020969
TMO,63,120,garch_cond_vol,0.02252
TMO,63,120,ret_TARGET,0.0
TMO,63,120,tech_RSI,0.003658
TMO,63,120,tech_MACD_hist,0.033514
TMO,63,120,ret_VIXY,0.0
TMO,63,120,mom21_VIXY,0.021184
TMO,63,120,ret_HYG,0.0
TMO,63,120,mom21_HYG,0.022647
TMO,63,120,ret_USO,0.0
TMO,63,120,mom21_USO,0.020333
TMO,63,120,ret_TLT,0.0
TMO,63,120,mom21_TLT,0.007488
TMO,63,120,ret_UUP,0.0
TMO,63,120,mom21_UUP,0.0
TMO,63,120,ret_SPY,0.003929
TMO,63,120,mom21_SPY,0.004324
TMO,63,120,vol_vel,0.0
TMO,63,120,vol_of_vol,0.033385
TMO,63,120,vol_regime_zscore,0.016235
TMO,63,120,vol_chg_21d,0.014148
TMO,63,120,event_fed_gravity,0.02972
TMO,63,120,event_earn_gravity,0.0
TMO,63,120,event_div_gravity,0.0
TMO,63,120,event_cpi_gravity,0.022358
TMO,63,120,event_nfp_gravity,0.03112
TMO,63,120,put_call_skew_30d,0.012025
TMO,63,120,term_structure_slope,0.03873
TMO,63,120,vrp_wedge,0.00539
TMO,63,120,iv_atm_z_score,0.022247
TMO,63,120,macro_yield_curve_slope,0.054514
TMO,63,120,macro_hy_spread,0.021459
TMO,63,120,macro_hy_spread_chg_5d,0.010258
TMO,63,120,macro_breakeven_5y,0.015122
TMO,63,120,macro_inflation_fwd_5y5y,0.023654
TMO,63,120,macro_inflation_fwd_chg_21d,0.006836
TMO,63,120,macro_inflation_fwd_abs_chg_21d,0.005077
TMO,63,120,macro_inflation_fwd_chg_63d,0.010607
TMO,63,120,macro_inflation_fwd_zscore,0.009393
TMO,63,120,macro_dollar_ret,0.0
TMO,63,120,beta_spy,0.030084
TMO,63,120,res_vol,0.013534
TMO,63,120,res_vol_vel,0.008204
TMO,63,120,price_regime,0.085846
TMO,63,120,corr_sector_21d,0.00566
TMO,63,120,corr_sector_252d,0.041445
TMO,63,120,sector_wedge,0.021627
TMO,63,121,rv_5d,0.040381
TMO,63,121,rv_10d,0.044663
TMO,63,121,rv_21d,0.049688
TMO,63,121,rv_63d,0.044831
TMO,63,121,rv_126d,0.061354
TMO,63,121,ewma_vol,0.026188
TMO,63,121,garch_cond_vol,0.008467
TMO,63,121,ret_TARGET,0.0
TMO,63,121,tech_RSI,0.004979
TMO,63,121,tech_MACD_hist,0.039058
TMO,63,121,ret_VIXY,0.0
TMO,63,121,mom21_VIXY,0.018354
TMO,63,121,ret_HYG,0.0
TMO,63,121,mom21_HYG,0.022215
TMO,63,121,ret_USO,0.0
TMO,63,121,mom21_USO,0.020702
TMO,63,121,ret_TLT,0.0
TMO,63,121,mom21_TLT,0.006902
TMO,63,121,ret_UUP,0.0
TMO,63,121,mom21_UUP,0.0
TMO,63,121,ret_SPY,0.003619
TMO,63,121,mom21_SPY,0.004055
TMO,63,121,vol_vel,0.005294
TMO,63,121,vol_of_vol,0.032479
TMO,63,121,vol_regime_zscore,0.021777
TMO,63,121,vol_chg_21d,0.014142
TMO,63,121,event_fed_gravity,0.028278
TMO,63,121,event_earn_gravity,0.0
TMO,63,121,event_div_gravity,0.0
TMO,63,121,event_cpi_gravity,0.017168
TMO,63,121,event_nfp_gravity,0.036022
TMO,63,121,put_call_skew_30d,0.010724
TMO,63,121,term_structure_slope,0.043906
TMO,63,121,vrp_wedge,0.00672
TMO,63,121,iv_atm_z_score,0.018803
TMO,63,121,macro_yield_curve_slope,0.056752
TMO,63,121,macro_hy_spread,0.020873
TMO,63,121,macro_hy_spread_chg_5d,0.011788
TMO,63,121,macro_breakeven_5y,0.011254
TMO,63,121,macro_inflation_fwd_5y5y,0.024337
TMO,63,121,macro_inflation_fwd_chg_21d,0.005978
TMO,63,121,macro_inflation_fwd_abs_chg_21d,0.005152
TMO,63,121,macro_inflation_fwd_chg_63d,0.009416
TMO,63,121,macro_inflation_fwd_zscore,0.01293
TMO,63,121,macro_dollar_ret,0.0
TMO,63,121,beta_spy,0.030134
TMO,63,121,res_vol,0.01302
TMO,63,121,res_vol_vel,0.007674
TMO,63,121,price_regime,0.076643
TMO,63,121,corr_sector_21d,0.008642
TMO,63,121,corr_sector_252d,0.044431
TMO,63,121,sector_wedge,0.030208
TMO,63,122,rv_5d,0.039071
TMO,63,122,rv_10d,0.045548
TMO,63,122,rv_21d,0.063151
TMO,63,122,rv_63d,0.049446
TMO,63,122,rv_126d,0.050679
TMO,63,122,ewma_vol,0.022812
TMO,63,122,garch_cond_vol,0.009591
TMO,63,122,ret_TARGET,0.0
TMO,63,122,tech_RSI,0.00433
TMO,63,122,tech_MACD_hist,0.067366
TMO,63,122,ret_VIXY,0.0
TMO,63,122,mom21_VIXY,0.020787
TMO,63,122,ret_HYG,0.0
TMO,63,122,mom21_HYG,0.02954
TMO,63,122,ret_USO,0.0
TMO,63,122,mom21_USO,0.016924
TMO,63,122,ret_TLT,0.0
TMO,63,122,mom21_TLT,0.007473
TMO,63,122,ret_UUP,0.0
TMO,63,122,mom21_UUP,0.0
TMO,63,122,ret_SPY,0.003582
TMO,63,122,mom21_SPY,0.004612
TMO,63,122,vol_vel,0.007114
TMO,63,122,vol_of_vol,0.027765
TMO,63,122,vol_regime_zscore,0.016018
TMO,63,122,vol_chg_21d,0.013147
TMO,63,122,event_fed_gravity,0.016328
TMO,63,122,event_earn_gravity,0.0
TMO,63,122,event_div_gravity,0.0
TMO,63,122,event_cpi_gravity,0.024868
TMO,63,122,event_nfp_gravity,0.025144
TMO,63,122,put_call_skew_30d,0.0098
TMO,63,122,term_structure_slope,0.024584
TMO,63,122,vrp_wedge,0.006643
TMO,63,122,iv_atm_z_score,0.020265
TMO,63,122,macro_yield_curve_slope,0.056478
TMO,63,122,macro_hy_spread,0.020521
TMO,63,122,macro_hy_spread_chg_5d,0.005001
TMO,63,122,macro_breakeven_5y,0.013902
TMO,63,122,macro_inflation_fwd_5y5y,0.026804
TMO,63,122,macro_inflation_fwd_chg_21d,0.005597
TMO,63,122,macro_inflation_fwd_abs_chg_21d,0.00586
TMO,63,122,macro_inflation_fwd_chg_63d,0.009065
TMO,63,122,macro_inflation_fwd_zscore,0.020863
TMO,63,122,macro_dollar_ret,0.0
TMO,63,122,beta_spy,0.026922
TMO,63,122,res_vol,0.014989
TMO,63,122,res_vol_vel,0.008636
TMO,63,122,price_regime,0.081289
TMO,63,122,corr_sector_21d,0.008639
TMO,63,122,corr_sector_252d,0.044301
TMO,63,122,sector_wedge,0.024543
TMO,63,123,rv_5d,0.041408
TMO,63,123,rv_10d,0.046477
TMO,63,123,rv_21d,0.050558
TMO,63,123,rv_63d,0.051633
TMO,63,123,rv_126d,0.045986
TMO,63,123,ewma_vol,0.023124
TMO,63,123,garch_cond_vol,0.008299
TMO,63,123,ret_TARGET,0.0
TMO,63,123,tech_RSI,0.005015
TMO,63,123,tech_MACD_hist,0.048692
TMO,63,123,ret_VIXY,0.0
TMO,63,123,mom21_VIXY,0.019072
TMO,63,123,ret_HYG,0.0
TMO,63,123,mom21_HYG,0.026421
TMO,63,123,ret_USO,0.0
TMO,63,123,mom21_USO,0.015622
TMO,63,123,ret_TLT,0.0
TMO,63,123,mom21_TLT,0.007835
TMO,63,123,ret_UUP,0.0
TMO,63,123,mom21_UUP,0.0
TMO,63,123,ret_SPY,0.003716
TMO,63,123,mom21_SPY,0.004855
TMO,63,123,vol_vel,0.004076
TMO,63,123,vol_of_vol,0.034577
TMO,63,123,vol_regime_zscore,0.014187
TMO,63,123,vol_chg_21d,0.017385
TMO,63,123,event_fed_gravity,0.021528
TMO,63,123,event_earn_gravity,0.0
TMO,63,123,event_div_gravity,0.0
TMO,63,123,event_cpi_gravity,0.020348
TMO,63,123,event_nfp_gravity,0.033242
TMO,63,123,put_call_skew_30d,0.01462
TMO,63,123,term_structure_slope,0.029771
TMO,63,123,vrp_wedge,0.006258
TMO,63,123,iv_atm_z_score,0.020183
TMO,63,123,macro_yield_curve_slope,0.058764
TMO,63,123,macro_hy_spread,0.025412
TMO,63,123,macro_hy_spread_chg_5d,0.005752
TMO,63,123,macro_breakeven_5y,0.013248
TMO,63,123,macro_inflation_fwd_5y5y,0.022319
TMO,63,123,macro_inflation_fwd_chg_21d,0.005271
TMO,63,123,macro_inflation_fwd_abs_chg_21d,0.00831
TMO,63,123,macro_inflation_fwd_chg_63d,0.009619
TMO,63,123,macro_inflation_fwd_zscore,0.013701
TMO,63,123,macro_dollar_ret,0.0
TMO,63,123,beta_spy,0.02617
TMO,63,123,res_vol,0.016041
TMO,63,123,res_vol_vel,0.008484
TMO,63,123,price_regime,0.102629
TMO,63,123,corr_sector_21d,0.003997
TMO,63,123,corr_sector_252d,0.04351
TMO,63,123,sector_wedge,0.021885
TMO,63,124,rv_5d,0.03031
TMO,63,124,rv_10d,0.049891
TMO,63,124,rv_21d,0.039617
TMO,63,124,rv_63d,0.053315
TMO,63,124,rv_126d,0.04215
TMO,63,124,ewma_vol,0.019531
TMO,63,124,garch_cond_vol,0.014379
TMO,63,124,ret_TARGET,0.0
TMO,63,124,tech_RSI,0.005668
TMO,63,124,tech_MACD_hist,0.075647
TMO,63,124,ret_VIXY,0.0
TMO,63,124,mom21_VIXY,0.01957
TMO,63,124,ret_HYG,0.0
TMO,63,124,mom21_HYG,0.024296
TMO,63,124,ret_USO,0.0
TMO,63,124,mom21_USO,0.018529
TMO,63,124,ret_TLT,0.0
TMO,63,124,mom21_TLT,0.005585
TMO,63,124,ret_UUP,0.0
TMO,63,124,mom21_UUP,0.003964
TMO,63,124,ret_SPY,0.003772
TMO,63,124,mom21_SPY,0.003536
TMO,63,124,vol_vel,0.007215
TMO,63,124,vol_of_vol,0.02624
TMO,63,124,vol_regime_zscore,0.022434
TMO,63,124,vol_chg_21d,0.018414
TMO,63,124,event_fed_gravity,0.021476
TMO,63,124,event_earn_gravity,0.0
TMO,63,124,event_div_gravity,0.0
TMO,63,124,event_cpi_gravity,0.024623
TMO,63,124,event_nfp_gravity,0.025233
TMO,63,124,put_call_skew_30d,0.011614
TMO,63,124,term_structure_slope,0.040504
TMO,63,124,vrp_wedge,0.005961
TMO,63,124,iv_atm_z_score,0.018665
TMO,63,124,macro_yield_curve_slope,0.059908
TMO,63,124,macro_hy_spread,0.018871
TMO,63,124,macro_hy_spread_chg_5d,0.011817
TMO,63,124,macro_breakeven_5y,0.016354
TMO,63,124,macro_inflation_fwd_5y5y,0.022227
TMO,63,124,macro_inflation_fwd_chg_21d,0.004473
TMO,63,124,macro_inflation_fwd_abs_chg_21d,0.00504
TMO,63,124,macro_inflation_fwd_chg_63d,0.009782
TMO,63,124,macro_inflation_fwd_zscore,0.013095
TMO,63,124,macro_dollar_ret,0.0
TMO,63,124,beta_spy,0.026363
TMO,63,124,res_vol,0.012065
TMO,63,124,res_vol_vel,0.0
TMO,63,124,price_regime,0.095114
TMO,63,124,corr_sector_21d,0.011219
TMO,63,124,corr_sector_252d,0.040137
TMO,63,124,sector_wedge,0.021397
TMO,63,125,rv_5d,0.033145
TMO,63,125,rv_10d,0.04844
TMO,63,125,rv_21d,0.047528
TMO,63,125,rv_63d,0.045583
TMO,63,125,rv_126d,0.046097
TMO,63,125,ewma_vol,0.020338
TMO,63,125,garch_cond_vol,0.013094
TMO,63,125,ret_TARGET,0.0
TMO,63,125,tech_RSI,0.004203
TMO,63,125,tech_MACD_hist,0.076572
TMO,63,125,ret_VIXY,0.0
TMO,63,125,mom21_VIXY,0.021733
TMO,63,125,ret_HYG,0.0
TMO,63,125,mom21_HYG,0.026057
TMO,63,125,ret_USO,0.0
TMO,63,125,mom21_USO,0.015673
TMO,63,125,ret_TLT,0.0
TMO,63,125,mom21_TLT,0.007943
TMO,63,125,ret_UUP,0.0
TMO,63,125,mom21_UUP,0.0
TMO,63,125,ret_SPY,0.0
TMO,63,125,mom21_SPY,0.0045
TMO,63,125,vol_vel,0.0
TMO,63,125,vol_of_vol,0.033829
TMO,63,125,vol_regime_zscore,0.01495
TMO,63,125,vol_chg_21d,0.032935
TMO,63,125,event_fed_gravity,0.020208
TMO,63,125,event_earn_gravity,0.0
TMO,63,125,event_div_gravity,0.0
TMO,63,125,event_cpi_gravity,0.018983
TMO,63,125,event_nfp_gravity,0.036038
TMO,63,125,put_call_skew_30d,0.014955
TMO,63,125,term_structure_slope,0.024295
TMO,63,125,vrp_wedge,0.0062
TMO,63,125,iv_atm_z_score,0.01902
TMO,63,125,macro_yield_curve_slope,0.053751
TMO,63,125,macro_hy_spread,0.014979
TMO,63,125,macro_hy_spread_chg_5d,0.009751
TMO,63,125,macro_breakeven_5y,0.014378
TMO,63,125,macro_inflation_fwd_5y5y,0.025291
TMO,63,125,macro_inflation_fwd_chg_21d,0.0
TMO,63,125,macro_inflation_fwd_abs_chg_21d,0.008499
TMO,63,125,macro_inflation_fwd_chg_63d,0.010535
TMO,63,125,macro_inflation_fwd_zscore,0.012629
TMO,63,125,macro_dollar_ret,0.0
TMO,63,125,beta_spy,0.027911
TMO,63,125,res_vol,0.013569
TMO,63,125,res_vol_vel,0.0
TMO,63,125,price_regime,0.105815
TMO,63,125,corr_sector_21d,0.006756
TMO,63,125,corr_sector_252d,0.042762
TMO,63,125,sector_wedge,0.021054
TMO,63,126,rv_5d,0.036797
TMO,63,126,rv_10d,0.051176
TMO,63,126,rv_21d,0.047423
TMO,63,126,rv_63d,0.052294
TMO,63,126,rv_126d,0.043114
TMO,63,126,ewma_vol,0.022911
TMO,63,126,garch_cond_vol,0.017056
TMO,63,126,ret_TARGET,0.0
TMO,63,126,tech_RSI,0.0
TMO,63,126,tech_MACD_hist,0.076404
TMO,63,126,ret_VIXY,0.0
TMO,63,126,mom21_VIXY,0.018738
TMO,63,126,ret_HYG,0.0
TMO,63,126,mom21_HYG,0.020788
TMO,63,126,ret_USO,0.0
TMO,63,126,mom21_USO,0.019964
TMO,63,126,ret_TLT,0.0
TMO,63,126,mom21_TLT,0.007428
TMO,63,126,ret_UUP,0.0
TMO,63,126,mom21_UUP,0.0
TMO,63,126,ret_SPY,0.003486
TMO,63,126,mom21_SPY,0.003809
TMO,63,126,vol_vel,0.008453
TMO,63,126,vol_of_vol,0.037504
TMO,63,126,vol_regime_zscore,0.016656
TMO,63,126,vol_chg_21d,0.008683
TMO,63,126,event_fed_gravity,0.030219
TMO,63,126,event_earn_gravity,0.0
TMO,63,126,event_div_gravity,0.0
TMO,63,126,event_cpi_gravity,0.020605
TMO,63,126,event_nfp_gravity,0.029397
TMO,63,126,put_call_skew_30d,0.010844
TMO,63,126,term_structure_slope,0.025676
TMO,63,126,vrp_wedge,0.005875
TMO,63,126,iv_atm_z_score,0.018848
TMO,63,126,macro_yield_curve_slope,0.053326
TMO,63,126,macro_hy_spread,0.022578
TMO,63,126,macro_hy_spread_chg_5d,0.011506
TMO,63,126,macro_breakeven_5y,0.016849
TMO,63,126,macro_inflation_fwd_5y5y,0.022188
TMO,63,126,macro_inflation_fwd_chg_21d,0.0
TMO,63,126,macro_inflation_fwd_abs_chg_21d,0.007707
TMO,63,126,macro_inflation_fwd_chg_63d,0.008878
TMO,63,126,macro_inflation_fwd_zscore,0.013055
TMO,63,126,macro_dollar_ret,0.0
TMO,63,126,beta_spy,0.030834
TMO,63,126,res_vol,0.012388
TMO,63,126,res_vol_vel,0.0
TMO,63,126,price_regime,0.103779
TMO,63,126,corr_sector_21d,0.010257
TMO,63,126,corr_sector_252d,0.033104
TMO,63,126,sector_wedge,0.019403
TMO,63,127,rv_5d,0.028799
TMO,63,127,rv_10d,0.051153
TMO,63,127,rv_21d,0.055426
TMO,63,127,rv_63d,0.049138
TMO,63,127,rv_126d,0.049144
TMO,63,127,ewma_vol,0.020489
TMO,63,127,garch_cond_vol,0.026621
TMO,63,127,ret_TARGET,0.0
TMO,63,127,tech_RSI,0.003407
TMO,63,127,tech_MACD_hist,0.048758
TMO,63,127,ret_VIXY,0.0
TMO,63,127,mom21_VIXY,0.024054
TMO,63,127,ret_HYG,0.0
TMO,63,127,mom21_HYG,0.023173
TMO,63,127,ret_USO,0.0
TMO,63,127,mom21_USO,0.019333
TMO,63,127,ret_TLT,0.0
TMO,63,127,mom21_TLT,0.006989
TMO,63,127,ret_UUP,0.0
TMO,63,127,mom21_UUP,0.0
TMO,63,127,ret_SPY,0.003622
TMO,63,127,mom21_SPY,0.003406
TMO,63,127,vol_vel,0.003743
TMO,63,127,vol_of_vol,0.03263
TMO,63,127,vol_regime_zscore,0.020313
TMO,63,127,vol_chg_21d,0.01558
TMO,63,127,event_fed_gravity,0.019854
TMO,63,127,event_earn_gravity,0.0
TMO,63,127,event_div_gravity,0.0
TMO,63,127,event_cpi_gravity,0.016479
TMO,63,127,event_nfp_gravity,0.036564
TMO,63,127,put_call_skew_30d,0.014742
TMO,63,127,term_structure_slope,0.031542
TMO,63,127,vrp_wedge,0.005738
TMO,63,127,iv_atm_z_score,0.017524
TMO,63,127,macro_yield_curve_slope,0.053133
TMO,63,127,macro_hy_spread,0.022569
TMO,63,127,macro_hy_spread_chg_5d,0.010057
TMO,63,127,macro_breakeven_5y,0.019115
TMO,63,127,macro_inflation_fwd_5y5y,0.025276
TMO,63,127,macro_inflation_fwd_chg_21d,0.004897
TMO,63,127,macro_inflation_fwd_abs_chg_21d,0.007006
TMO,63,127,macro_inflation_fwd_chg_63d,0.009642
TMO,63,127,macro_inflation_fwd_zscore,0.008962
TMO,63,127,macro_dollar_ret,0.0
TMO,63,127,beta_spy,0.028893
TMO,63,127,res_vol,0.010839
TMO,63,127,res_vol_vel,0.0
TMO,63,127,price_regime,0.107207
TMO,63,127,corr_sector_21d,0.0088
TMO,63,127,corr_sector_252d,0.036281
TMO,63,127,sector_wedge,0.019104
TMO,63,128,rv_5d,0.030908
TMO,63,128,rv_10d,0.059536
TMO,63,128,rv_21d,0.050111
TMO,63,128,rv_63d,0.052063
TMO,63,128,rv_126d,0.046747
TMO,63,128,ewma_vol,0.025328
TMO,63,128,garch_cond_vol,0.027863
TMO,63,128,ret_TARGET,0.0
TMO,63,128,tech_RSI,0.003786
TMO,63,128,tech_MACD_hist,0.04003
TMO,63,128,ret_VIXY,0.0
TMO,63,128,mom21_VIXY,0.021441
TMO,63,128,ret_HYG,0.0
TMO,63,128,mom21_HYG,0.027928
TMO,63,128,ret_USO,0.0
TMO,63,128,mom21_USO,0.019877
TMO,63,128,ret_TLT,0.0
TMO,63,128,mom21_TLT,0.008341
TMO,63,128,ret_UUP,0.0
TMO,63,128,mom21_UUP,0.0
TMO,63,128,ret_SPY,0.004015
TMO,63,128,mom21_SPY,0.004885
TMO,63,128,vol_vel,0.006367
TMO,63,128,vol_of_vol,0.030535
TMO,63,128,vol_regime_zscore,0.013808
TMO,63,128,vol_chg_21d,0.020408
TMO,63,128,event_fed_gravity,0.012315
TMO,63,128,event_earn_gravity,0.0
TMO,63,128,event_div_gravity,0.0
TMO,63,128,event_cpi_gravity,0.022831
TMO,63,128,event_nfp_gravity,0.036116
TMO,63,128,put_call_skew_30d,0.021859
TMO,63,128,term_structure_slope,0.031207
TMO,63,128,vrp_wedge,0.006005
TMO,63,128,iv_atm_z_score,0.017977
TMO,63,128,macro_yield_curve_slope,0.049498
TMO,63,128,macro_hy_spread,0.020559
TMO,63,128,macro_hy_spread_chg_5d,0.010171
TMO,63,128,macro_breakeven_5y,0.016168
TMO,63,128,macro_inflation_fwd_5y5y,0.027928
TMO,63,128,macro_inflation_fwd_chg_21d,0.00555
TMO,63,128,macro_inflation_fwd_abs_chg_21d,0.008238
TMO,63,128,macro_inflation_fwd_chg_63d,0.010087
TMO,63,128,macro_inflation_fwd_zscore,0.008426
TMO,63,128,macro_dollar_ret,0.0
TMO,63,128,beta_spy,0.031413
TMO,63,128,res_vol,0.012532
TMO,63,128,res_vol_vel,0.0
TMO,63,128,price_regime,0.096955
TMO,63,128,corr_sector_21d,0.006236
TMO,63,128,corr_sector_252d,0.0346
TMO,63,128,sector_wedge,0.019353
TMO,63,129,rv_5d,0.027477
TMO,63,129,rv_10d,0.05182
TMO,63,129,rv_21d,0.063023
TMO,63,129,rv_63d,0.049277
TMO,63,129,rv_126d,0.051774
TMO,63,129,ewma_vol,0.02168
TMO,63,129,garch_cond_vol,0.030843
TMO,63,129,ret_TARGET,0.0
TMO,63,129,tech_RSI,0.0
TMO,63,129,tech_MACD_hist,0.0
TMO,63,129,ret_VIXY,0.0
TMO,63,129,mom21_VIXY,0.02433
TMO,63,129,ret_HYG,0.0
TMO,63,129,mom21_HYG,0.025066
TMO,63,129,ret_USO,0.0
TMO,63,129,mom21_USO,0.019591
TMO,63,129,ret_TLT,0.0
TMO,63,129,mom21_TLT,0.007153
TMO,63,129,ret_UUP,0.0
TMO,63,129,mom21_UUP,0.0
TMO,63,129,ret_SPY,0.0
TMO,63,129,mom21_SPY,0.049238
TMO,63,129,vol_vel,0.011426
TMO,63,129,vol_of_vol,0.0312
TMO,63,129,vol_regime_zscore,0.018136
TMO,63,129,vol_chg_21d,0.025831
TMO,63,129,event_fed_gravity,0.022501
TMO,63,129,event_earn_gravity,0.0
TMO,63,129,event_div_gravity,0.0
TMO,63,129,event_cpi_gravity,0.024847
TMO,63,129,event_nfp_gravity,0.03359
TMO,63,129,put_call_skew_30d,0.020354
TMO,63,129,term_structure_slope,0.031428
TMO,63,129,vrp_wedge,0.010415
TMO,63,129,iv_atm_z_score,0.020347
TMO,63,129,macro_yield_curve_slope,0.051822
TMO,63,129,macro_hy_spread,0.025076
TMO,63,129,macro_hy_spread_chg_5d,0.008197
TMO,63,129,macro_breakeven_5y,0.01277
TMO,63,129,macro_inflation_fwd_5y5y,0.023353
TMO,63,129,macro_inflation_fwd_chg_21d,0.008737
TMO,63,129,macro_inflation_fwd_abs_chg_21d,0.011975
TMO,63,129,macro_inflation_fwd_chg_63d,0.011094
TMO,63,129,macro_inflation_fwd_zscore,0.010997
TMO,63,129,macro_dollar_ret,0.0
TMO,63,129,beta_spy,0.029143
TMO,63,129,res_vol,0.012099
TMO,63,129,res_vol_vel,0.008798
TMO,63,129,price_regime,0.057554
TMO,63,129,corr_sector_21d,0.007551
TMO,63,129,corr_sector_252d,0.032063
TMO,63,129,sector_wedge,0.017425
TMO,63,130,rv_5d,0.030635
TMO,63,130,rv_10d,0.045982
TMO,63,130,rv_21d,0.051079
TMO,63,130,rv_63d,0.064007
TMO,63,130,rv_126d,0.046295
TMO,63,130,ewma_vol,0.026223
TMO,63,130,garch_cond_vol,0.032884
TMO,63,130,ret_TARGET,0.0
TMO,63,130,tech_RSI,0.00813
TMO,63,130,tech_MACD_hist,0.0
TMO,63,130,ret_VIXY,0.0
TMO,63,130,mom21_VIXY,0.022433
TMO,63,130,ret_HYG,0.0
TMO,63,130,mom21_HYG,0.025099
TMO,63,130,ret_USO,0.0
TMO,63,130,mom21_USO,0.019031
TMO,63,130,ret_TLT,0.0
TMO,63,130,mom21_TLT,0.009834
TMO,63,130,ret_UUP,0.0
TMO,63,130,mom21_UUP,0.004104
TMO,63,130,ret_SPY,0.0
TMO,63,130,mom21_SPY,0.026
TMO,63,130,vol_vel,0.01502
TMO,63,130,vol_of_vol,0.019645
TMO,63,130,vol_regime_zscore,0.020694
TMO,63,130,vol_chg_21d,0.027011
TMO,63,130,event_fed_gravity,0.017754
TMO,63,130,event_earn_gravity,0.0
TMO,63,130,event_div_gravity,0.0
TMO,63,130,event_cpi_gravity,0.029606
TMO,63,130,event_nfp_gravity,0.026924
TMO,63,130,put_call_skew_30d,0.014791
TMO,63,130,term_structure_slope,0.040546
TMO,63,130,vrp_wedge,0.004877
TMO,63,130,iv_atm_z_score,0.017797
TMO,63,130,macro_yield_curve_slope,0.049626
TMO,63,130,macro_hy_spread,0.013034
TMO,63,130,macro_hy_spread_chg_5d,0.008936
TMO,63,130,macro_breakeven_5y,0.017119
TMO,63,130,macro_inflation_fwd_5y5y,0.024453
TMO,63,130,macro_inflation_fwd_chg_21d,0.022253
TMO,63,130,macro_inflation_fwd_abs_chg_21d,0.005071
TMO,63,130,macro_inflation_fwd_chg_63d,0.010463
TMO,63,130,macro_inflation_fwd_zscore,0.010976
TMO,63,130,macro_dollar_ret,0.0
TMO,63,130,beta_spy,0.027714
TMO,63,130,res_vol,0.012904
TMO,63,130,res_vol_vel,0.004051
TMO,63,130,price_regime,0.080372
TMO,63,130,corr_sector_21d,0.011466
TMO,63,130,corr_sector_252d,0.034102
TMO,63,130,sector_wedge,0.02106
TMO,63,131,rv_5d,0.032121
TMO,63,131,rv_10d,0.064013
TMO,63,131,rv_21d,0.057591
TMO,63,131,rv_63d,0.063795
TMO,63,131,rv_126d,0.042488
TMO,63,131,ewma_vol,0.034482
TMO,63,131,garch_cond_vol,0.027559
TMO,63,131,ret_TARGET,0.0
TMO,63,131,tech_RSI,0.0
TMO,63,131,tech_MACD_hist,0.012996
TMO,63,131,ret_VIXY,0.0
TMO,63,131,mom21_VIXY,0.02794
TMO,63,131,ret_HYG,0.0
TMO,63,131,mom21_HYG,0.020943
TMO,63,131,ret_USO,0.0
TMO,63,131,mom21_USO,0.021452
TMO,63,131,ret_TLT,0.0
TMO,63,131,mom21_TLT,0.006924
TMO,63,131,ret_UUP,0.0
TMO,63,131,mom21_UUP,0.0
TMO,63,131,ret_SPY,0.00394
TMO,63,131,mom21_SPY,0.0195
TMO,63,131,vol_vel,0.007615
TMO,63,131,vol_of_vol,0.01899
TMO,63,131,vol_regime_zscore,0.024064
TMO,63,131,vol_chg_21d,0.016225
TMO,63,131,event_fed_gravity,0.029411
TMO,63,131,event_earn_gravity,0.0
TMO,63,131,event_div_gravity,0.0
TMO,63,131,event_cpi_gravity,0.021608
TMO,63,131,event_nfp_gravity,0.028984
TMO,63,131,put_call_skew_30d,0.010452
TMO,63,131,term_structure_slope,0.035015
TMO,63,131,vrp_wedge,0.005351
TMO,63,131,iv_atm_z_score,0.017517
TMO,63,131,macro_yield_curve_slope,0.046873
TMO,63,131,macro_hy_spread,0.015949
TMO,63,131,macro_hy_spread_chg_5d,0.009046
TMO,63,131,macro_breakeven_5y,0.020874
TMO,63,131,macro_inflation_fwd_5y5y,0.031264
TMO,63,131,macro_inflation_fwd_chg_21d,0.021749
TMO,63,131,macro_inflation_fwd_abs_chg_21d,0.004334
TMO,63,131,macro_inflation_fwd_chg_63d,0.00958
TMO,63,131,macro_inflation_fwd_zscore,0.010163
TMO,63,131,macro_dollar_ret,0.0
TMO,63,131,beta_spy,0.028577
TMO,63,131,res_vol,0.013551
TMO,63,131,res_vol_vel,0.004955
TMO,63,131,price_regime,0.069489
TMO,63,131,corr_sector_21d,0.008714
TMO,63,131,corr_sector_252d,0.03115
TMO,63,131,sector_wedge,0.022757
TMO,63,132,rv_5d,0.041098
TMO,63,132,rv_10d,0.052183
TMO,63,132,rv_21d,0.054358
TMO,63,132,rv_63d,0.065518
TMO,63,132,rv_126d,0.035987
TMO,63,132,ewma_vol,0.026162
TMO,63,132,garch_cond_vol,0.027804
TMO,63,132,ret_TARGET,0.0
TMO,63,132,tech_RSI,0.008175
TMO,63,132,tech_MACD_hist,0.011729
TMO,63,132,ret_VIXY,0.0
TMO,63,132,mom21_VIXY,0.021935
TMO,63,132,ret_HYG,0.0
TMO,63,132,mom21_HYG,0.027953
TMO,63,132,ret_USO,0.0
TMO,63,132,mom21_USO,0.019876
TMO,63,132,ret_TLT,0.0
TMO,63,132,mom21_TLT,0.007196
TMO,63,132,ret_UUP,0.0
TMO,63,132,mom21_UUP,0.004344
TMO,63,132,ret_SPY,0.003961
TMO,63,132,mom21_SPY,0.024211
TMO,63,132,vol_vel,0.009388
TMO,63,132,vol_of_vol,0.018461
TMO,63,132,vol_regime_zscore,0.018726
TMO,63,132,vol_chg_21d,0.025214
TMO,63,132,event_fed_gravity,0.027718
TMO,63,132,event_earn_gravity,0.0
TMO,63,132,event_div_gravity,0.0
TMO,63,132,event_cpi_gravity,0.020864
TMO,63,132,event_nfp_gravity,0.02668
TMO,63,132,put_call_skew_30d,0.013487
TMO,63,132,term_structure_slope,0.030874
TMO,63,132,vrp_wedge,0.004472
TMO,63,132,iv_atm_z_score,0.017551
TMO,63,132,macro_yield_curve_slope,0.045394
TMO,63,132,macro_hy_spread,0.023772
TMO,63,132,macro_hy_spread_chg_5d,0.009789
TMO,63,132,macro_breakeven_5y,0.032163
TMO,63,132,macro_inflation_fwd_5y5y,0.024265
TMO,63,132,macro_inflation_fwd_chg_21d,0.038631
TMO,63,132,macro_inflation_fwd_abs_chg_21d,0.004412
TMO,63,132,macro_inflation_fwd_chg_63d,0.010824
TMO,63,132,macro_inflation_fwd_zscore,0.008864
TMO,63,132,macro_dollar_ret,0.0
TMO,63,132,beta_spy,0.0272
TMO,63,132,res_vol,0.013442
TMO,63,132,res_vol_vel,0.0
TMO,63,132,price_regime,0.057353
TMO,63,132,corr_sector_21d,0.010798
TMO,63,132,corr_sector_252d,0.028301
TMO,63,132,sector_wedge,0.018865
TMO,63,133,rv_5d,0.034794
TMO,63,133,rv_10d,0.052079
TMO,63,133,rv_21d,0.05583
TMO,63,133,rv_63d,0.06377
TMO,63,133,rv_126d,0.040406
TMO,63,133,ewma_vol,0.030472
TMO,63,133,garch_cond_vol,0.038429
TMO,63,133,ret_TARGET,0.0
TMO,63,133,tech_RSI,0.003504
TMO,63,133,tech_MACD_hist,0.0
TMO,63,133,ret_VIXY,0.0
TMO,63,133,mom21_VIXY,0.021651
TMO,63,133,ret_HYG,0.0
TMO,63,133,mom21_HYG,0.024226
TMO,63,133,ret_USO,0.0
TMO,63,133,mom21_USO,0.023062
TMO,63,133,ret_TLT,0.0
TMO,63,133,mom21_TLT,0.007302
TMO,63,133,ret_UUP,0.0
TMO,63,133,mom21_UUP,0.004493
TMO,63,133,ret_SPY,0.003778
TMO,63,133,mom21_SPY,0.006362
TMO,63,133,vol_vel,0.004382
TMO,63,133,vol_of_vol,0.016277
TMO,63,133,vol_regime_zscore,0.018866
TMO,63,133,vol_chg_21d,0.019822
TMO,63,133,event_fed_gravity,0.02035
TMO,63,133,event_earn_gravity,0.0
TMO,63,133,event_div_gravity,0.0
TMO,63,133,event_cpi_gravity,0.03062
TMO,63,133,event_nfp_gravity,0.040326
TMO,63,133,put_call_skew_30d,0.023505
TMO,63,133,term_structure_slope,0.038232
TMO,63,133,vrp_wedge,0.005174
TMO,63,133,iv_atm_z_score,0.019713
TMO,63,133,macro_yield_curve_slope,0.052376
TMO,63,133,macro_hy_spread,0.01866
TMO,63,133,macro_hy_spread_chg_5d,0.008494
TMO,63,133,macro_breakeven_5y,0.016182
TMO,63,133,macro_inflation_fwd_5y5y,0.02673
TMO,63,133,macro_inflation_fwd_chg_21d,0.022952
TMO,63,133,macro_inflation_fwd_abs_chg_21d,0.008194
TMO,63,133,macro_inflation_fwd_chg_63d,0.009738
TMO,63,133,macro_inflation_fwd_zscore,0.010049
TMO,63,133,macro_dollar_ret,0.0
TMO,63,133,beta_spy,0.026696
TMO,63,133,res_vol,0.013256
TMO,63,133,res_vol_vel,0.0
TMO,63,133,price_regime,0.081875
TMO,63,133,corr_sector_21d,0.007447
TMO,63,133,corr_sector_252d,0.033357
TMO,63,133,sector_wedge,0.01657
TMO,63,134,rv_5d,0.043628
TMO,63,134,rv_10d,0.055263
TMO,63,134,rv_21d,0.052771
TMO,63,134,rv_63d,0.069763
TMO,63,134,rv_126d,0.040781
TMO,63,134,ewma_vol,0.037051
TMO,63,134,garch_cond_vol,0.032861
TMO,63,134,ret_TARGET,0.0
TMO,63,134,tech_RSI,0.004133
TMO,63,134,tech_MACD_hist,0.007535
TMO,63,134,ret_VIXY,0.0
TMO,63,134,mom21_VIXY,0.022573
TMO,63,134,ret_HYG,0.0
TMO,63,134,mom21_HYG,0.031995
TMO,63,134,ret_USO,0.0
TMO,63,134,mom21_USO,0.022132
TMO,63,134,ret_TLT,0.0
TMO,63,134,mom21_TLT,0.007185
TMO,63,134,ret_UUP,0.0
TMO,63,134,mom21_UUP,0.004406
TMO,63,134,ret_SPY,0.004133
TMO,63,134,mom21_SPY,0.004443
TMO,63,134,vol_vel,0.005264
TMO,63,134,vol_of_vol,0.023194
TMO,63,134,vol_regime_zscore,0.021517
TMO,63,134,vol_chg_21d,0.02468
TMO,63,134,event_fed_gravity,0.023027
TMO,63,134,event_earn_gravity,0.0
TMO,63,134,event_div_gravity,0.0
TMO,63,134,event_cpi_gravity,0.022106
TMO,63,134,event_nfp_gravity,0.030806
TMO,63,134,put_call_skew_30d,0.013896
TMO,63,134,term_structure_slope,0.021621
TMO,63,134,vrp_wedge,0.006106
TMO,63,134,iv_atm_z_score,0.018823
TMO,63,134,macro_yield_curve_slope,0.048611
TMO,63,134,macro_hy_spread,0.017675
TMO,63,134,macro_hy_spread_chg_5d,0.009371
TMO,63,134,macro_breakeven_5y,0.021051
TMO,63,134,macro_inflation_fwd_5y5y,0.024744
TMO,63,134,macro_inflation_fwd_chg_21d,0.023595
TMO,63,134,macro_inflation_fwd_abs_chg_21d,0.005298
TMO,63,134,macro_inflation_fwd_chg_63d,0.010958
TMO,63,134,macro_inflation_fwd_zscore,0.012073
TMO,63,134,macro_dollar_ret,0.0
TMO,63,134,beta_spy,0.027142
TMO,63,134,res_vol,0.014629
TMO,63,134,res_vol_vel,0.0
TMO,63,134,price_regime,0.07084
TMO,63,134,corr_sector_21d,0.00935
TMO,63,134,corr_sector_252d,0.034501
TMO,63,134,sector_wedge,0.018468
TMO,63,135,rv_5d,0.042414
TMO,63,135,rv_10d,0.049753
TMO,63,135,rv_21d,0.053006
TMO,63,135,rv_63d,0.062855
TMO,63,135,rv_126d,0.05464
TMO,63,135,ewma_vol,0.036383
TMO,63,135,garch_cond_vol,0.029996
TMO,63,135,ret_TARGET,0.0
TMO,63,135,tech_RSI,0.0
TMO,63,135,tech_MACD_hist,0.007623
TMO,63,135,ret_VIXY,0.0
TMO,63,135,mom21_VIXY,0.023738
TMO,63,135,ret_HYG,0.0
TMO,63,135,mom21_HYG,0.027434
TMO,63,135,ret_USO,0.0
TMO,63,135,mom21_USO,0.021981
TMO,63,135,ret_TLT,0.0
TMO,63,135,mom21_TLT,0.007654
TMO,63,135,ret_UUP,0.0
TMO,63,135,mom21_UUP,0.006029
TMO,63,135,ret_SPY,0.003926
TMO,63,135,mom21_SPY,0.005838
TMO,63,135,vol_vel,0.005191
TMO,63,135,vol_of_vol,0.010116
TMO,63,135,vol_regime_zscore,0.02052
TMO,63,135,vol_chg_21d,0.028461
TMO,63,135,event_fed_gravity,0.034993
TMO,63,135,event_earn_gravity,0.0
TMO,63,135,event_div_gravity,0.0
TMO,63,135,event_cpi_gravity,0.026945
TMO,63,135,event_nfp_gravity,0.039871
TMO,63,135,put_call_skew_30d,0.014448
TMO,63,135,term_structure_slope,0.027022
TMO,63,135,vrp_wedge,0.007332
TMO,63,135,iv_atm_z_score,0.021035
TMO,63,135,macro_yield_curve_slope,0.043252
TMO,63,135,macro_hy_spread,0.013121
TMO,63,135,macro_hy_spread_chg_5d,0.01024
TMO,63,135,macro_breakeven_5y,0.018054
TMO,63,135,macro_inflation_fwd_5y5y,0.023795
TMO,63,135,macro_inflation_fwd_chg_21d,0.024888
TMO,63,135,macro_inflation_fwd_abs_chg_21d,0.007598
TMO,63,135,macro_inflation_fwd_chg_63d,0.010443
TMO,63,135,macro_inflation_fwd_zscore,0.012346
TMO,63,135,macro_dollar_ret,0.0
TMO,63,135,beta_spy,0.025919
TMO,63,135,res_vol,0.012383
TMO,63,135,res_vol_vel,0.004378
TMO,63,135,price_regime,0.065913
TMO,63,135,corr_sector_21d,0.006061
TMO,63,135,corr_sector_252d,0.033564
TMO,63,135,sector_wedge,0.018841
TMO,63,136,rv_5d,0.040856
TMO,63,136,rv_10d,0.053772
TMO,63,136,rv_21d,0.052218
TMO,63,136,rv_63d,0.07193
TMO,63,136,rv_126d,0.043275
TMO,63,136,ewma_vol,0.03622
TMO,63,136,garch_cond_vol,0.033377
TMO,63,136,ret_TARGET,0.0
TMO,63,136,tech_RSI,0.0
TMO,63,136,tech_MACD_hist,0.007472
TMO,63,136,ret_VIXY,0.0
TMO,63,136,mom21_VIXY,0.023645
TMO,63,136,ret_HYG,0.0
TMO,63,136,mom21_HYG,0.033436
TMO,63,136,ret_USO,0.0
TMO,63,136,mom21_USO,0.019027
TMO,63,136,ret_TLT,0.0
TMO,63,136,mom21_TLT,0.008615
TMO,63,136,ret_UUP,0.0
TMO,63,136,mom21_UUP,0.004738
TMO,63,136,ret_SPY,0.004497
TMO,63,136,mom21_SPY,0.005595
TMO,63,136,vol_vel,0.006886
TMO,63,136,vol_of_vol,0.032042
TMO,63,136,vol_regime_zscore,0.01568
TMO,63,136,vol_chg_21d,0.023973
TMO,63,136,event_fed_gravity,0.035221
TMO,63,136,event_earn_gravity,0.0
TMO,63,136,event_div_gravity,0.0
TMO,63,136,event_cpi_gravity,0.017114
TMO,63,136,event_nfp_gravity,0.03338
TMO,63,136,put_call_skew_30d,0.012575
TMO,63,136,term_structure_slope,0.022131
TMO,63,136,vrp_wedge,0.006818
TMO,63,136,iv_atm_z_score,0.020638
TMO,63,136,macro_yield_curve_slope,0.047912
TMO,63,136,macro_hy_spread,0.018299
TMO,63,136,macro_hy_spread_chg_5d,0.009178
TMO,63,136,macro_breakeven_5y,0.015738
TMO,63,136,macro_inflation_fwd_5y5y,0.028266
TMO,63,136,macro_inflation_fwd_chg_21d,0.026481
TMO,63,136,macro_inflation_fwd_abs_chg_21d,0.005415
TMO,63,136,macro_inflation_fwd_chg_63d,0.011815
TMO,63,136,macro_inflation_fwd_zscore,0.00939
TMO,63,136,macro_dollar_ret,0.0
TMO,63,136,beta_spy,0.031365
TMO,63,136,res_vol,0.015063
TMO,63,136,res_vol_vel,0.0
TMO,63,136,price_regime,0.055437
TMO,63,136,corr_sector_21d,0.008832
TMO,63,136,corr_sector_252d,0.033328
TMO,63,136,sector_wedge,0.01835
TMO,63,137,rv_5d,0.040732
TMO,63,137,rv_10d,0.052487
TMO,63,137,rv_21d,0.050336
TMO,63,137,rv_63d,0.064686
TMO,63,137,rv_126d,0.039031
TMO,63,137,ewma_vol,0.032989
TMO,63,137,garch_cond_vol,0.031461
TMO,63,137,ret_TARGET,0.0
TMO,63,137,tech_RSI,0.0
TMO,63,137,tech_MACD_hist,0.013926
TMO,63,137,ret_VIXY,0.0
TMO,63,137,mom21_VIXY,0.024152
TMO,63,137,ret_HYG,0.0
TMO,63,137,mom21_HYG,0.028273
TMO,63,137,ret_USO,0.0
TMO,63,137,mom21_USO,0.023006
TMO,63,137,ret_TLT,0.0
TMO,63,137,mom21_TLT,0.007109
TMO,63,137,ret_UUP,0.0
TMO,63,137,mom21_UUP,0.006512
TMO,63,137,ret_SPY,0.004045
TMO,63,137,mom21_SPY,0.004294
TMO,63,137,vol_vel,0.006105
TMO,63,137,vol_of_vol,0.014828
TMO,63,137,vol_regime_zscore,0.017705
TMO,63,137,vol_chg_21d,0.025746
TMO,63,137,event_fed_gravity,0.041494
TMO,63,137,event_earn_gravity,0.0
TMO,63,137,event_div_gravity,0.0
TMO,63,137,event_cpi_gravity,0.026475
TMO,63,137,event_nfp_gravity,0.020134
TMO,63,137,put_call_skew_30d,0.01635
TMO,63,137,term_structure_slope,0.026569
TMO,63,137,vrp_wedge,0.006378
TMO,63,137,iv_atm_z_score,0.022621
TMO,63,137,macro_yield_curve_slope,0.044977
TMO,63,137,macro_hy_spread,0.020425
TMO,63,137,macro_hy_spread_chg_5d,0.012505
TMO,63,137,macro_breakeven_5y,0.022109
TMO,63,137,macro_inflation_fwd_5y5y,0.020345
TMO,63,137,macro_inflation_fwd_chg_21d,0.023447
TMO,63,137,macro_inflation_fwd_abs_chg_21d,0.004588
TMO,63,137,macro_inflation_fwd_chg_63d,0.010389
TMO,63,137,macro_inflation_fwd_zscore,0.008514
TMO,63,137,macro_dollar_ret,0.0
TMO,63,137,beta_spy,0.028199
TMO,63,137,res_vol,0.012456
TMO,63,137,res_vol_vel,0.007277
TMO,63,137,price_regime,0.076417
TMO,63,137,corr_sector_21d,0.00784
TMO,63,137,corr_sector_252d,0.032685
TMO,63,137,sector_wedge,0.020384
TMO,63,138,rv_5d,0.03661
TMO,63,138,rv_10d,0.064599
TMO,63,138,rv_21d,0.051169
TMO,63,138,rv_63d,0.060713
TMO,63,138,rv_126d,0.034139
TMO,63,138,ewma_vol,0.036037
TMO,63,138,garch_cond_vol,0.030091
TMO,63,138,ret_TARGET,0.0
TMO,63,138,tech_RSI,0.003893
TMO,63,138,tech_MACD_hist,0.017267
TMO,63,138,ret_VIXY,0.0
TMO,63,138,mom21_VIXY,0.029338
TMO,63,138,ret_HYG,0.0
TMO,63,138,mom21_HYG,0.023139
TMO,63,138,ret_USO,0.0
TMO,63,138,mom21_USO,0.023054
TMO,63,138,ret_TLT,0.0
TMO,63,138,mom21_TLT,0.007447
TMO,63,138,ret_UUP,0.0
TMO,63,138,mom21_UUP,0.005562
TMO,63,138,ret_SPY,0.003999
TMO,63,138,mom21_SPY,0.008145
TMO,63,138,vol_vel,0.008591
TMO,63,138,vol_of_vol,0.019541
TMO,63,138,vol_regime_zscore,0.016113
TMO,63,138,vol_chg_21d,0.016554
TMO,63,138,event_fed_gravity,0.037327
TMO,63,138,event_earn_gravity,0.0
TMO,63,138,event_div_gravity,0.0
TMO,63,138,event_cpi_gravity,0.020445
TMO,63,138,event_nfp_gravity,0.023652
TMO,63,138,put_call_skew_30d,0.014408
TMO,63,138,term_structure_slope,0.032794
TMO,63,138,vrp_wedge,0.006551
TMO,63,138,iv_atm_z_score,0.018004
TMO,63,138,macro_yield_curve_slope,0.046426
TMO,63,138,macro_hy_spread,0.018063
TMO,63,138,macro_hy_spread_chg_5d,0.012567
TMO,63,138,macro_breakeven_5y,0.016596
TMO,63,138,macro_inflation_fwd_5y5y,0.022072
TMO,63,138,macro_inflation_fwd_chg_21d,0.02335
TMO,63,138,macro_inflation_fwd_abs_chg_21d,0.004958
TMO,63,138,macro_inflation_fwd_chg_63d,0.012686
TMO,63,138,macro_inflation_fwd_zscore,0.009806
TMO,63,138,macro_dollar_ret,0.0
TMO,63,138,beta_spy,0.026804
TMO,63,138,res_vol,0.014287
TMO,63,138,res_vol_vel,0.01019
TMO,63,138,price_regime,0.074397
TMO,63,138,corr_sector_21d,0.006455
TMO,63,138,corr_sector_252d,0.031033
TMO,63,138,sector_wedge,0.021125
TMO,63,139,rv_5d,0.032948
TMO,63,139,rv_10d,0.061277
TMO,63,139,rv_21d,0.064245
TMO,63,139,rv_63d,0.060411
TMO,63,139,rv_126d,0.037382
TMO,63,139,ewma_vol,0.02443
TMO,63,139,garch_cond_vol,0.023135
TMO,63,139,ret_TARGET,0.0
TMO,63,139,tech_RSI,0.0
TMO,63,139,tech_MACD_hist,0.005836
TMO,63,139,ret_VIXY,0.0
TMO,63,139,mom21_VIXY,0.021308
TMO,63,139,ret_HYG,0.0
TMO,63,139,mom21_HYG,0.023587
TMO,63,139,ret_USO,0.0
TMO,63,139,mom21_USO,0.019369
TMO,63,139,ret_TLT,0.0
TMO,63,139,mom21_TLT,0.007964
TMO,63,139,ret_UUP,0.0
TMO,63,139,mom21_UUP,0.00492
TMO,63,139,ret_SPY,0.0
TMO,63,139,mom21_SPY,0.035444
TMO,63,139,vol_vel,0.006645
TMO,63,139,vol_of_vol,0.022321
TMO,63,139,vol_regime_zscore,0.019769
TMO,63,139,vol_chg_21d,0.014901
TMO,63,139,event_fed_gravity,0.027749
TMO,63,139,event_earn_gravity,0.0
TMO,63,139,event_div_gravity,0.0
TMO,63,139,event_cpi_gravity,0.015237
TMO,63,139,event_nfp_gravity,0.047521
TMO,63,139,put_call_skew_30d,0.015841
TMO,63,139,term_structure_slope,0.034186
TMO,63,139,vrp_wedge,0.006506
TMO,63,139,iv_atm_z_score,0.021498
TMO,63,139,macro_yield_curve_slope,0.050946
TMO,63,139,macro_hy_spread,0.018959
TMO,63,139,macro_hy_spread_chg_5d,0.009412
TMO,63,139,macro_breakeven_5y,0.018916
TMO,63,139,macro_inflation_fwd_5y5y,0.02135
TMO,63,139,macro_inflation_fwd_chg_21d,0.01149
TMO,63,139,macro_inflation_fwd_abs_chg_21d,0.005188
TMO,63,139,macro_inflation_fwd_chg_63d,0.011383
TMO,63,139,macro_inflation_fwd_zscore,0.009931
TMO,63,139,macro_dollar_ret,0.0
TMO,63,139,beta_spy,0.02568
TMO,63,139,res_vol,0.012335
TMO,63,139,res_vol_vel,0.010532
TMO,63,139,price_regime,0.081813
TMO,63,139,corr_sector_21d,0.006797
TMO,63,139,corr_sector_252d,0.031049
TMO,63,139,sector_wedge,0.019789
TMO,63,140,rv_5d,0.024596
TMO,63,140,rv_10d,0.121171
TMO,63,140,rv_21d,0.062656
TMO,63,140,rv_63d,0.053868
TMO,63,140,rv_126d,0.030228
TMO,63,140,ewma_vol,0.025727
TMO,63,140,garch_cond_vol,0.029902
TMO,63,140,ret_TARGET,0.0
TMO,63,140,tech_RSI,0.00355
TMO,63,140,tech_MACD_hist,0.004799
TMO,63,140,ret_VIXY,0.007992
TMO,63,140,mom21_VIXY,0.016575
TMO,63,140,ret_HYG,0.0
TMO,63,140,mom21_HYG,0.037463
TMO,63,140,ret_USO,0.0
TMO,63,140,mom21_USO,0.017994
TMO,63,140,ret_TLT,0.0
TMO,63,140,mom21_TLT,0.005054
TMO,63,140,ret_UUP,0.0
TMO,63,140,mom21_UUP,0.005769
TMO,63,140,ret_SPY,0.004032
TMO,63,140,mom21_SPY,0.0
TMO,63,140,vol_vel,0.004698
TMO,63,140,vol_of_vol,0.018588
TMO,63,140,vol_regime_zscore,0.023097
TMO,63,140,vol_chg_21d,0.006956
TMO,63,140,event_fed_gravity,0.023083
TMO,63,140,event_earn_gravity,0.0
TMO,63,140,event_div_gravity,0.0
TMO,63,140,event_cpi_gravity,0.021886
TMO,63,140,event_nfp_gravity,0.0209
TMO,63,140,put_call_skew_30d,0.015109
TMO,63,140,term_structure_slope,0.035918
TMO,63,140,vrp_wedge,0.007145
TMO,63,140,iv_atm_z_score,0.021551
TMO,63,140,macro_yield_curve_slope,0.057189
TMO,63,140,macro_hy_spread,0.017787
TMO,63,140,macro_hy_spread_chg_5d,0.015314
TMO,63,140,macro_breakeven_5y,0.018332
TMO,63,140,macro_inflation_fwd_5y5y,0.021439
TMO,63,140,macro_inflation_fwd_chg_21d,0.005233
TMO,63,140,macro_inflation_fwd_abs_chg_21d,0.00555
TMO,63,140,macro_inflation_fwd_chg_63d,0.012835
TMO,63,140,macro_inflation_fwd_zscore,0.009348
TMO,63,140,macro_dollar_ret,0.0
TMO,63,140,beta_spy,0.030246
TMO,63,140,res_vol,0.016599
TMO,63,140,res_vol_vel,0.00392
TMO,63,140,price_regime,0.075331
TMO,63,140,corr_sector_21d,0.006518
TMO,63,140,corr_sector_252d,0.032932
TMO,63,140,sector_wedge,0.021122
TMO,63,141,rv_5d,0.034256
TMO,63,141,rv_10d,0.086403
TMO,63,141,rv_21d,0.073863
TMO,63,141,rv_63d,0.053543
TMO,63,141,rv_126d,0.030548
TMO,63,141,ewma_vol,0.031025
TMO,63,141,garch_cond_vol,0.030387
TMO,63,141,ret_TARGET,0.0
TMO,63,141,tech_RSI,0.004553
TMO,63,141,tech_MACD_hist,0.010247
TMO,63,141,ret_VIXY,0.0
TMO,63,141,mom21_VIXY,0.018445
TMO,63,141,ret_HYG,0.0
TMO,63,141,mom21_HYG,0.030168
TMO,63,141,ret_USO,0.0
TMO,63,141,mom21_USO,0.0192
TMO,63,141,ret_TLT,0.0
TMO,63,141,mom21_TLT,0.005032
TMO,63,141,ret_UUP,0.0
TMO,63,141,mom21_UUP,0.007118
TMO,63,141,ret_SPY,0.0
TMO,63,141,mom21_SPY,0.03551
TMO,63,141,vol_vel,0.011429
TMO,63,141,vol_of_vol,0.023844
TMO,63,141,vol_regime_zscore,0.023891
TMO,63,141,vol_chg_21d,0.007599
TMO,63,141,event_fed_gravity,0.023909
TMO,63,141,event_earn_gravity,0.0
TMO,63,141,event_div_gravity,0.0
TMO,63,141,event_cpi_gravity,0.019482
TMO,63,141,event_nfp_gravity,0.02359
TMO,63,141,put_call_skew_30d,0.0153
TMO,63,141,term_structure_slope,0.017393
TMO,63,141,vrp_wedge,0.006614
TMO,63,141,iv_atm_z_score,0.020493
TMO,63,141,macro_yield_curve_slope,0.055097
TMO,63,141,macro_hy_spread,0.02139
TMO,63,141,macro_hy_spread_chg_5d,0.010595
TMO,63,141,macro_breakeven_5y,0.019143
TMO,63,141,macro_inflation_fwd_5y5y,0.020543
TMO,63,141,macro_inflation_fwd_chg_21d,0.007616
TMO,63,141,macro_inflation_fwd_abs_chg_21d,0.005443
TMO,63,141,macro_inflation_fwd_chg_63d,0.011187
TMO,63,141,macro_inflation_fwd_zscore,0.012618
TMO,63,141,macro_dollar_ret,0.0
TMO,63,141,beta_spy,0.028829
TMO,63,141,res_vol,0.013098
TMO,63,141,res_vol_vel,0.003501
TMO,63,141,price_regime,0.06697
TMO,63,141,corr_sector_21d,0.007432
TMO,63,141,corr_sector_252d,0.036289
TMO,63,141,sector_wedge,0.016404
TMO,63,142,rv_5d,0.019842
TMO,63,142,rv_10d,0.063015
TMO,63,142,rv_21d,0.063298
TMO,63,142,rv_63d,0.061148
TMO,63,142,rv_126d,0.028521
TMO,63,142,ewma_vol,0.023447
TMO,63,142,garch_cond_vol,0.029383
TMO,63,142,ret_TARGET,0.0
TMO,63,142,tech_RSI,0.00998
TMO,63,142,tech_MACD_hist,0.006156
TMO,63,142,ret_VIXY,0.0
TMO,63,142,mom21_VIXY,0.021204
TMO,63,142,ret_HYG,0.0
TMO,63,142,mom21_HYG,0.024988
TMO,63,142,ret_USO,0.0
TMO,63,142,mom21_USO,0.018339
TMO,63,142,ret_TLT,0.0
TMO,63,142,mom21_TLT,0.006119
TMO,63,142,ret_UUP,0.0
TMO,63,142,mom21_UUP,0.006765
TMO,63,142,ret_SPY,0.025416
TMO,63,142,mom21_SPY,0.037618
TMO,63,142,vol_vel,0.009497
TMO,63,142,vol_of_vol,0.023296
TMO,63,142,vol_regime_zscore,0.032211
TMO,63,142,vol_chg_21d,0.00528
TMO,63,142,event_fed_gravity,0.021276
TMO,63,142,event_earn_gravity,0.0
TMO,63,142,event_div_gravity,0.0
TMO,63,142,event_cpi_gravity,0.015573
TMO,63,142,event_nfp_gravity,0.030383
TMO,63,142,put_call_skew_30d,0.012246
TMO,63,142,term_structure_slope,0.020434
TMO,63,142,vrp_wedge,0.006685
TMO,63,142,iv_atm_z_score,0.02303
TMO,63,142,macro_yield_curve_slope,0.06117
TMO,63,142,macro_hy_spread,0.029127
TMO,63,142,macro_hy_spread_chg_5d,0.007521
TMO,63,142,macro_breakeven_5y,0.020834
TMO,63,142,macro_inflation_fwd_5y5y,0.024192
TMO,63,142,macro_inflation_fwd_chg_21d,0.007447
TMO,63,142,macro_inflation_fwd_abs_chg_21d,0.004652
TMO,63,142,macro_inflation_fwd_chg_63d,0.011046
TMO,63,142,macro_inflation_fwd_zscore,0.009323
TMO,63,142,macro_dollar_ret,0.0
TMO,63,142,beta_spy,0.029363
TMO,63,142,res_vol,0.013205
TMO,63,142,res_vol_vel,0.0
TMO,63,142,price_regime,0.077542
TMO,63,142,corr_sector_21d,0.005769
TMO,63,142,corr_sector_252d,0.037287
TMO,63,142,sector_wedge,0.016372
TMO,63,143,rv_5d,0.022931
TMO,63,143,rv_10d,0.072198
TMO,63,143,rv_21d,0.072505
TMO,63,143,rv_63d,0.061482
TMO,63,143,rv_126d,0.022194
TMO,63,143,ewma_vol,0.024026
TMO,63,143,garch_cond_vol,0.025498
TMO,63,143,ret_TARGET,0.0
TMO,63,143,tech_RSI,0.00532
TMO,63,143,tech_MACD_hist,0.005168
TMO,63,143,ret_VIXY,0.0
TMO,63,143,mom21_VIXY,0.019057
TMO,63,143,ret_HYG,0.0
TMO,63,143,mom21_HYG,0.030268
TMO,63,143,ret_USO,0.0
TMO,63,143,mom21_USO,0.017996
TMO,63,143,ret_TLT,0.0
TMO,63,143,mom21_TLT,0.00584
TMO,63,143,ret_UUP,0.0
TMO,63,143,mom21_UUP,0.006369
TMO,63,143,ret_SPY,0.029402
TMO,63,143,mom21_SPY,0.041136
TMO,63,143,vol_vel,0.010256
TMO,63,143,vol_of_vol,0.016311
TMO,63,143,vol_regime_zscore,0.024204
TMO,63,143,vol_chg_21d,0.011808
TMO,63,143,event_fed_gravity,0.022816
TMO,63,143,event_earn_gravity,0.0
TMO,63,143,event_div_gravity,0.0
TMO,63,143,event_cpi_gravity,0.02258
TMO,63,143,event_nfp_gravity,0.035883
TMO,63,143,put_call_skew_30d,0.00926
TMO,63,143,term_structure_slope,0.025145
TMO,63,143,vrp_wedge,0.006122
TMO,63,143,iv_atm_z_score,0.016639
TMO,63,143,macro_yield_curve_slope,0.066288
TMO,63,143,macro_hy_spread,0.019291
TMO,63,143,macro_hy_spread_chg_5d,0.0
TMO,63,143,macro_breakeven_5y,0.021371
TMO,63,143,macro_inflation_fwd_5y5y,0.017648
TMO,63,143,macro_inflation_fwd_chg_21d,0.007223
TMO,63,143,macro_inflation_fwd_abs_chg_21d,0.004468
TMO,63,143,macro_inflation_fwd_chg_63d,0.009404
TMO,63,143,macro_inflation_fwd_zscore,0.009695
TMO,63,143,macro_dollar_ret,0.0
TMO,63,143,beta_spy,0.024018
TMO,63,143,res_vol,0.012155
TMO,63,143,res_vol_vel,0.004199
TMO,63,143,price_regime,0.075272
TMO,63,143,corr_sector_21d,0.005579
TMO,63,143,corr_sector_252d,0.039814
TMO,63,143,sector_wedge,0.021163
TMO,63,144,rv_5d,0.031824
TMO,63,144,rv_10d,0.068522
TMO,63,144,rv_21d,0.082423
TMO,63,144,rv_63d,0.049508
TMO,63,144,rv_126d,0.031477
TMO,63,144,ewma_vol,0.02183
TMO,63,144,garch_cond_vol,0.029349
TMO,63,144,ret_TARGET,0.0
TMO,63,144,tech_RSI,0.004718
TMO,63,144,tech_MACD_hist,0.0
TMO,63,144,ret_VIXY,0.0
TMO,63,144,mom21_VIXY,0.01673
TMO,63,144,ret_HYG,0.0
TMO,63,144,mom21_HYG,0.036586
TMO,63,144,ret_USO,0.0
TMO,63,144,mom21_USO,0.017906
TMO,63,144,ret_TLT,0.0
TMO,63,144,mom21_TLT,0.006832
TMO,63,144,ret_UUP,0.0
TMO,63,144,mom21_UUP,0.006127
TMO,63,144,ret_SPY,0.015829
TMO,63,144,mom21_SPY,0.024276
TMO,63,144,vol_vel,0.00558
TMO,63,144,vol_of_vol,0.033409
TMO,63,144,vol_regime_zscore,0.023325
TMO,63,144,vol_chg_21d,0.012136
TMO,63,144,event_fed_gravity,0.024056
TMO,63,144,event_earn_gravity,0.0
TMO,63,144,event_div_gravity,0.0
TMO,63,144,event_cpi_gravity,0.018722
TMO,63,144,event_nfp_gravity,0.028697
TMO,63,144,put_call_skew_30d,0.010223
TMO,63,144,term_structure_slope,0.027219
TMO,63,144,vrp_wedge,0.006049
TMO,63,144,iv_atm_z_score,0.021355
TMO,63,144,macro_yield_curve_slope,0.069565
TMO,63,144,macro_hy_spread,0.02505
TMO,63,144,macro_hy_spread_chg_5d,0.006621
TMO,63,144,macro_breakeven_5y,0.017418
TMO,63,144,macro_inflation_fwd_5y5y,0.014031
TMO,63,144,macro_inflation_fwd_chg_21d,0.010258
TMO,63,144,macro_inflation_fwd_abs_chg_21d,0.004835
TMO,63,144,macro_inflation_fwd_chg_63d,0.010575
TMO,63,144,macro_inflation_fwd_zscore,0.01174
TMO,63,144,macro_dollar_ret,0.0
TMO,63,144,beta_spy,0.029287
TMO,63,144,res_vol,0.01623
TMO,63,144,res_vol_vel,0.0
TMO,63,144,price_regime,0.064243
TMO,63,144,corr_sector_21d,0.007814
TMO,63,144,corr_sector_252d,0.03719
TMO,63,144,sector_wedge,0.020434
TMO,63,145,rv_5d,0.040918
TMO,63,145,rv_10d,0.062949
TMO,63,145,rv_21d,0.08076
TMO,63,145,rv_63d,0.061872
TMO,63,145,rv_126d,0.019419
TMO,63,145,ewma_vol,0.023945
TMO,63,145,garch_cond_vol,0.032791
TMO,63,145,ret_TARGET,0.0
TMO,63,145,tech_RSI,0.004133
TMO,63,145,tech_MACD_hist,0.004286
TMO,63,145,ret_VIXY,0.0
TMO,63,145,mom21_VIXY,0.017481
TMO,63,145,ret_HYG,0.0
TMO,63,145,mom21_HYG,0.031643
TMO,63,145,ret_USO,0.0
TMO,63,145,mom21_USO,0.018485
TMO,63,145,ret_TLT,0.0
TMO,63,145,mom21_TLT,0.006399
TMO,63,145,ret_UUP,0.0
TMO,63,145,mom21_UUP,0.00642
TMO,63,145,ret_SPY,0.0156
TMO,63,145,mom21_SPY,0.027312
TMO,63,145,vol_vel,0.009143
TMO,63,145,vol_of_vol,0.012111
TMO,63,145,vol_regime_zscore,0.023615
TMO,63,145,vol_chg_21d,0.010216
TMO,63,145,event_fed_gravity,0.024663
TMO,63,145,event_earn_gravity,0.0
TMO,63,145,event_div_gravity,0.0
TMO,63,145,event_cpi_gravity,0.019507
TMO,63,145,event_nfp_gravity,0.031642
TMO,63,145,put_call_skew_30d,0.010453
TMO,63,145,term_structure_slope,0.022742
TMO,63,145,vrp_wedge,0.005175
TMO,63,145,iv_atm_z_score,0.018593
TMO,63,145,macro_yield_curve_slope,0.068989
TMO,63,145,macro_hy_spread,0.012755
TMO,63,145,macro_hy_spread_chg_5d,0.008224
TMO,63,145,macro_breakeven_5y,0.020695
TMO,63,145,macro_inflation_fwd_5y5y,0.019333
TMO,63,145,macro_inflation_fwd_chg_21d,0.005083
TMO,63,145,macro_inflation_fwd_abs_chg_21d,0.004693
TMO,63,145,macro_inflation_fwd_chg_63d,0.00982
TMO,63,145,macro_inflation_fwd_zscore,0.010615
TMO,63,145,macro_dollar_ret,0.0
TMO,63,145,beta_spy,0.02769
TMO,63,145,res_vol,0.015432
TMO,63,145,res_vol_vel,0.0
TMO,63,145,price_regime,0.086239
TMO,63,145,corr_sector_21d,0.008679
TMO,63,145,corr_sector_252d,0.040654
TMO,63,145,sector_wedge,0.018823
TMO,63,146,rv_5d,0.034389
TMO,63,146,rv_10d,0.051926
TMO,63,146,rv_21d,0.09656
TMO,63,146,rv_63d,0.055729
TMO,63,146,rv_126d,0.02202
TMO,63,146,ewma_vol,0.022153
TMO,63,146,garch_cond_vol,0.033874
TMO,63,146,ret_TARGET,0.0
TMO,63,146,tech_RSI,0.005485
TMO,63,146,tech_MACD_hist,0.003419
TMO,63,146,ret_VIXY,0.0
TMO,63,146,mom21_VIXY,0.022331
TMO,63,146,ret_HYG,0.0
TMO,63,146,mom21_HYG,0.030892
TMO,63,146,ret_USO,0.0
TMO,63,146,mom21_USO,0.021225
TMO,63,146,ret_TLT,0.0
TMO,63,146,mom21_TLT,0.008456
TMO,63,146,ret_UUP,0.0
TMO,63,146,mom21_UUP,0.007135
TMO,63,146,ret_SPY,0.015929
TMO,63,146,mom21_SPY,0.019865
TMO,63,146,vol_vel,0.013001
TMO,63,146,vol_of_vol,0.017423
TMO,63,146,vol_regime_zscore,0.02328
TMO,63,146,vol_chg_21d,0.006067
TMO,63,146,event_fed_gravity,0.023
TMO,63,146,event_earn_gravity,0.0
TMO,63,146,event_div_gravity,0.0
TMO,63,146,event_cpi_gravity,0.024182
TMO,63,146,event_nfp_gravity,0.036797
TMO,63,146,put_call_skew_30d,0.00931
TMO,63,146,term_structure_slope,0.022088
TMO,63,146,vrp_wedge,0.006119
TMO,63,146,iv_atm_z_score,0.021007
TMO,63,146,macro_yield_curve_slope,0.067712
TMO,63,146,macro_hy_spread,0.018687
TMO,63,146,macro_hy_spread_chg_5d,0.00827
TMO,63,146,macro_breakeven_5y,0.019328
TMO,63,146,macro_inflation_fwd_5y5y,0.016622
TMO,63,146,macro_inflation_fwd_chg_21d,0.00521
TMO,63,146,macro_inflation_fwd_abs_chg_21d,0.00516
TMO,63,146,macro_inflation_fwd_chg_63d,0.010289
TMO,63,146,macro_inflation_fwd_zscore,0.011513
TMO,63,146,macro_dollar_ret,0.0
TMO,63,146,beta_spy,0.021487
TMO,63,146,res_vol,0.015208
TMO,63,146,res_vol_vel,0.0
TMO,63,146,price_regime,0.08123
TMO,63,146,corr_sector_21d,0.007324
TMO,63,146,corr_sector_252d,0.039976
TMO,63,146,sector_wedge,0.018324
TMO,63,147,rv_5d,0.03004
TMO,63,147,rv_10d,0.060221
TMO,63,147,rv_21d,0.067321
TMO,63,147,rv_63d,0.05947
TMO,63,147,rv_126d,0.027113
TMO,63,147,ewma_vol,0.027436
TMO,63,147,garch_cond_vol,0.033826
TMO,63,147,ret_TARGET,0.0
TMO,63,147,tech_RSI,0.004391
TMO,63,147,tech_MACD_hist,0.0
TMO,63,147,ret_VIXY,0.0
TMO,63,147,mom21_VIXY,0.019679
TMO,63,147,ret_HYG,0.0
TMO,63,147,mom21_HYG,0.028711
TMO,63,147,ret_USO,0.0
TMO,63,147,mom21_USO,0.019917
TMO,63,147,ret_TLT,0.0
TMO,63,147,mom21_TLT,0.0049
TMO,63,147,ret_UUP,0.0
TMO,63,147,mom21_UUP,0.006469
TMO,63,147,ret_SPY,0.016995
TMO,63,147,mom21_SPY,0.0195
TMO,63,147,vol_vel,0.006244
TMO,63,147,vol_of_vol,0.015598
TMO,63,147,vol_regime_zscore,0.023336
TMO,63,147,vol_chg_21d,0.010476
TMO,63,147,event_fed_gravity,0.018958
TMO,63,147,event_earn_gravity,0.0
TMO,63,147,event_div_gravity,0.0
TMO,63,147,event_cpi_gravity,0.026191
TMO,63,147,event_nfp_gravity,0.048233
TMO,63,147,put_call_skew_30d,0.013788
TMO,63,147,term_structure_slope,0.016313
TMO,63,147,vrp_wedge,0.007105
TMO,63,147,iv_atm_z_score,0.02226
TMO,63,147,macro_yield_curve_slope,0.071229
TMO,63,147,macro_hy_spread,0.030851
TMO,63,147,macro_hy_spread_chg_5d,0.005642
TMO,63,147,macro_breakeven_5y,0.020647
TMO,63,147,macro_inflation_fwd_5y5y,0.014447
TMO,63,147,macro_inflation_fwd_chg_21d,0.005842
TMO,63,147,macro_inflation_fwd_abs_chg_21d,0.004497
TMO,63,147,macro_inflation_fwd_chg_63d,0.011825
TMO,63,147,macro_inflation_fwd_zscore,0.012668
TMO,63,147,macro_dollar_ret,0.0
TMO,63,147,beta_spy,0.024466
TMO,63,147,res_vol,0.012283
TMO,63,147,res_vol_vel,0.0
TMO,63,147,price_regime,0.087803
TMO,63,147,corr_sector_21d,0.006884
TMO,63,147,corr_sector_252d,0.03855
TMO,63,147,sector_wedge,0.017874
TMO,63,148,rv_5d,0.030667
TMO,63,148,rv_10d,0.0465
TMO,63,148,rv_21d,0.059901
TMO,63,148,rv_63d,0.06362
TMO,63,148,rv_126d,0.022381
TMO,63,148,ewma_vol,0.024566
TMO,63,148,garch_cond_vol,0.030682
TMO,63,148,ret_TARGET,0.0
TMO,63,148,tech_RSI,0.003892
TMO,63,148,tech_MACD_hist,0.0
TMO,63,148,ret_VIXY,0.0
TMO,63,148,mom21_VIXY,0.02208
TMO,63,148,ret_HYG,0.0
TMO,63,148,mom21_HYG,0.028267
TMO,63,148,ret_USO,0.0
TMO,63,148,mom21_USO,0.019659
TMO,63,148,ret_TLT,0.0
TMO,63,148,mom21_TLT,0.005873
TMO,63,148,ret_UUP,0.0
TMO,63,148,mom21_UUP,0.007062
TMO,63,148,ret_SPY,0.012731
TMO,63,148,mom21_SPY,0.027511
TMO,63,148,vol_vel,0.011577
TMO,63,148,vol_of_vol,0.011309
TMO,63,148,vol_regime_zscore,0.025208
TMO,63,148,vol_chg_21d,0.012069
TMO,63,148,event_fed_gravity,0.029375
TMO,63,148,event_earn_gravity,0.0
TMO,63,148,event_div_gravity,0.0
TMO,63,148,event_cpi_gravity,0.026231
TMO,63,148,event_nfp_gravity,0.032764
TMO,63,148,put_call_skew_30d,0.011462
TMO,63,148,term_structure_slope,0.021578
TMO,63,148,vrp_wedge,0.013636
TMO,63,148,iv_atm_z_score,0.020589
TMO,63,148,macro_yield_curve_slope,0.073282
TMO,63,148,macro_hy_spread,0.020502
TMO,63,148,macro_hy_spread_chg_5d,0.009418
TMO,63,148,macro_breakeven_5y,0.018221
TMO,63,148,macro_inflation_fwd_5y5y,0.01555
TMO,63,148,macro_inflation_fwd_chg_21d,0.004945
TMO,63,148,macro_inflation_fwd_abs_chg_21d,0.004343
TMO,63,148,macro_inflation_fwd_chg_63d,0.009944
TMO,63,148,macro_inflation_fwd_zscore,0.011802
TMO,63,148,macro_dollar_ret,0.0
TMO,63,148,beta_spy,0.022331
TMO,63,148,res_vol,0.014106
TMO,63,148,res_vol_vel,0.00659
TMO,63,148,price_regime,0.101674
TMO,63,148,corr_sector_21d,0.008533
TMO,63,148,corr_sector_252d,0.040801
TMO,63,148,sector_wedge,0.016769
TMO,126,0,rv_5d,0.0
TMO,126,0,rv_10d,0.0
TMO,126,0,rv_21d,0.0
TMO,126,0,rv_63d,0.046279
TMO,126,0,rv_126d,0.027667
TMO,126,0,ewma_vol,0.0
TMO,126,0,garch_cond_vol,0.0
TMO,126,0,ret_TARGET,0.0
TMO,126,0,tech_RSI,0.0
TMO,126,0,tech_MACD_hist,0.0
TMO,126,0,ret_VIXY,0.0
TMO,126,0,mom21_VIXY,0.0
TMO,126,0,ret_HYG,0.0
TMO,126,0,mom21_HYG,0.047314
TMO,126,0,ret_USO,0.0
TMO,126,0,mom21_USO,0.0
TMO,126,0,ret_TLT,0.0
TMO,126,0,mom21_TLT,0.083599
TMO,126,0,ret_UUP,0.0
TMO,126,0,mom21_UUP,0.0
TMO,126,0,ret_SPY,0.0
TMO,126,0,mom21_SPY,0.0
TMO,126,0,vol_vel,0.0
TMO,126,0,vol_of_vol,0.0
TMO,126,0,vol_regime_zscore,0.0
TMO,126,0,vol_chg_21d,0.0
TMO,126,0,event_fed_gravity,0.156787
TMO,126,0,event_earn_gravity,0.0
TMO,126,0,event_div_gravity,0.0
TMO,126,0,event_cpi_gravity,0.097766
TMO,126,0,event_nfp_gravity,0.180061
TMO,126,0,put_call_skew_30d,0.0
TMO,126,0,term_structure_slope,0.0
TMO,126,0,vrp_wedge,0.0
TMO,126,0,iv_atm_z_score,0.083385
TMO,126,0,macro_yield_curve_slope,0.018597
TMO,126,0,macro_hy_spread,0.0
TMO,126,0,macro_hy_spread_chg_5d,0.0
TMO,126,0,macro_breakeven_5y,0.066204
TMO,126,0,macro_inflation_fwd_5y5y,0.0
TMO,126,0,macro_inflation_fwd_chg_21d,0.0
TMO,126,0,macro_inflation_fwd_abs_chg_21d,0.0
TMO,126,0,macro_inflation_fwd_chg_63d,0.029094
TMO,126,0,macro_inflation_fwd_zscore,0.066724
TMO,126,0,macro_dollar_ret,0.0
TMO,126,0,beta_spy,0.0
TMO,126,0,res_vol,0.035466
TMO,126,0,res_vol_vel,0.0
TMO,126,0,price_regime,0.0
TMO,126,0,corr_sector_21d,0.024246
TMO,126,0,corr_sector_252d,0.036811
TMO,126,0,sector_wedge,0.0
TMO,126,1,rv_5d,0.0
TMO,126,1,rv_10d,0.0
TMO,126,1,rv_21d,0.0
TMO,126,1,rv_63d,0.042592
TMO,126,1,rv_126d,0.032081
TMO,126,1,ewma_vol,0.0
TMO,126,1,garch_cond_vol,0.0
TMO,126,1,ret_TARGET,0.0
TMO,126,1,tech_RSI,0.0
TMO,126,1,tech_MACD_hist,0.0
TMO,126,1,ret_VIXY,0.0
TMO,126,1,mom21_VIXY,0.0
TMO,126,1,ret_HYG,0.0
TMO,126,1,mom21_HYG,0.040566
TMO,126,1,ret_USO,0.0
TMO,126,1,mom21_USO,0.0
TMO,126,1,ret_TLT,0.0
TMO,126,1,mom21_TLT,0.078682
TMO,126,1,ret_UUP,0.0
TMO,126,1,mom21_UUP,0.0
TMO,126,1,ret_SPY,0.0
TMO,126,1,mom21_SPY,0.0
TMO,126,1,vol_vel,0.0
TMO,126,1,vol_of_vol,0.050893
TMO,126,1,vol_regime_zscore,0.013927
TMO,126,1,vol_chg_21d,0.0
TMO,126,1,event_fed_gravity,0.140053
TMO,126,1,event_earn_gravity,0.0
TMO,126,1,event_div_gravity,0.0
TMO,126,1,event_cpi_gravity,0.092031
TMO,126,1,event_nfp_gravity,0.182106
TMO,126,1,put_call_skew_30d,0.0
TMO,126,1,term_structure_slope,0.0
TMO,126,1,vrp_wedge,0.0
TMO,126,1,iv_atm_z_score,0.068861
TMO,126,1,macro_yield_curve_slope,0.017183
TMO,126,1,macro_hy_spread,0.0
TMO,126,1,macro_hy_spread_chg_5d,0.0
TMO,126,1,macro_breakeven_5y,0.051816
TMO,126,1,macro_inflation_fwd_5y5y,0.0
TMO,126,1,macro_inflation_fwd_chg_21d,0.0
TMO,126,1,macro_inflation_fwd_abs_chg_21d,0.0
TMO,126,1,macro_inflation_fwd_chg_63d,0.021798
TMO,126,1,macro_inflation_fwd_zscore,0.071203
TMO,126,1,macro_dollar_ret,0.0
TMO,126,1,beta_spy,0.0
TMO,126,1,res_vol,0.02747
TMO,126,1,res_vol_vel,0.0
TMO,126,1,price_regime,0.0
TMO,126,1,corr_sector_21d,0.02475
TMO,126,1,corr_sector_252d,0.04399
TMO,126,1,sector_wedge,0.0
TMO,126,2,rv_5d,0.0
TMO,126,2,rv_10d,0.0
TMO,126,2,rv_21d,0.015612
TMO,126,2,rv_63d,0.045284
TMO,126,2,rv_126d,0.029744
TMO,126,2,ewma_vol,0.0
TMO,126,2,garch_cond_vol,0.0
TMO,126,2,ret_TARGET,0.0
TMO,126,2,tech_RSI,0.0
TMO,126,2,tech_MACD_hist,0.0
TMO,126,2,ret_VIXY,0.0
TMO,126,2,mom21_VIXY,0.0
TMO,126,2,ret_HYG,0.0
TMO,126,2,mom21_HYG,0.040175
TMO,126,2,ret_USO,0.0
TMO,126,2,mom21_USO,0.0
TMO,126,2,ret_TLT,0.0
TMO,126,2,mom21_TLT,0.063891
TMO,126,2,ret_UUP,0.0
TMO,126,2,mom21_UUP,0.0
TMO,126,2,ret_SPY,0.0
TMO,126,2,mom21_SPY,0.0
TMO,126,2,vol_vel,0.0
TMO,126,2,vol_of_vol,0.050846
TMO,126,2,vol_regime_zscore,0.0
TMO,126,2,vol_chg_21d,0.0
TMO,126,2,event_fed_gravity,0.144263
TMO,126,2,event_earn_gravity,0.0
TMO,126,2,event_div_gravity,0.0
TMO,126,2,event_cpi_gravity,0.094931
TMO,126,2,event_nfp_gravity,0.148161
TMO,126,2,put_call_skew_30d,0.0
TMO,126,2,term_structure_slope,0.0
TMO,126,2,vrp_wedge,0.0
TMO,126,2,iv_atm_z_score,0.081204
TMO,126,2,macro_yield_curve_slope,0.020184
TMO,126,2,macro_hy_spread,0.0
TMO,126,2,macro_hy_spread_chg_5d,0.0
TMO,126,2,macro_breakeven_5y,0.054047
TMO,126,2,macro_inflation_fwd_5y5y,0.0
TMO,126,2,macro_inflation_fwd_chg_21d,0.0
TMO,126,2,macro_inflation_fwd_abs_chg_21d,0.0
TMO,126,2,macro_inflation_fwd_chg_63d,0.020738
TMO,126,2,macro_inflation_fwd_zscore,0.076841
TMO,126,2,macro_dollar_ret,0.0
TMO,126,2,beta_spy,0.0
TMO,126,2,res_vol,0.029894
TMO,126,2,res_vol_vel,0.0
TMO,126,2,price_regime,0.0
TMO,126,2,corr_sector_21d,0.028322
TMO,126,2,corr_sector_252d,0.055862
TMO,126,2,sector_wedge,0.0
TMO,126,3,rv_5d,0.0
TMO,126,3,rv_10d,0.0
TMO,126,3,rv_21d,0.014997
TMO,126,3,rv_63d,0.039742
TMO,126,3,rv_126d,0.02814
TMO,126,3,ewma_vol,0.0
TMO,126,3,garch_cond_vol,0.0
TMO,126,3,ret_TARGET,0.0
TMO,126,3,tech_RSI,0.0
TMO,126,3,tech_MACD_hist,0.0
TMO,126,3,ret_VIXY,0.0
TMO,126,3,mom21_VIXY,0.0
TMO,126,3,ret_HYG,0.0
TMO,126,3,mom21_HYG,0.03967
TMO,126,3,ret_USO,0.0
TMO,126,3,mom21_USO,0.0
TMO,126,3,ret_TLT,0.0
TMO,126,3,mom21_TLT,0.072436
TMO,126,3,ret_UUP,0.0
TMO,126,3,mom21_UUP,0.0
TMO,126,3,ret_SPY,0.0
TMO,126,3,mom21_SPY,0.0
TMO,126,3,vol_vel,0.0
TMO,126,3,vol_of_vol,0.049712
TMO,126,3,vol_regime_zscore,0.0
TMO,126,3,vol_chg_21d,0.0
TMO,126,3,event_fed_gravity,0.153611
TMO,126,3,event_earn_gravity,0.0
TMO,126,3,event_div_gravity,0.0
TMO,126,3,event_cpi_gravity,0.092494
TMO,126,3,event_nfp_gravity,0.143748
TMO,126,3,put_call_skew_30d,0.0
TMO,126,3,term_structure_slope,0.0
TMO,126,3,vrp_wedge,0.0
TMO,126,3,iv_atm_z_score,0.076179
TMO,126,3,macro_yield_curve_slope,0.019884
TMO,126,3,macro_hy_spread,0.0
TMO,126,3,macro_hy_spread_chg_5d,0.0
TMO,126,3,macro_breakeven_5y,0.053492
TMO,126,3,macro_inflation_fwd_5y5y,0.0
TMO,126,3,macro_inflation_fwd_chg_21d,0.0
TMO,126,3,macro_inflation_fwd_abs_chg_21d,0.0
TMO,126,3,macro_inflation_fwd_chg_63d,0.03023
TMO,126,3,macro_inflation_fwd_zscore,0.062325
TMO,126,3,macro_dollar_ret,0.0
TMO,126,3,beta_spy,0.0
TMO,126,3,res_vol,0.029086
TMO,126,3,res_vol_vel,0.0
TMO,126,3,price_regime,0.0
TMO,126,3,corr_sector_21d,0.040588
TMO,126,3,corr_sector_252d,0.053665
TMO,126,3,sector_wedge,0.0
TMO,126,4,rv_5d,0.0
TMO,126,4,rv_10d,0.0
TMO,126,4,rv_21d,0.01581
TMO,126,4,rv_63d,0.040887
TMO,126,4,rv_126d,0.026556
TMO,126,4,ewma_vol,0.0
TMO,126,4,garch_cond_vol,0.0
TMO,126,4,ret_TARGET,0.0
TMO,126,4,tech_RSI,0.0
TMO,126,4,tech_MACD_hist,0.0
TMO,126,4,ret_VIXY,0.0
TMO,126,4,mom21_VIXY,0.0
TMO,126,4,ret_HYG,0.0
TMO,126,4,mom21_HYG,0.064266
TMO,126,4,ret_USO,0.0
TMO,126,4,mom21_USO,0.0
TMO,126,4,ret_TLT,0.0
TMO,126,4,mom21_TLT,0.072813
TMO,126,4,ret_UUP,0.0
TMO,126,4,mom21_UUP,0.0
TMO,126,4,ret_SPY,0.0
TMO,126,4,mom21_SPY,0.0
TMO,126,4,vol_vel,0.0
TMO,126,4,vol_of_vol,0.051187
TMO,126,4,vol_regime_zscore,0.0
TMO,126,4,vol_chg_21d,0.0
TMO,126,4,event_fed_gravity,0.175389
TMO,126,4,event_earn_gravity,0.0
TMO,126,4,event_div_gravity,0.0
TMO,126,4,event_cpi_gravity,0.086837
TMO,126,4,event_nfp_gravity,0.151798
TMO,126,4,put_call_skew_30d,0.0
TMO,126,4,term_structure_slope,0.0
TMO,126,4,vrp_wedge,0.0
TMO,126,4,iv_atm_z_score,0.080055
TMO,126,4,macro_yield_curve_slope,0.020585
TMO,126,4,macro_hy_spread,0.0
TMO,126,4,macro_hy_spread_chg_5d,0.0
TMO,126,4,macro_breakeven_5y,0.052752
TMO,126,4,macro_inflation_fwd_5y5y,0.0
TMO,126,4,macro_inflation_fwd_chg_21d,0.0
TMO,126,4,macro_inflation_fwd_abs_chg_21d,0.0
TMO,126,4,macro_inflation_fwd_chg_63d,0.0
TMO,126,4,macro_inflation_fwd_zscore,0.055246
TMO,126,4,macro_dollar_ret,0.0
TMO,126,4,beta_spy,0.0
TMO,126,4,res_vol,0.023094
TMO,126,4,res_vol_vel,0.0
TMO,126,4,price_regime,0.0
TMO,126,4,corr_sector_21d,0.029432
TMO,126,4,corr_sector_252d,0.053292
TMO,126,4,sector_wedge,0.0
TMO,126,5,rv_5d,0.0
TMO,126,5,rv_10d,0.0
TMO,126,5,rv_21d,0.0
TMO,126,5,rv_63d,0.037621
TMO,126,5,rv_126d,0.03048
TMO,126,5,ewma_vol,0.0
TMO,126,5,garch_cond_vol,0.0
TMO,126,5,ret_TARGET,0.0
TMO,126,5,tech_RSI,0.0
TMO,126,5,tech_MACD_hist,0.0
TMO,126,5,ret_VIXY,0.0
TMO,126,5,mom21_VIXY,0.0
TMO,126,5,ret_HYG,0.0
TMO,126,5,mom21_HYG,0.068147
TMO,126,5,ret_USO,0.0
TMO,126,5,mom21_USO,0.0
TMO,126,5,ret_TLT,0.0
TMO,126,5,mom21_TLT,0.075954
TMO,126,5,ret_UUP,0.0
TMO,126,5,mom21_UUP,0.0
TMO,126,5,ret_SPY,0.0
TMO,126,5,mom21_SPY,0.0
TMO,126,5,vol_vel,0.0
TMO,126,5,vol_of_vol,0.053225
TMO,126,5,vol_regime_zscore,0.0
TMO,126,5,vol_chg_21d,0.0
TMO,126,5,event_fed_gravity,0.191067
TMO,126,5,event_earn_gravity,0.0
TMO,126,5,event_div_gravity,0.0
TMO,126,5,event_cpi_gravity,0.093629
TMO,126,5,event_nfp_gravity,0.153828
TMO,126,5,put_call_skew_30d,0.0
TMO,126,5,term_structure_slope,0.0
TMO,126,5,vrp_wedge,0.0
TMO,126,5,iv_atm_z_score,0.08573
TMO,126,5,macro_yield_curve_slope,0.0
TMO,126,5,macro_hy_spread,0.0
TMO,126,5,macro_hy_spread_chg_5d,0.0
TMO,126,5,macro_breakeven_5y,0.03571
TMO,126,5,macro_inflation_fwd_5y5y,0.0
TMO,126,5,macro_inflation_fwd_chg_21d,0.0
TMO,126,5,macro_inflation_fwd_abs_chg_21d,0.0
TMO,126,5,macro_inflation_fwd_chg_63d,0.0
TMO,126,5,macro_inflation_fwd_zscore,0.057412
TMO,126,5,macro_dollar_ret,0.0
TMO,126,5,beta_spy,0.0
TMO,126,5,res_vol,0.035115
TMO,126,5,res_vol_vel,0.0
TMO,126,5,price_regime,0.0
TMO,126,5,corr_sector_21d,0.030064
TMO,126,5,corr_sector_252d,0.052019
TMO,126,5,sector_wedge,0.0
TMO,126,6,rv_5d,0.0
TMO,126,6,rv_10d,0.0
TMO,126,6,rv_21d,0.0
TMO,126,6,rv_63d,0.04307
TMO,126,6,rv_126d,0.031943
TMO,126,6,ewma_vol,0.0
TMO,126,6,garch_cond_vol,0.0
TMO,126,6,ret_TARGET,0.0
TMO,126,6,tech_RSI,0.0
TMO,126,6,tech_MACD_hist,0.0
TMO,126,6,ret_VIXY,0.0
TMO,126,6,mom21_VIXY,0.0
TMO,126,6,ret_HYG,0.0
TMO,126,6,mom21_HYG,0.066961
TMO,126,6,ret_USO,0.0
TMO,126,6,mom21_USO,0.0
TMO,126,6,ret_TLT,0.0
TMO,126,6,mom21_TLT,0.073848
TMO,126,6,ret_UUP,0.0
TMO,126,6,mom21_UUP,0.0
TMO,126,6,ret_SPY,0.0
TMO,126,6,mom21_SPY,0.0
TMO,126,6,vol_vel,0.0
TMO,126,6,vol_of_vol,0.052249
TMO,126,6,vol_regime_zscore,0.0
TMO,126,6,vol_chg_21d,0.0
TMO,126,6,event_fed_gravity,0.170575
TMO,126,6,event_earn_gravity,0.0
TMO,126,6,event_div_gravity,0.0
TMO,126,6,event_cpi_gravity,0.097454
TMO,126,6,event_nfp_gravity,0.17386
TMO,126,6,put_call_skew_30d,0.0
TMO,126,6,term_structure_slope,0.0
TMO,126,6,vrp_wedge,0.0
TMO,126,6,iv_atm_z_score,0.092206
TMO,126,6,macro_yield_curve_slope,0.0
TMO,126,6,macro_hy_spread,0.0
TMO,126,6,macro_hy_spread_chg_5d,0.0
TMO,126,6,macro_breakeven_5y,0.037344
TMO,126,6,macro_inflation_fwd_5y5y,0.0
TMO,126,6,macro_inflation_fwd_chg_21d,0.0
TMO,126,6,macro_inflation_fwd_abs_chg_21d,0.0
TMO,126,6,macro_inflation_fwd_chg_63d,0.0
TMO,126,6,macro_inflation_fwd_zscore,0.050284
TMO,126,6,macro_dollar_ret,0.0
TMO,126,6,beta_spy,0.0
TMO,126,6,res_vol,0.034599
TMO,126,6,res_vol_vel,0.0
TMO,126,6,price_regime,0.0
TMO,126,6,corr_sector_21d,0.027688
TMO,126,6,corr_sector_252d,0.04792
TMO,126,6,sector_wedge,0.0
TMO,126,7,rv_5d,0.0
TMO,126,7,rv_10d,0.0
TMO,126,7,rv_21d,0.014927
TMO,126,7,rv_63d,0.039582
TMO,126,7,rv_126d,0.031009
TMO,126,7,ewma_vol,0.0
TMO,126,7,garch_cond_vol,0.0
TMO,126,7,ret_TARGET,0.0
TMO,126,7,tech_RSI,0.0
TMO,126,7,tech_MACD_hist,0.0
TMO,126,7,ret_VIXY,0.0
TMO,126,7,mom21_VIXY,0.0
TMO,126,7,ret_HYG,0.0
TMO,126,7,mom21_HYG,0.065593
TMO,126,7,ret_USO,0.0
TMO,126,7,mom21_USO,0.0
TMO,126,7,ret_TLT,0.0
TMO,126,7,mom21_TLT,0.111154
TMO,126,7,ret_UUP,0.0
TMO,126,7,mom21_UUP,0.0
TMO,126,7,ret_SPY,0.0
TMO,126,7,mom21_SPY,0.0
TMO,126,7,vol_vel,0.0
TMO,126,7,vol_of_vol,0.0
TMO,126,7,vol_regime_zscore,0.0
TMO,126,7,vol_chg_21d,0.0
TMO,126,7,event_fed_gravity,0.169505
TMO,126,7,event_earn_gravity,0.0
TMO,126,7,event_div_gravity,0.0
TMO,126,7,event_cpi_gravity,0.110888
TMO,126,7,event_nfp_gravity,0.143473
TMO,126,7,put_call_skew_30d,0.0
TMO,126,7,term_structure_slope,0.0
TMO,126,7,vrp_wedge,0.0
TMO,126,7,iv_atm_z_score,0.086015
TMO,126,7,macro_yield_curve_slope,0.018251
TMO,126,7,macro_hy_spread,0.0
TMO,126,7,macro_hy_spread_chg_5d,0.0
TMO,126,7,macro_breakeven_5y,0.032225
TMO,126,7,macro_inflation_fwd_5y5y,0.0
TMO,126,7,macro_inflation_fwd_chg_21d,0.0
TMO,126,7,macro_inflation_fwd_abs_chg_21d,0.0
TMO,126,7,macro_inflation_fwd_chg_63d,0.0
TMO,126,7,macro_inflation_fwd_zscore,0.052876
TMO,126,7,macro_dollar_ret,0.0
TMO,126,7,beta_spy,0.0
TMO,126,7,res_vol,0.035216
TMO,126,7,res_vol_vel,0.0
TMO,126,7,price_regime,0.0
TMO,126,7,corr_sector_21d,0.027919
TMO,126,7,corr_sector_252d,0.047541
TMO,126,7,sector_wedge,0.013828
TMO,126,8,rv_5d,0.0
TMO,126,8,rv_10d,0.0
TMO,126,8,rv_21d,0.015829
TMO,126,8,rv_63d,0.037057
TMO,126,8,rv_126d,0.033039
TMO,126,8,ewma_vol,0.0
TMO,126,8,garch_cond_vol,0.0
TMO,126,8,ret_TARGET,0.0
TMO,126,8,tech_RSI,0.0
TMO,126,8,tech_MACD_hist,0.0
TMO,126,8,ret_VIXY,0.0
TMO,126,8,mom21_VIXY,0.0
TMO,126,8,ret_HYG,0.0
TMO,126,8,mom21_HYG,0.040797
TMO,126,8,ret_USO,0.0
TMO,126,8,mom21_USO,0.0
TMO,126,8,ret_TLT,0.0
TMO,126,8,mom21_TLT,0.073621
TMO,126,8,ret_UUP,0.0
TMO,126,8,mom21_UUP,0.0
TMO,126,8,ret_SPY,0.0
TMO,126,8,mom21_SPY,0.0
TMO,126,8,vol_vel,0.0
TMO,126,8,vol_of_vol,0.053697
TMO,126,8,vol_regime_zscore,0.0
TMO,126,8,vol_chg_21d,0.0
TMO,126,8,event_fed_gravity,0.136103
TMO,126,8,event_earn_gravity,0.0
TMO,126,8,event_div_gravity,0.0
TMO,126,8,event_cpi_gravity,0.160693
TMO,126,8,event_nfp_gravity,0.157941
TMO,126,8,put_call_skew_30d,0.0
TMO,126,8,term_structure_slope,0.0
TMO,126,8,vrp_wedge,0.0
TMO,126,8,iv_atm_z_score,0.080281
TMO,126,8,macro_yield_curve_slope,0.0
TMO,126,8,macro_hy_spread,0.0
TMO,126,8,macro_hy_spread_chg_5d,0.0
TMO,126,8,macro_breakeven_5y,0.043646
TMO,126,8,macro_inflation_fwd_5y5y,0.0
TMO,126,8,macro_inflation_fwd_chg_21d,0.0
TMO,126,8,macro_inflation_fwd_abs_chg_21d,0.0
TMO,126,8,macro_inflation_fwd_chg_63d,0.015036
TMO,126,8,macro_inflation_fwd_zscore,0.045082
TMO,126,8,macro_dollar_ret,0.0
TMO,126,8,beta_spy,0.0
TMO,126,8,res_vol,0.02758
TMO,126,8,res_vol_vel,0.0
TMO,126,8,price_regime,0.0
TMO,126,8,corr_sector_21d,0.02593
TMO,126,8,corr_sector_252d,0.053666
TMO,126,8,sector_wedge,0.0
TMO,126,9,rv_5d,0.0
TMO,126,9,rv_10d,0.0
TMO,126,9,rv_21d,0.015496
TMO,126,9,rv_63d,0.035618
TMO,126,9,rv_126d,0.025697
TMO,126,9,ewma_vol,0.0
TMO,126,9,garch_cond_vol,0.0
TMO,126,9,ret_TARGET,0.0
TMO,126,9,tech_RSI,0.0
TMO,126,9,tech_MACD_hist,0.0
TMO,126,9,ret_VIXY,0.0
TMO,126,9,mom21_VIXY,0.0
TMO,126,9,ret_HYG,0.0
TMO,126,9,mom21_HYG,0.063469
TMO,126,9,ret_USO,0.0
TMO,126,9,mom21_USO,0.0
TMO,126,9,ret_TLT,0.0
TMO,126,9,mom21_TLT,0.091447
TMO,126,9,ret_UUP,0.0
TMO,126,9,mom21_UUP,0.0
TMO,126,9,ret_SPY,0.0
TMO,126,9,mom21_SPY,0.0
TMO,126,9,vol_vel,0.0
TMO,126,9,vol_of_vol,0.050312
TMO,126,9,vol_regime_zscore,0.0
TMO,126,9,vol_chg_21d,0.0
TMO,126,9,event_fed_gravity,0.144164
TMO,126,9,event_earn_gravity,0.0
TMO,126,9,event_div_gravity,0.0
TMO,126,9,event_cpi_gravity,0.125584
TMO,126,9,event_nfp_gravity,0.157113
TMO,126,9,put_call_skew_30d,0.0
TMO,126,9,term_structure_slope,0.0
TMO,126,9,vrp_wedge,0.0
TMO,126,9,iv_atm_z_score,0.097613
TMO,126,9,macro_yield_curve_slope,0.0
TMO,126,9,macro_hy_spread,0.0
TMO,126,9,macro_hy_spread_chg_5d,0.0
TMO,126,9,macro_breakeven_5y,0.041113
TMO,126,9,macro_inflation_fwd_5y5y,0.0
TMO,126,9,macro_inflation_fwd_chg_21d,0.0
TMO,126,9,macro_inflation_fwd_abs_chg_21d,0.0
TMO,126,9,macro_inflation_fwd_chg_63d,0.026815
TMO,126,9,macro_inflation_fwd_zscore,0.026569
TMO,126,9,macro_dollar_ret,0.0
TMO,126,9,beta_spy,0.0
TMO,126,9,res_vol,0.026319
TMO,126,9,res_vol_vel,0.0
TMO,126,9,price_regime,0.0
TMO,126,9,corr_sector_21d,0.022069
TMO,126,9,corr_sector_252d,0.050603
TMO,126,9,sector_wedge,0.0
TMO,126,10,rv_5d,0.0
TMO,126,10,rv_10d,0.0
TMO,126,10,rv_21d,0.016775
TMO,126,10,rv_63d,0.03447
TMO,126,10,rv_126d,0.03127
TMO,126,10,ewma_vol,0.0
TMO,126,10,garch_cond_vol,0.0
TMO,126,10,ret_TARGET,0.0
TMO,126,10,tech_RSI,0.0
TMO,126,10,tech_MACD_hist,0.0
TMO,126,10,ret_VIXY,0.0
TMO,126,10,mom21_VIXY,0.0
TMO,126,10,ret_HYG,0.0
TMO,126,10,mom21_HYG,0.071491
TMO,126,10,ret_USO,0.0
TMO,126,10,mom21_USO,0.0
TMO,126,10,ret_TLT,0.0
TMO,126,10,mom21_TLT,0.048212
TMO,126,10,ret_UUP,0.0
TMO,126,10,mom21_UUP,0.0
TMO,126,10,ret_SPY,0.0
TMO,126,10,mom21_SPY,0.0
TMO,126,10,vol_vel,0.0
TMO,126,10,vol_of_vol,0.0
TMO,126,10,vol_regime_zscore,0.0
TMO,126,10,vol_chg_21d,0.0
TMO,126,10,event_fed_gravity,0.129769
TMO,126,10,event_earn_gravity,0.0
TMO,126,10,event_div_gravity,0.0
TMO,126,10,event_cpi_gravity,0.170236
TMO,126,10,event_nfp_gravity,0.209652
TMO,126,10,put_call_skew_30d,0.0
TMO,126,10,term_structure_slope,0.0
TMO,126,10,vrp_wedge,0.0
TMO,126,10,iv_atm_z_score,0.094104
TMO,126,10,macro_yield_curve_slope,0.0
TMO,126,10,macro_hy_spread,0.0
TMO,126,10,macro_hy_spread_chg_5d,0.0
TMO,126,10,macro_breakeven_5y,0.047176
TMO,126,10,macro_inflation_fwd_5y5y,0.0
TMO,126,10,macro_inflation_fwd_chg_21d,0.0
TMO,126,10,macro_inflation_fwd_abs_chg_21d,0.0
TMO,126,10,macro_inflation_fwd_chg_63d,0.0
TMO,126,10,macro_inflation_fwd_zscore,0.0
TMO,126,10,macro_dollar_ret,0.0
TMO,126,10,beta_spy,0.018442
TMO,126,10,res_vol,0.037601
TMO,126,10,res_vol_vel,0.0
TMO,126,10,price_regime,0.0
TMO,126,10,corr_sector_21d,0.031672
TMO,126,10,corr_sector_252d,0.059129
TMO,126,10,sector_wedge,0.0
TMO,126,11,rv_5d,0.0
TMO,126,11,rv_10d,0.0
TMO,126,11,rv_21d,0.0
TMO,126,11,rv_63d,0.033218
TMO,126,11,rv_126d,0.027852
TMO,126,11,ewma_vol,0.0
TMO,126,11,garch_cond_vol,0.0
TMO,126,11,ret_TARGET,0.0
TMO,126,11,tech_RSI,0.0
TMO,126,11,tech_MACD_hist,0.0
TMO,126,11,ret_VIXY,0.0
TMO,126,11,mom21_VIXY,0.0
TMO,126,11,ret_HYG,0.0
TMO,126,11,mom21_HYG,0.072169
TMO,126,11,ret_USO,0.0
TMO,126,11,mom21_USO,0.0
TMO,126,11,ret_TLT,0.0
TMO,126,11,mom21_TLT,0.083095
TMO,126,11,ret_UUP,0.0
TMO,126,11,mom21_UUP,0.0
TMO,126,11,ret_SPY,0.0
TMO,126,11,mom21_SPY,0.0
TMO,126,11,vol_vel,0.0
TMO,126,11,vol_of_vol,0.055668
TMO,126,11,vol_regime_zscore,0.0
TMO,126,11,vol_chg_21d,0.0
TMO,126,11,event_fed_gravity,0.121167
TMO,126,11,event_earn_gravity,0.0
TMO,126,11,event_div_gravity,0.0
TMO,126,11,event_cpi_gravity,0.19624
TMO,126,11,event_nfp_gravity,0.161772
TMO,126,11,put_call_skew_30d,0.0
TMO,126,11,term_structure_slope,0.0
TMO,126,11,vrp_wedge,0.0
TMO,126,11,iv_atm_z_score,0.091527
TMO,126,11,macro_yield_curve_slope,0.0
TMO,126,11,macro_hy_spread,0.0
TMO,126,11,macro_hy_spread_chg_5d,0.0
TMO,126,11,macro_breakeven_5y,0.03362
TMO,126,11,macro_inflation_fwd_5y5y,0.0
TMO,126,11,macro_inflation_fwd_chg_21d,0.0
TMO,126,11,macro_inflation_fwd_abs_chg_21d,0.0
TMO,126,11,macro_inflation_fwd_chg_63d,0.0
TMO,126,11,macro_inflation_fwd_zscore,0.0
TMO,126,11,macro_dollar_ret,0.0
TMO,126,11,beta_spy,0.0
TMO,126,11,res_vol,0.032814
TMO,126,11,res_vol_vel,0.0
TMO,126,11,price_regime,0.0
TMO,126,11,corr_sector_21d,0.032356
TMO,126,11,corr_sector_252d,0.058503
TMO,126,11,sector_wedge,0.0
TMO,126,12,rv_5d,0.0
TMO,126,12,rv_10d,0.0
TMO,126,12,rv_21d,0.017927
TMO,126,12,rv_63d,0.035216
TMO,126,12,rv_126d,0.033059
TMO,126,12,ewma_vol,0.0
TMO,126,12,garch_cond_vol,0.0
TMO,126,12,ret_TARGET,0.0
TMO,126,12,tech_RSI,0.0
TMO,126,12,tech_MACD_hist,0.0
TMO,126,12,ret_VIXY,0.0
TMO,126,12,mom21_VIXY,0.0
TMO,126,12,ret_HYG,0.0
TMO,126,12,mom21_HYG,0.074047
TMO,126,12,ret_USO,0.0
TMO,126,12,mom21_USO,0.0
TMO,126,12,ret_TLT,0.0
TMO,126,12,mom21_TLT,0.076217
TMO,126,12,ret_UUP,0.0
TMO,126,12,mom21_UUP,0.0
TMO,126,12,ret_SPY,0.0
TMO,126,12,mom21_SPY,0.0
TMO,126,12,vol_vel,0.0
TMO,126,12,vol_of_vol,0.0
TMO,126,12,vol_regime_zscore,0.0
TMO,126,12,vol_chg_21d,0.0
TMO,126,12,event_fed_gravity,0.187235
TMO,126,12,event_earn_gravity,0.0
TMO,126,12,event_div_gravity,0.0
TMO,126,12,event_cpi_gravity,0.119794
TMO,126,12,event_nfp_gravity,0.181267
TMO,126,12,put_call_skew_30d,0.0
TMO,126,12,term_structure_slope,0.0
TMO,126,12,vrp_wedge,0.0
TMO,126,12,iv_atm_z_score,0.103083
TMO,126,12,macro_yield_curve_slope,0.0
TMO,126,12,macro_hy_spread,0.0
TMO,126,12,macro_hy_spread_chg_5d,0.0
TMO,126,12,macro_breakeven_5y,0.04712
TMO,126,12,macro_inflation_fwd_5y5y,0.0
TMO,126,12,macro_inflation_fwd_chg_21d,0.0
TMO,126,12,macro_inflation_fwd_abs_chg_21d,0.0
TMO,126,12,macro_inflation_fwd_chg_63d,0.0
TMO,126,12,macro_inflation_fwd_zscore,0.0
TMO,126,12,macro_dollar_ret,0.0
TMO,126,12,beta_spy,0.0
TMO,126,12,res_vol,0.034499
TMO,126,12,res_vol_vel,0.0
TMO,126,12,price_regime,0.0
TMO,126,12,corr_sector_21d,0.030937
TMO,126,12,corr_sector_252d,0.059598
TMO,126,12,sector_wedge,0.0
TMO,126,13,rv_5d,0.0
TMO,126,13,rv_10d,0.0
TMO,126,13,rv_21d,0.0
TMO,126,13,rv_63d,0.028806
TMO,126,13,rv_126d,0.027383
TMO,126,13,ewma_vol,0.0
TMO,126,13,garch_cond_vol,0.0
TMO,126,13,ret_TARGET,0.0
TMO,126,13,tech_RSI,0.0
TMO,126,13,tech_MACD_hist,0.0
TMO,126,13,ret_VIXY,0.0
TMO,126,13,mom21_VIXY,0.0
TMO,126,13,ret_HYG,0.0
TMO,126,13,mom21_HYG,0.063055
TMO,126,13,ret_USO,0.0
TMO,126,13,mom21_USO,0.0
TMO,126,13,ret_TLT,0.0
TMO,126,13,mom21_TLT,0.090528
TMO,126,13,ret_UUP,0.0
TMO,126,13,mom21_UUP,0.0
TMO,126,13,ret_SPY,0.0
TMO,126,13,mom21_SPY,0.0
TMO,126,13,vol_vel,0.0
TMO,126,13,vol_of_vol,0.049647
TMO,126,13,vol_regime_zscore,0.0
TMO,126,13,vol_chg_21d,0.0
TMO,126,13,event_fed_gravity,0.11827
TMO,126,13,event_earn_gravity,0.0
TMO,126,13,event_div_gravity,0.0
TMO,126,13,event_cpi_gravity,0.135638
TMO,126,13,event_nfp_gravity,0.194568
TMO,126,13,put_call_skew_30d,0.0
TMO,126,13,term_structure_slope,0.0
TMO,126,13,vrp_wedge,0.0
TMO,126,13,iv_atm_z_score,0.096998
TMO,126,13,macro_yield_curve_slope,0.0
TMO,126,13,macro_hy_spread,0.0
TMO,126,13,macro_hy_spread_chg_5d,0.0
TMO,126,13,macro_breakeven_5y,0.050908
TMO,126,13,macro_inflation_fwd_5y5y,0.0
TMO,126,13,macro_inflation_fwd_chg_21d,0.0
TMO,126,13,macro_inflation_fwd_abs_chg_21d,0.0
TMO,126,13,macro_inflation_fwd_chg_63d,0.024064
TMO,126,13,macro_inflation_fwd_zscore,0.013572
TMO,126,13,macro_dollar_ret,0.0
TMO,126,13,beta_spy,0.0
TMO,126,13,res_vol,0.032654
TMO,126,13,res_vol_vel,0.0
TMO,126,13,price_regime,0.0
TMO,126,13,corr_sector_21d,0.025378
TMO,126,13,corr_sector_252d,0.048531
TMO,126,13,sector_wedge,0.0
TMO,126,14,rv_5d,0.0
TMO,126,14,rv_10d,0.0
TMO,126,14,rv_21d,0.014612
TMO,126,14,rv_63d,0.030252
TMO,126,14,rv_126d,0.032295
TMO,126,14,ewma_vol,0.0
TMO,126,14,garch_cond_vol,0.0
TMO,126,14,ret_TARGET,0.0
TMO,126,14,tech_RSI,0.0
TMO,126,14,tech_MACD_hist,0.0
TMO,126,14,ret_VIXY,0.0
TMO,126,14,mom21_VIXY,0.0
TMO,126,14,ret_HYG,0.0
TMO,126,14,mom21_HYG,0.06586
TMO,126,14,ret_USO,0.0
TMO,126,14,mom21_USO,0.0
TMO,126,14,ret_TLT,0.0
TMO,126,14,mom21_TLT,0.0
TMO,126,14,ret_UUP,0.0
TMO,126,14,mom21_UUP,0.0
TMO,126,14,ret_SPY,0.0
TMO,126,14,mom21_SPY,0.0
TMO,126,14,vol_vel,0.0
TMO,126,14,vol_of_vol,0.0
TMO,126,14,vol_regime_zscore,0.014399
TMO,126,14,vol_chg_21d,0.0
TMO,126,14,event_fed_gravity,0.17509
TMO,126,14,event_earn_gravity,0.0
TMO,126,14,event_div_gravity,0.0
TMO,126,14,event_cpi_gravity,0.112651
TMO,126,14,event_nfp_gravity,0.211989
TMO,126,14,put_call_skew_30d,0.0
TMO,126,14,term_structure_slope,0.0
TMO,126,14,vrp_wedge,0.0
TMO,126,14,iv_atm_z_score,0.075707
TMO,126,14,macro_yield_curve_slope,0.0
TMO,126,14,macro_hy_spread,0.04818
TMO,126,14,macro_hy_spread_chg_5d,0.0
TMO,126,14,macro_breakeven_5y,0.050214
TMO,126,14,macro_inflation_fwd_5y5y,0.0
TMO,126,14,macro_inflation_fwd_chg_21d,0.0
TMO,126,14,macro_inflation_fwd_abs_chg_21d,0.0
TMO,126,14,macro_inflation_fwd_chg_63d,0.026043
TMO,126,14,macro_inflation_fwd_zscore,0.0191
TMO,126,14,macro_dollar_ret,0.0
TMO,126,14,beta_spy,0.022613
TMO,126,14,res_vol,0.036579
TMO,126,14,res_vol_vel,0.0
TMO,126,14,price_regime,0.0
TMO,126,14,corr_sector_21d,0.014306
TMO,126,14,corr_sector_252d,0.050111
TMO,126,14,sector_wedge,0.0
TMO,126,15,rv_5d,0.0
TMO,126,15,rv_10d,0.0
TMO,126,15,rv_21d,0.0
TMO,126,15,rv_63d,0.030222
TMO,126,15,rv_126d,0.036269
TMO,126,15,ewma_vol,0.0
TMO,126,15,garch_cond_vol,0.0
TMO,126,15,ret_TARGET,0.0
TMO,126,15,tech_RSI,0.0
TMO,126,15,tech_MACD_hist,0.0
TMO,126,15,ret_VIXY,0.0
TMO,126,15,mom21_VIXY,0.0
TMO,126,15,ret_HYG,0.0
TMO,126,15,mom21_HYG,0.067726
TMO,126,15,ret_USO,0.0
TMO,126,15,mom21_USO,0.0
TMO,126,15,ret_TLT,0.0
TMO,126,15,mom21_TLT,0.054514
TMO,126,15,ret_UUP,0.0
TMO,126,15,mom21_UUP,0.0
TMO,126,15,ret_SPY,0.0
TMO,126,15,mom21_SPY,0.0
TMO,126,15,vol_vel,0.0
TMO,126,15,vol_of_vol,0.0
TMO,126,15,vol_regime_zscore,0.019253
TMO,126,15,vol_chg_21d,0.0
TMO,126,15,event_fed_gravity,0.211993
TMO,126,15,event_earn_gravity,0.0
TMO,126,15,event_div_gravity,0.0
TMO,126,15,event_cpi_gravity,0.104786
TMO,126,15,event_nfp_gravity,0.132243
TMO,126,15,put_call_skew_30d,0.0
TMO,126,15,term_structure_slope,0.0
TMO,126,15,vrp_wedge,0.0
TMO,126,15,iv_atm_z_score,0.089492
TMO,126,15,macro_yield_curve_slope,0.0
TMO,126,15,macro_hy_spread,0.049735
TMO,126,15,macro_hy_spread_chg_5d,0.0
TMO,126,15,macro_breakeven_5y,0.05461
TMO,126,15,macro_inflation_fwd_5y5y,0.0
TMO,126,15,macro_inflation_fwd_chg_21d,0.0
TMO,126,15,macro_inflation_fwd_abs_chg_21d,0.0
TMO,126,15,macro_inflation_fwd_chg_63d,0.026448
TMO,126,15,macro_inflation_fwd_zscore,0.019341
TMO,126,15,macro_dollar_ret,0.0
TMO,126,15,beta_spy,0.0
TMO,126,15,res_vol,0.038075
TMO,126,15,res_vol_vel,0.0
TMO,126,15,price_regime,0.0
TMO,126,15,corr_sector_21d,0.0
TMO,126,15,corr_sector_252d,0.050979
TMO,126,15,sector_wedge,0.014315
TMO,126,16,rv_5d,0.0
TMO,126,16,rv_10d,0.0
TMO,126,16,rv_21d,0.0
TMO,126,16,rv_63d,0.033216
TMO,126,16,rv_126d,0.02962
TMO,126,16,ewma_vol,0.0
TMO,126,16,garch_cond_vol,0.0
TMO,126,16,ret_TARGET,0.0
TMO,126,16,tech_RSI,0.0
TMO,126,16,tech_MACD_hist,0.0
TMO,126,16,ret_VIXY,0.0
TMO,126,16,mom21_VIXY,0.0
TMO,126,16,ret_HYG,0.0
TMO,126,16,mom21_HYG,0.062819
TMO,126,16,ret_USO,0.0
TMO,126,16,mom21_USO,0.0
TMO,126,16,ret_TLT,0.0
TMO,126,16,mom21_TLT,0.067606
TMO,126,16,ret_UUP,0.0
TMO,126,16,mom21_UUP,0.0
TMO,126,16,ret_SPY,0.0
TMO,126,16,mom21_SPY,0.0
TMO,126,16,vol_vel,0.0
TMO,126,16,vol_of_vol,0.0
TMO,126,16,vol_regime_zscore,0.013874
TMO,126,16,vol_chg_21d,0.0
TMO,126,16,event_fed_gravity,0.152584
TMO,126,16,event_earn_gravity,0.0
TMO,126,16,event_div_gravity,0.0
TMO,126,16,event_cpi_gravity,0.147218
TMO,126,16,event_nfp_gravity,0.131581
TMO,126,16,put_call_skew_30d,0.0
TMO,126,16,term_structure_slope,0.0
TMO,126,16,vrp_wedge,0.014973
TMO,126,16,iv_atm_z_score,0.089108
TMO,126,16,macro_yield_curve_slope,0.0
TMO,126,16,macro_hy_spread,0.042032
TMO,126,16,macro_hy_spread_chg_5d,0.0
TMO,126,16,macro_breakeven_5y,0.048128
TMO,126,16,macro_inflation_fwd_5y5y,0.017487
TMO,126,16,macro_inflation_fwd_chg_21d,0.0
TMO,126,16,macro_inflation_fwd_abs_chg_21d,0.0
TMO,126,16,macro_inflation_fwd_chg_63d,0.024022
TMO,126,16,macro_inflation_fwd_zscore,0.0
TMO,126,16,macro_dollar_ret,0.0
TMO,126,16,beta_spy,0.013534
TMO,126,16,res_vol,0.033932
TMO,126,16,res_vol_vel,0.0
TMO,126,16,price_regime,0.0
TMO,126,16,corr_sector_21d,0.014878
TMO,126,16,corr_sector_252d,0.049692
TMO,126,16,sector_wedge,0.013696
TMO,126,17,rv_5d,0.0
TMO,126,17,rv_10d,0.0
TMO,126,17,rv_21d,0.017376
TMO,126,17,rv_63d,0.030724
TMO,126,17,rv_126d,0.028811
TMO,126,17,ewma_vol,0.0
TMO,126,17,garch_cond_vol,0.0
TMO,126,17,ret_TARGET,0.0
TMO,126,17,tech_RSI,0.0
TMO,126,17,tech_MACD_hist,0.0
TMO,126,17,ret_VIXY,0.0
TMO,126,17,mom21_VIXY,0.0
TMO,126,17,ret_HYG,0.0
TMO,126,17,mom21_HYG,0.065942
TMO,126,17,ret_USO,0.0
TMO,126,17,mom21_USO,0.0
TMO,126,17,ret_TLT,0.0
TMO,126,17,mom21_TLT,0.06424
TMO,126,17,ret_UUP,0.0
TMO,126,17,mom21_UUP,0.0
TMO,126,17,ret_SPY,0.0
TMO,126,17,mom21_SPY,0.0
TMO,126,17,vol_vel,0.0
TMO,126,17,vol_of_vol,0.051029
TMO,126,17,vol_regime_zscore,0.016841
TMO,126,17,vol_chg_21d,0.0
TMO,126,17,event_fed_gravity,0.114377
TMO,126,17,event_earn_gravity,0.0
TMO,126,17,event_div_gravity,0.0
TMO,126,17,event_cpi_gravity,0.182927
TMO,126,17,event_nfp_gravity,0.143635
TMO,126,17,put_call_skew_30d,0.0
TMO,126,17,term_structure_slope,0.0
TMO,126,17,vrp_wedge,0.0
TMO,126,17,iv_atm_z_score,0.10015
TMO,126,17,macro_yield_curve_slope,0.018914
TMO,126,17,macro_hy_spread,0.0
TMO,126,17,macro_hy_spread_chg_5d,0.0
TMO,126,17,macro_breakeven_5y,0.052788
TMO,126,17,macro_inflation_fwd_5y5y,0.0
TMO,126,17,macro_inflation_fwd_chg_21d,0.0
TMO,126,17,macro_inflation_fwd_abs_chg_21d,0.0
TMO,126,17,macro_inflation_fwd_chg_63d,0.029214
TMO,126,17,macro_inflation_fwd_zscore,0.0
TMO,126,17,macro_dollar_ret,0.0
TMO,126,17,beta_spy,0.0
TMO,126,17,res_vol,0.031575
TMO,126,17,res_vol_vel,0.0
TMO,126,17,price_regime,0.0
TMO,126,17,corr_sector_21d,0.0
TMO,126,17,corr_sector_252d,0.051458
TMO,126,17,sector_wedge,0.0
TMO,126,18,rv_5d,0.0
TMO,126,18,rv_10d,0.0
TMO,126,18,rv_21d,0.0
TMO,126,18,rv_63d,0.03616
TMO,126,18,rv_126d,0.038057
TMO,126,18,ewma_vol,0.0
TMO,126,18,garch_cond_vol,0.0
TMO,126,18,ret_TARGET,0.0
TMO,126,18,tech_RSI,0.0
TMO,126,18,tech_MACD_hist,0.0
TMO,126,18,ret_VIXY,0.0
TMO,126,18,mom21_VIXY,0.0
TMO,126,18,ret_HYG,0.0
TMO,126,18,mom21_HYG,0.075479
TMO,126,18,ret_USO,0.0
TMO,126,18,mom21_USO,0.0
TMO,126,18,ret_TLT,0.0
TMO,126,18,mom21_TLT,0.049721
TMO,126,18,ret_UUP,0.0
TMO,126,18,mom21_UUP,0.0
TMO,126,18,ret_SPY,0.0
TMO,126,18,mom21_SPY,0.0
TMO,126,18,vol_vel,0.0
TMO,126,18,vol_of_vol,0.0
TMO,126,18,vol_regime_zscore,0.016943
TMO,126,18,vol_chg_21d,0.0
TMO,126,18,event_fed_gravity,0.167148
TMO,126,18,event_earn_gravity,0.0
TMO,126,18,event_div_gravity,0.0
TMO,126,18,event_cpi_gravity,0.164017
TMO,126,18,event_nfp_gravity,0.165559
TMO,126,18,put_call_skew_30d,0.0
TMO,126,18,term_structure_slope,0.0
TMO,126,18,vrp_wedge,0.0
TMO,126,18,iv_atm_z_score,0.095147
TMO,126,18,macro_yield_curve_slope,0.0
TMO,126,18,macro_hy_spread,0.0
TMO,126,18,macro_hy_spread_chg_5d,0.0
TMO,126,18,macro_breakeven_5y,0.031201
TMO,126,18,macro_inflation_fwd_5y5y,0.0
TMO,126,18,macro_inflation_fwd_chg_21d,0.0
TMO,126,18,macro_inflation_fwd_abs_chg_21d,0.0
TMO,126,18,macro_inflation_fwd_chg_63d,0.037078
TMO,126,18,macro_inflation_fwd_zscore,0.0
TMO,126,18,macro_dollar_ret,0.0
TMO,126,18,beta_spy,0.0
TMO,126,18,res_vol,0.039798
TMO,126,18,res_vol_vel,0.0
TMO,126,18,price_regime,0.0
TMO,126,18,corr_sector_21d,0.0
TMO,126,18,corr_sector_252d,0.066555
TMO,126,18,sector_wedge,0.017136
TMO,126,19,rv_5d,0.0
TMO,126,19,rv_10d,0.0
TMO,126,19,rv_21d,0.021142
TMO,126,19,rv_63d,0.039582
TMO,126,19,rv_126d,0.0441
TMO,126,19,ewma_vol,0.0
TMO,126,19,garch_cond_vol,0.0
TMO,126,19,ret_TARGET,0.0
TMO,126,19,tech_RSI,0.0
TMO,126,19,tech_MACD_hist,0.0
TMO,126,19,ret_VIXY,0.0
TMO,126,19,mom21_VIXY,0.0
TMO,126,19,ret_HYG,0.0
TMO,126,19,mom21_HYG,0.0
TMO,126,19,ret_USO,0.0
TMO,126,19,mom21_USO,0.0
TMO,126,19,ret_TLT,0.0
TMO,126,19,mom21_TLT,0.083656
TMO,126,19,ret_UUP,0.0
TMO,126,19,mom21_UUP,0.0
TMO,126,19,ret_SPY,0.0
TMO,126,19,mom21_SPY,0.0
TMO,126,19,vol_vel,0.0
TMO,126,19,vol_of_vol,0.057713
TMO,126,19,vol_regime_zscore,0.019194
TMO,126,19,vol_chg_21d,0.0
TMO,126,19,event_fed_gravity,0.17692
TMO,126,19,event_earn_gravity,0.0
TMO,126,19,event_div_gravity,0.0
TMO,126,19,event_cpi_gravity,0.196245
TMO,126,19,event_nfp_gravity,0.144407
TMO,126,19,put_call_skew_30d,0.0
TMO,126,19,term_structure_slope,0.0
TMO,126,19,vrp_wedge,0.0
TMO,126,19,iv_atm_z_score,0.067103
TMO,126,19,macro_yield_curve_slope,0.0
TMO,126,19,macro_hy_spread,0.0
TMO,126,19,macro_hy_spread_chg_5d,0.0
TMO,126,19,macro_breakeven_5y,0.0
TMO,126,19,macro_inflation_fwd_5y5y,0.0
TMO,126,19,macro_inflation_fwd_chg_21d,0.0
TMO,126,19,macro_inflation_fwd_abs_chg_21d,0.0
TMO,126,19,macro_inflation_fwd_chg_63d,0.021087
TMO,126,19,macro_inflation_fwd_zscore,0.0
TMO,126,19,macro_dollar_ret,0.0
TMO,126,19,beta_spy,0.01842
TMO,126,19,res_vol,0.046599
TMO,126,19,res_vol_vel,0.0
TMO,126,19,price_regime,0.0
TMO,126,19,corr_sector_21d,0.0
TMO,126,19,corr_sector_252d,0.063831
TMO,126,19,sector_wedge,0.0
TMO,126,20,rv_5d,0.0
TMO,126,20,rv_10d,0.0
TMO,126,20,rv_21d,0.014845
TMO,126,20,rv_63d,0.039925
TMO,126,20,rv_126d,0.033433
TMO,126,20,ewma_vol,0.0
TMO,126,20,garch_cond_vol,0.0
TMO,126,20,ret_TARGET,0.0
TMO,126,20,tech_RSI,0.0
TMO,126,20,tech_MACD_hist,0.0
TMO,126,20,ret_VIXY,0.0
TMO,126,20,mom21_VIXY,0.0
TMO,126,20,ret_HYG,0.0
TMO,126,20,mom21_HYG,0.0
TMO,126,20,ret_USO,0.0
TMO,126,20,mom21_USO,0.0
TMO,126,20,ret_TLT,0.0
TMO,126,20,mom21_TLT,0.070207
TMO,126,20,ret_UUP,0.0
TMO,126,20,mom21_UUP,0.0
TMO,126,20,ret_SPY,0.0
TMO,126,20,mom21_SPY,0.0
TMO,126,20,vol_vel,0.0
TMO,126,20,vol_of_vol,0.046652
TMO,126,20,vol_regime_zscore,0.014149
TMO,126,20,vol_chg_21d,0.0
TMO,126,20,event_fed_gravity,0.130842
TMO,126,20,event_earn_gravity,0.0
TMO,126,20,event_div_gravity,0.0
TMO,126,20,event_cpi_gravity,0.174604
TMO,126,20,event_nfp_gravity,0.139721
TMO,126,20,put_call_skew_30d,0.0
TMO,126,20,term_structure_slope,0.0
TMO,126,20,vrp_wedge,0.019604
TMO,126,20,iv_atm_z_score,0.066225
TMO,126,20,macro_yield_curve_slope,0.0
TMO,126,20,macro_hy_spread,0.0
TMO,126,20,macro_hy_spread_chg_5d,0.0
TMO,126,20,macro_breakeven_5y,0.051677
TMO,126,20,macro_inflation_fwd_5y5y,0.016608
TMO,126,20,macro_inflation_fwd_chg_21d,0.0
TMO,126,20,macro_inflation_fwd_abs_chg_21d,0.0
TMO,126,20,macro_inflation_fwd_chg_63d,0.018495
TMO,126,20,macro_inflation_fwd_zscore,0.0
TMO,126,20,macro_dollar_ret,0.0
TMO,126,20,beta_spy,0.025835
TMO,126,20,res_vol,0.05311
TMO,126,20,res_vol_vel,0.0
TMO,126,20,price_regime,0.027041
TMO,126,20,corr_sector_21d,0.0
TMO,126,20,corr_sector_252d,0.057026
TMO,126,20,sector_wedge,0.0
TMO,126,21,rv_5d,0.0
TMO,126,21,rv_10d,0.0
TMO,126,21,rv_21d,0.014825
TMO,126,21,rv_63d,0.045239
TMO,126,21,rv_126d,0.0387
TMO,126,21,ewma_vol,0.0
TMO,126,21,garch_cond_vol,0.0
TMO,126,21,ret_TARGET,0.0
TMO,126,21,tech_RSI,0.0
TMO,126,21,tech_MACD_hist,0.0
TMO,126,21,ret_VIXY,0.0
TMO,126,21,mom21_VIXY,0.0
TMO,126,21,ret_HYG,0.0
TMO,126,21,mom21_HYG,0.0
TMO,126,21,ret_USO,0.0
TMO,126,21,mom21_USO,0.035425
TMO,126,21,ret_TLT,0.0
TMO,126,21,mom21_TLT,0.075636
TMO,126,21,ret_UUP,0.0
TMO,126,21,mom21_UUP,0.0
TMO,126,21,ret_SPY,0.0
TMO,126,21,mom21_SPY,0.0
TMO,126,21,vol_vel,0.0
TMO,126,21,vol_of_vol,0.0
TMO,126,21,vol_regime_zscore,0.014304
TMO,126,21,vol_chg_21d,0.0
TMO,126,21,event_fed_gravity,0.160391
TMO,126,21,event_earn_gravity,0.0
TMO,126,21,event_div_gravity,0.0
TMO,126,21,event_cpi_gravity,0.160851
TMO,126,21,event_nfp_gravity,0.150638
TMO,126,21,put_call_skew_30d,0.0
TMO,126,21,term_structure_slope,0.0
TMO,126,21,vrp_wedge,0.0
TMO,126,21,iv_atm_z_score,0.063022
TMO,126,21,macro_yield_curve_slope,0.0
TMO,126,21,macro_hy_spread,0.025467
TMO,126,21,macro_hy_spread_chg_5d,0.0
TMO,126,21,macro_breakeven_5y,0.029152
TMO,126,21,macro_inflation_fwd_5y5y,0.0204
TMO,126,21,macro_inflation_fwd_chg_21d,0.0
TMO,126,21,macro_inflation_fwd_abs_chg_21d,0.0
TMO,126,21,macro_inflation_fwd_chg_63d,0.017452
TMO,126,21,macro_inflation_fwd_zscore,0.0
TMO,126,21,macro_dollar_ret,0.0
TMO,126,21,beta_spy,0.0
TMO,126,21,res_vol,0.056487
TMO,126,21,res_vol_vel,0.0
TMO,126,21,price_regime,0.034367
TMO,126,21,corr_sector_21d,0.0
TMO,126,21,corr_sector_252d,0.057643
TMO,126,21,sector_wedge,0.0
TMO,126,22,rv_5d,0.0
TMO,126,22,rv_10d,0.0
TMO,126,22,rv_21d,0.0
TMO,126,22,rv_63d,0.036108
TMO,126,22,rv_126d,0.033762
TMO,126,22,ewma_vol,0.0
TMO,126,22,garch_cond_vol,0.0
TMO,126,22,ret_TARGET,0.0
TMO,126,22,tech_RSI,0.0
TMO,126,22,tech_MACD_hist,0.0
TMO,126,22,ret_VIXY,0.0
TMO,126,22,mom21_VIXY,0.0
TMO,126,22,ret_HYG,0.0
TMO,126,22,mom21_HYG,0.0
TMO,126,22,ret_USO,0.0
TMO,126,22,mom21_USO,0.0
TMO,126,22,ret_TLT,0.0
TMO,126,22,mom21_TLT,0.025301
TMO,126,22,ret_UUP,0.0
TMO,126,22,mom21_UUP,0.0
TMO,126,22,ret_SPY,0.0
TMO,126,22,mom21_SPY,0.0
TMO,126,22,vol_vel,0.0
TMO,126,22,vol_of_vol,0.0455
TMO,126,22,vol_regime_zscore,0.014207
TMO,126,22,vol_chg_21d,0.0
TMO,126,22,event_fed_gravity,0.129796
TMO,126,22,event_earn_gravity,0.0
TMO,126,22,event_div_gravity,0.0
TMO,126,22,event_cpi_gravity,0.137206
TMO,126,22,event_nfp_gravity,0.194042
TMO,126,22,put_call_skew_30d,0.0
TMO,126,22,term_structure_slope,0.0
TMO,126,22,vrp_wedge,0.0
TMO,126,22,iv_atm_z_score,0.06582
TMO,126,22,macro_yield_curve_slope,0.0
TMO,126,22,macro_hy_spread,0.041708
TMO,126,22,macro_hy_spread_chg_5d,0.0
TMO,126,22,macro_breakeven_5y,0.036716
TMO,126,22,macro_inflation_fwd_5y5y,0.024885
TMO,126,22,macro_inflation_fwd_chg_21d,0.0
TMO,126,22,macro_inflation_fwd_abs_chg_21d,0.0
TMO,126,22,macro_inflation_fwd_chg_63d,0.02508
TMO,126,22,macro_inflation_fwd_zscore,0.0
TMO,126,22,macro_dollar_ret,0.0
TMO,126,22,beta_spy,0.014395
TMO,126,22,res_vol,0.055269
TMO,126,22,res_vol_vel,0.0
TMO,126,22,price_regime,0.044081
TMO,126,22,corr_sector_21d,0.016398
TMO,126,22,corr_sector_252d,0.059727
TMO,126,22,sector_wedge,0.0
TMO,126,23,rv_5d,0.0
TMO,126,23,rv_10d,0.0
TMO,126,23,rv_21d,0.014994
TMO,126,23,rv_63d,0.036184
TMO,126,23,rv_126d,0.035249
TMO,126,23,ewma_vol,0.0
TMO,126,23,garch_cond_vol,0.0
TMO,126,23,ret_TARGET,0.0
TMO,126,23,tech_RSI,0.0
TMO,126,23,tech_MACD_hist,0.0
TMO,126,23,ret_VIXY,0.0
TMO,126,23,mom21_VIXY,0.0
TMO,126,23,ret_HYG,0.0
TMO,126,23,mom21_HYG,0.0
TMO,126,23,ret_USO,0.0
TMO,126,23,mom21_USO,0.0
TMO,126,23,ret_TLT,0.0
TMO,126,23,mom21_TLT,0.016789
TMO,126,23,ret_UUP,0.0
TMO,126,23,mom21_UUP,0.0
TMO,126,23,ret_SPY,0.0
TMO,126,23,mom21_SPY,0.0
TMO,126,23,vol_vel,0.0
TMO,126,23,vol_of_vol,0.0
TMO,126,23,vol_regime_zscore,0.013077
TMO,126,23,vol_chg_21d,0.0
TMO,126,23,event_fed_gravity,0.167995
TMO,126,23,event_earn_gravity,0.0
TMO,126,23,event_div_gravity,0.0
TMO,126,23,event_cpi_gravity,0.119882
TMO,126,23,event_nfp_gravity,0.146358
TMO,126,23,put_call_skew_30d,0.0
TMO,126,23,term_structure_slope,0.0
TMO,126,23,vrp_wedge,0.0
TMO,126,23,iv_atm_z_score,0.067412
TMO,126,23,macro_yield_curve_slope,0.030542
TMO,126,23,macro_hy_spread,0.028535
TMO,126,23,macro_hy_spread_chg_5d,0.0
TMO,126,23,macro_breakeven_5y,0.039362
TMO,126,23,macro_inflation_fwd_5y5y,0.029296
TMO,126,23,macro_inflation_fwd_chg_21d,0.0
TMO,126,23,macro_inflation_fwd_abs_chg_21d,0.0
TMO,126,23,macro_inflation_fwd_chg_63d,0.026135
TMO,126,23,macro_inflation_fwd_zscore,0.013546
TMO,126,23,macro_dollar_ret,0.0
TMO,126,23,beta_spy,0.044308
TMO,126,23,res_vol,0.056938
TMO,126,23,res_vol_vel,0.0
TMO,126,23,price_regime,0.053564
TMO,126,23,corr_sector_21d,0.0
TMO,126,23,corr_sector_252d,0.059835
TMO,126,23,sector_wedge,0.0
TMO,126,24,rv_5d,0.0
TMO,126,24,rv_10d,0.0
TMO,126,24,rv_21d,0.0
TMO,126,24,rv_63d,0.030511
TMO,126,24,rv_126d,0.028709
TMO,126,24,ewma_vol,0.0
TMO,126,24,garch_cond_vol,0.0
TMO,126,24,ret_TARGET,0.0
TMO,126,24,tech_RSI,0.0
TMO,126,24,tech_MACD_hist,0.0
TMO,126,24,ret_VIXY,0.0
TMO,126,24,mom21_VIXY,0.0
TMO,126,24,ret_HYG,0.0
TMO,126,24,mom21_HYG,0.0
TMO,126,24,ret_USO,0.0
TMO,126,24,mom21_USO,0.0
TMO,126,24,ret_TLT,0.0
TMO,126,24,mom21_TLT,0.084856
TMO,126,24,ret_UUP,0.0
TMO,126,24,mom21_UUP,0.0
TMO,126,24,ret_SPY,0.0
TMO,126,24,mom21_SPY,0.0
TMO,126,24,vol_vel,0.0
TMO,126,24,vol_of_vol,0.041835
TMO,126,24,vol_regime_zscore,0.0
TMO,126,24,vol_chg_21d,0.0
TMO,126,24,event_fed_gravity,0.154182
TMO,126,24,event_earn_gravity,0.0
TMO,126,24,event_div_gravity,0.0
TMO,126,24,event_cpi_gravity,0.119564
TMO,126,24,event_nfp_gravity,0.124785
TMO,126,24,put_call_skew_30d,0.0
TMO,126,24,term_structure_slope,0.0
TMO,126,24,vrp_wedge,0.0
TMO,126,24,iv_atm_z_score,0.057856
TMO,126,24,macro_yield_curve_slope,0.039512
TMO,126,24,macro_hy_spread,0.032692
TMO,126,24,macro_hy_spread_chg_5d,0.0
TMO,126,24,macro_breakeven_5y,0.041708
TMO,126,24,macro_inflation_fwd_5y5y,0.026204
TMO,126,24,macro_inflation_fwd_chg_21d,0.0
TMO,126,24,macro_inflation_fwd_abs_chg_21d,0.0
TMO,126,24,macro_inflation_fwd_chg_63d,0.017774
TMO,126,24,macro_inflation_fwd_zscore,0.013558
TMO,126,24,macro_dollar_ret,0.0
TMO,126,24,beta_spy,0.027133
TMO,126,24,res_vol,0.055095
TMO,126,24,res_vol_vel,0.0
TMO,126,24,price_regime,0.052631
TMO,126,24,corr_sector_21d,0.0
TMO,126,24,corr_sector_252d,0.051397
TMO,126,24,sector_wedge,0.0
TMO,126,25,rv_5d,0.0
TMO,126,25,rv_10d,0.0
TMO,126,25,rv_21d,0.015989
TMO,126,25,rv_63d,0.031282
TMO,126,25,rv_126d,0.03719
TMO,126,25,ewma_vol,0.0
TMO,126,25,garch_cond_vol,0.0
TMO,126,25,ret_TARGET,0.0
TMO,126,25,tech_RSI,0.0
TMO,126,25,tech_MACD_hist,0.0
TMO,126,25,ret_VIXY,0.0
TMO,126,25,mom21_VIXY,0.0
TMO,126,25,ret_HYG,0.0
TMO,126,25,mom21_HYG,0.0
TMO,126,25,ret_USO,0.0
TMO,126,25,mom21_USO,0.0
TMO,126,25,ret_TLT,0.0
TMO,126,25,mom21_TLT,0.03229
TMO,126,25,ret_UUP,0.0
TMO,126,25,mom21_UUP,0.0
TMO,126,25,ret_SPY,0.0
TMO,126,25,mom21_SPY,0.0
TMO,126,25,vol_vel,0.0
TMO,126,25,vol_of_vol,0.0
TMO,126,25,vol_regime_zscore,0.0
TMO,126,25,vol_chg_21d,0.0
TMO,126,25,event_fed_gravity,0.119748
TMO,126,25,event_earn_gravity,0.0
TMO,126,25,event_div_gravity,0.0
TMO,126,25,event_cpi_gravity,0.188654
TMO,126,25,event_nfp_gravity,0.105709
TMO,126,25,put_call_skew_30d,0.0
TMO,126,25,term_structure_slope,0.0
TMO,126,25,vrp_wedge,0.0
TMO,126,25,iv_atm_z_score,0.052937
TMO,126,25,macro_yield_curve_slope,0.04414
TMO,126,25,macro_hy_spread,0.038987
TMO,126,25,macro_hy_spread_chg_5d,0.0
TMO,126,25,macro_breakeven_5y,0.040171
TMO,126,25,macro_inflation_fwd_5y5y,0.026406
TMO,126,25,macro_inflation_fwd_chg_21d,0.0
TMO,126,25,macro_inflation_fwd_abs_chg_21d,0.0
TMO,126,25,macro_inflation_fwd_chg_63d,0.025937
TMO,126,25,macro_inflation_fwd_zscore,0.034745
TMO,126,25,macro_dollar_ret,0.0
TMO,126,25,beta_spy,0.03804
TMO,126,25,res_vol,0.048214
TMO,126,25,res_vol_vel,0.0
TMO,126,25,price_regime,0.059273
TMO,126,25,corr_sector_21d,0.0
TMO,126,25,corr_sector_252d,0.060288
TMO,126,25,sector_wedge,0.0
TMO,126,26,rv_5d,0.0
TMO,126,26,rv_10d,0.0
TMO,126,26,rv_21d,0.014998
TMO,126,26,rv_63d,0.026127
TMO,126,26,rv_126d,0.030344
TMO,126,26,ewma_vol,0.0
TMO,126,26,garch_cond_vol,0.0
TMO,126,26,ret_TARGET,0.0
TMO,126,26,tech_RSI,0.0
TMO,126,26,tech_MACD_hist,0.0
TMO,126,26,ret_VIXY,0.0
TMO,126,26,mom21_VIXY,0.0
TMO,126,26,ret_HYG,0.0
TMO,126,26,mom21_HYG,0.0
TMO,126,26,ret_USO,0.0
TMO,126,26,mom21_USO,0.0
TMO,126,26,ret_TLT,0.0
TMO,126,26,mom21_TLT,0.081051
TMO,126,26,ret_UUP,0.0
TMO,126,26,mom21_UUP,0.0
TMO,126,26,ret_SPY,0.0
TMO,126,26,mom21_SPY,0.0
TMO,126,26,vol_vel,0.0
TMO,126,26,vol_of_vol,0.0
TMO,126,26,vol_regime_zscore,0.0
TMO,126,26,vol_chg_21d,0.0
TMO,126,26,event_fed_gravity,0.119492
TMO,126,26,event_earn_gravity,0.0
TMO,126,26,event_div_gravity,0.0
TMO,126,26,event_cpi_gravity,0.119937
TMO,126,26,event_nfp_gravity,0.164606
TMO,126,26,put_call_skew_30d,0.0
TMO,126,26,term_structure_slope,0.0
TMO,126,26,vrp_wedge,0.0
TMO,126,26,iv_atm_z_score,0.057996
TMO,126,26,macro_yield_curve_slope,0.03996
TMO,126,26,macro_hy_spread,0.034313
TMO,126,26,macro_hy_spread_chg_5d,0.0
TMO,126,26,macro_breakeven_5y,0.036248
TMO,126,26,macro_inflation_fwd_5y5y,0.027144
TMO,126,26,macro_inflation_fwd_chg_21d,0.0
TMO,126,26,macro_inflation_fwd_abs_chg_21d,0.0
TMO,126,26,macro_inflation_fwd_chg_63d,0.023132
TMO,126,26,macro_inflation_fwd_zscore,0.038587
TMO,126,26,macro_dollar_ret,0.0
TMO,126,26,beta_spy,0.042706
TMO,126,26,res_vol,0.043603
TMO,126,26,res_vol_vel,0.0
TMO,126,26,price_regime,0.044641
TMO,126,26,corr_sector_21d,0.0
TMO,126,26,corr_sector_252d,0.055116
TMO,126,26,sector_wedge,0.0
TMO,126,27,rv_5d,0.0
TMO,126,27,rv_10d,0.0
TMO,126,27,rv_21d,0.014125
TMO,126,27,rv_63d,0.029785
TMO,126,27,rv_126d,0.025731
TMO,126,27,ewma_vol,0.0
TMO,126,27,garch_cond_vol,0.0
TMO,126,27,ret_TARGET,0.0
TMO,126,27,tech_RSI,0.0
TMO,126,27,tech_MACD_hist,0.0
TMO,126,27,ret_VIXY,0.0
TMO,126,27,mom21_VIXY,0.0
TMO,126,27,ret_HYG,0.0
TMO,126,27,mom21_HYG,0.0
TMO,126,27,ret_USO,0.0
TMO,126,27,mom21_USO,0.0
TMO,126,27,ret_TLT,0.0
TMO,126,27,mom21_TLT,0.136584
TMO,126,27,ret_UUP,0.0
TMO,126,27,mom21_UUP,0.0
TMO,126,27,ret_SPY,0.0
TMO,126,27,mom21_SPY,0.0
TMO,126,27,vol_vel,0.0
TMO,126,27,vol_of_vol,0.039095
TMO,126,27,vol_regime_zscore,0.0
TMO,126,27,vol_chg_21d,0.0
TMO,126,27,event_fed_gravity,0.134171
TMO,126,27,event_earn_gravity,0.0
TMO,126,27,event_div_gravity,0.0
TMO,126,27,event_cpi_gravity,0.100529
TMO,126,27,event_nfp_gravity,0.154796
TMO,126,27,put_call_skew_30d,0.0
TMO,126,27,term_structure_slope,0.0
TMO,126,27,vrp_wedge,0.0
TMO,126,27,iv_atm_z_score,0.059227
TMO,126,27,macro_yield_curve_slope,0.035165
TMO,126,27,macro_hy_spread,0.031948
TMO,126,27,macro_hy_spread_chg_5d,0.0
TMO,126,27,macro_breakeven_5y,0.022125
TMO,126,27,macro_inflation_fwd_5y5y,0.027444
TMO,126,27,macro_inflation_fwd_chg_21d,0.0
TMO,126,27,macro_inflation_fwd_abs_chg_21d,0.0
TMO,126,27,macro_inflation_fwd_chg_63d,0.022105
TMO,126,27,macro_inflation_fwd_zscore,0.024864
TMO,126,27,macro_dollar_ret,0.0
TMO,126,27,beta_spy,0.019322
TMO,126,27,res_vol,0.043275
TMO,126,27,res_vol_vel,0.0
TMO,126,27,price_regime,0.028637
TMO,126,27,corr_sector_21d,0.0
TMO,126,27,corr_sector_252d,0.051074
TMO,126,27,sector_wedge,0.0
TMO,126,28,rv_5d,0.0
TMO,126,28,rv_10d,0.0
TMO,126,28,rv_21d,0.016854
TMO,126,28,rv_63d,0.036878
TMO,126,28,rv_126d,0.030134
TMO,126,28,ewma_vol,0.0
TMO,126,28,garch_cond_vol,0.0
TMO,126,28,ret_TARGET,0.0
TMO,126,28,tech_RSI,0.0
TMO,126,28,tech_MACD_hist,0.0
TMO,126,28,ret_VIXY,0.0
TMO,126,28,mom21_VIXY,0.0
TMO,126,28,ret_HYG,0.0
TMO,126,28,mom21_HYG,0.018776
TMO,126,28,ret_USO,0.0
TMO,126,28,mom21_USO,0.0
TMO,126,28,ret_TLT,0.0
TMO,126,28,mom21_TLT,0.02364
TMO,126,28,ret_UUP,0.0
TMO,126,28,mom21_UUP,0.0
TMO,126,28,ret_SPY,0.0
TMO,126,28,mom21_SPY,0.0
TMO,126,28,vol_vel,0.0
TMO,126,28,vol_of_vol,0.042779
TMO,126,28,vol_regime_zscore,0.0
TMO,126,28,vol_chg_21d,0.0
TMO,126,28,event_fed_gravity,0.116529
TMO,126,28,event_earn_gravity,0.0
TMO,126,28,event_div_gravity,0.0
TMO,126,28,event_cpi_gravity,0.163004
TMO,126,28,event_nfp_gravity,0.163911
TMO,126,28,put_call_skew_30d,0.0
TMO,126,28,term_structure_slope,0.0
TMO,126,28,vrp_wedge,0.0
TMO,126,28,iv_atm_z_score,0.053943
TMO,126,28,macro_yield_curve_slope,0.044132
TMO,126,28,macro_hy_spread,0.032886
TMO,126,28,macro_hy_spread_chg_5d,0.0
TMO,126,28,macro_breakeven_5y,0.034788
TMO,126,28,macro_inflation_fwd_5y5y,0.030444
TMO,126,28,macro_inflation_fwd_chg_21d,0.0
TMO,126,28,macro_inflation_fwd_abs_chg_21d,0.0
TMO,126,28,macro_inflation_fwd_chg_63d,0.020539
TMO,126,28,macro_inflation_fwd_zscore,0.0
TMO,126,28,macro_dollar_ret,0.0
TMO,126,28,beta_spy,0.019501
TMO,126,28,res_vol,0.052592
TMO,126,28,res_vol_vel,0.0
TMO,126,28,price_regime,0.039011
TMO,126,28,corr_sector_21d,0.0
TMO,126,28,corr_sector_252d,0.059657
TMO,126,28,sector_wedge,0.0
TMO,126,29,rv_5d,0.0
TMO,126,29,rv_10d,0.0
TMO,126,29,rv_21d,0.013444
TMO,126,29,rv_63d,0.032203
TMO,126,29,rv_126d,0.029738
TMO,126,29,ewma_vol,0.0
TMO,126,29,garch_cond_vol,0.0
TMO,126,29,ret_TARGET,0.0
TMO,126,29,tech_RSI,0.0
TMO,126,29,tech_MACD_hist,0.0
TMO,126,29,ret_VIXY,0.0
TMO,126,29,mom21_VIXY,0.0
TMO,126,29,ret_HYG,0.0
TMO,126,29,mom21_HYG,0.035995
TMO,126,29,ret_USO,0.0
TMO,126,29,mom21_USO,0.0
TMO,126,29,ret_TLT,0.0
TMO,126,29,mom21_TLT,0.0
TMO,126,29,ret_UUP,0.0
TMO,126,29,mom21_UUP,0.0
TMO,126,29,ret_SPY,0.0
TMO,126,29,mom21_SPY,0.0
TMO,126,29,vol_vel,0.0
TMO,126,29,vol_of_vol,0.041366
TMO,126,29,vol_regime_zscore,0.0
TMO,126,29,vol_chg_21d,0.0
TMO,126,29,event_fed_gravity,0.069772
TMO,126,29,event_earn_gravity,0.0
TMO,126,29,event_div_gravity,0.0
TMO,126,29,event_cpi_gravity,0.168955
TMO,126,29,event_nfp_gravity,0.202897
TMO,126,29,put_call_skew_30d,0.0
TMO,126,29,term_structure_slope,0.0
TMO,126,29,vrp_wedge,0.0
TMO,126,29,iv_atm_z_score,0.05644
TMO,126,29,macro_yield_curve_slope,0.035958
TMO,126,29,macro_hy_spread,0.024001
TMO,126,29,macro_hy_spread_chg_5d,0.0
TMO,126,29,macro_breakeven_5y,0.02708
TMO,126,29,macro_inflation_fwd_5y5y,0.035651
TMO,126,29,macro_inflation_fwd_chg_21d,0.0
TMO,126,29,macro_inflation_fwd_abs_chg_21d,0.0
TMO,126,29,macro_inflation_fwd_chg_63d,0.016272
TMO,126,29,macro_inflation_fwd_zscore,0.012064
TMO,126,29,macro_dollar_ret,0.0
TMO,126,29,beta_spy,0.019445
TMO,126,29,res_vol,0.062545
TMO,126,29,res_vol_vel,0.0
TMO,126,29,price_regime,0.048643
TMO,126,29,corr_sector_21d,0.015225
TMO,126,29,corr_sector_252d,0.052306
TMO,126,29,sector_wedge,0.0
TMO,126,30,rv_5d,0.0
TMO,126,30,rv_10d,0.0
TMO,126,30,rv_21d,0.011471
TMO,126,30,rv_63d,0.030706
TMO,126,30,rv_126d,0.022665
TMO,126,30,ewma_vol,0.010899
TMO,126,30,garch_cond_vol,0.0
TMO,126,30,ret_TARGET,0.0
TMO,126,30,tech_RSI,0.0
TMO,126,30,tech_MACD_hist,0.0
TMO,126,30,ret_VIXY,0.0
TMO,126,30,mom21_VIXY,0.0
TMO,126,30,ret_HYG,0.0
TMO,126,30,mom21_HYG,0.031542
TMO,126,30,ret_USO,0.0
TMO,126,30,mom21_USO,0.012929
TMO,126,30,ret_TLT,0.0
TMO,126,30,mom21_TLT,0.088038
TMO,126,30,ret_UUP,0.0
TMO,126,30,mom21_UUP,0.0
TMO,126,30,ret_SPY,0.0
TMO,126,30,mom21_SPY,0.0
TMO,126,30,vol_vel,0.0
TMO,126,30,vol_of_vol,0.025223
TMO,126,30,vol_regime_zscore,0.0
TMO,126,30,vol_chg_21d,0.0
TMO,126,30,event_fed_gravity,0.151512
TMO,126,30,event_earn_gravity,0.0
TMO,126,30,event_div_gravity,0.0
TMO,126,30,event_cpi_gravity,0.135953
TMO,126,30,event_nfp_gravity,0.120012
TMO,126,30,put_call_skew_30d,0.0
TMO,126,30,term_structure_slope,0.0
TMO,126,30,vrp_wedge,0.0
TMO,126,30,iv_atm_z_score,0.053954
TMO,126,30,macro_yield_curve_slope,0.038095
TMO,126,30,macro_hy_spread,0.02077
TMO,126,30,macro_hy_spread_chg_5d,0.0
TMO,126,30,macro_breakeven_5y,0.028899
TMO,126,30,macro_inflation_fwd_5y5y,0.025031
TMO,126,30,macro_inflation_fwd_chg_21d,0.0
TMO,126,30,macro_inflation_fwd_abs_chg_21d,0.0
TMO,126,30,macro_inflation_fwd_chg_63d,0.012512
TMO,126,30,macro_inflation_fwd_zscore,0.0
TMO,126,30,macro_dollar_ret,0.0
TMO,126,30,beta_spy,0.016425
TMO,126,30,res_vol,0.056204
TMO,126,30,res_vol_vel,0.0
TMO,126,30,price_regime,0.039345
TMO,126,30,corr_sector_21d,0.01903
TMO,126,30,corr_sector_252d,0.048784
TMO,126,30,sector_wedge,0.0
TMO,126,31,rv_5d,0.0
TMO,126,31,rv_10d,0.0
TMO,126,31,rv_21d,0.014074
TMO,126,31,rv_63d,0.03547
TMO,126,31,rv_126d,0.02762
TMO,126,31,ewma_vol,0.016315
TMO,126,31,garch_cond_vol,0.0
TMO,126,31,ret_TARGET,0.0
TMO,126,31,tech_RSI,0.0
TMO,126,31,tech_MACD_hist,0.0
TMO,126,31,ret_VIXY,0.0
TMO,126,31,mom21_VIXY,0.0
TMO,126,31,ret_HYG,0.0
TMO,126,31,mom21_HYG,0.030897
TMO,126,31,ret_USO,0.0
TMO,126,31,mom21_USO,0.016023
TMO,126,31,ret_TLT,0.0
TMO,126,31,mom21_TLT,0.0
TMO,126,31,ret_UUP,0.0
TMO,126,31,mom21_UUP,0.0
TMO,126,31,ret_SPY,0.0
TMO,126,31,mom21_SPY,0.0
TMO,126,31,vol_vel,0.0
TMO,126,31,vol_of_vol,0.027108
TMO,126,31,vol_regime_zscore,0.0
TMO,126,31,vol_chg_21d,0.0
TMO,126,31,event_fed_gravity,0.117796
TMO,126,31,event_earn_gravity,0.0
TMO,126,31,event_div_gravity,0.0
TMO,126,31,event_cpi_gravity,0.138151
TMO,126,31,event_nfp_gravity,0.17091
TMO,126,31,put_call_skew_30d,0.0
TMO,126,31,term_structure_slope,0.0
TMO,126,31,vrp_wedge,0.0
TMO,126,31,iv_atm_z_score,0.057714
TMO,126,31,macro_yield_curve_slope,0.047911
TMO,126,31,macro_hy_spread,0.027627
TMO,126,31,macro_hy_spread_chg_5d,0.0
TMO,126,31,macro_breakeven_5y,0.039466
TMO,126,31,macro_inflation_fwd_5y5y,0.019359
TMO,126,31,macro_inflation_fwd_chg_21d,0.0
TMO,126,31,macro_inflation_fwd_abs_chg_21d,0.0
TMO,126,31,macro_inflation_fwd_chg_63d,0.013637
TMO,126,31,macro_inflation_fwd_zscore,0.0
TMO,126,31,macro_dollar_ret,0.0
TMO,126,31,beta_spy,0.016556
TMO,126,31,res_vol,0.059465
TMO,126,31,res_vol_vel,0.0
TMO,126,31,price_regime,0.050826
TMO,126,31,corr_sector_21d,0.019871
TMO,126,31,corr_sector_252d,0.053204
TMO,126,31,sector_wedge,0.0
TMO,126,32,rv_5d,0.0
TMO,126,32,rv_10d,0.0
TMO,126,32,rv_21d,0.011662
TMO,126,32,rv_63d,0.037478
TMO,126,32,rv_126d,0.029766
TMO,126,32,ewma_vol,0.0
TMO,126,32,garch_cond_vol,0.0
TMO,126,32,ret_TARGET,0.0
TMO,126,32,tech_RSI,0.0
TMO,126,32,tech_MACD_hist,0.0
TMO,126,32,ret_VIXY,0.0
TMO,126,32,mom21_VIXY,0.0
TMO,126,32,ret_HYG,0.0
TMO,126,32,mom21_HYG,0.028206
TMO,126,32,ret_USO,0.0
TMO,126,32,mom21_USO,0.0
TMO,126,32,ret_TLT,0.0
TMO,126,32,mom21_TLT,0.072156
TMO,126,32,ret_UUP,0.0
TMO,126,32,mom21_UUP,0.0
TMO,126,32,ret_SPY,0.0
TMO,126,32,mom21_SPY,0.0
TMO,126,32,vol_vel,0.0
TMO,126,32,vol_of_vol,0.0
TMO,126,32,vol_regime_zscore,0.0
TMO,126,32,vol_chg_21d,0.0
TMO,126,32,event_fed_gravity,0.10503
TMO,126,32,event_earn_gravity,0.0
TMO,126,32,event_div_gravity,0.0
TMO,126,32,event_cpi_gravity,0.108637
TMO,126,32,event_nfp_gravity,0.208551
TMO,126,32,put_call_skew_30d,0.0
TMO,126,32,term_structure_slope,0.0
TMO,126,32,vrp_wedge,0.0
TMO,126,32,iv_atm_z_score,0.04632
TMO,126,32,macro_yield_curve_slope,0.045326
TMO,126,32,macro_hy_spread,0.030977
TMO,126,32,macro_hy_spread_chg_5d,0.0
TMO,126,32,macro_breakeven_5y,0.035766
TMO,126,32,macro_inflation_fwd_5y5y,0.019637
TMO,126,32,macro_inflation_fwd_chg_21d,0.0
TMO,126,32,macro_inflation_fwd_abs_chg_21d,0.0
TMO,126,32,macro_inflation_fwd_chg_63d,0.014682
TMO,126,32,macro_inflation_fwd_zscore,0.015532
TMO,126,32,macro_dollar_ret,0.0
TMO,126,32,beta_spy,0.016502
TMO,126,32,res_vol,0.047832
TMO,126,32,res_vol_vel,0.0
TMO,126,32,price_regime,0.071085
TMO,126,32,corr_sector_21d,0.0
TMO,126,32,corr_sector_252d,0.041215
TMO,126,32,sector_wedge,0.013642
TMO,126,33,rv_5d,0.0
TMO,126,33,rv_10d,0.0
TMO,126,33,rv_21d,0.013942
TMO,126,33,rv_63d,0.032841
TMO,126,33,rv_126d,0.032918
TMO,126,33,ewma_vol,0.0
TMO,126,33,garch_cond_vol,0.0
TMO,126,33,ret_TARGET,0.0
TMO,126,33,tech_RSI,0.0
TMO,126,33,tech_MACD_hist,0.0
TMO,126,33,ret_VIXY,0.0
TMO,126,33,mom21_VIXY,0.0
TMO,126,33,ret_HYG,0.0
TMO,126,33,mom21_HYG,0.052107
TMO,126,33,ret_USO,0.0
TMO,126,33,mom21_USO,0.012751
TMO,126,33,ret_TLT,0.0
TMO,126,33,mom21_TLT,0.0
TMO,126,33,ret_UUP,0.0
TMO,126,33,mom21_UUP,0.0
TMO,126,33,ret_SPY,0.0
TMO,126,33,mom21_SPY,0.0
TMO,126,33,vol_vel,0.0
TMO,126,33,vol_of_vol,0.039807
TMO,126,33,vol_regime_zscore,0.0
TMO,126,33,vol_chg_21d,0.0
TMO,126,33,event_fed_gravity,0.133386
TMO,126,33,event_earn_gravity,0.0
TMO,126,33,event_div_gravity,0.0
TMO,126,33,event_cpi_gravity,0.137556
TMO,126,33,event_nfp_gravity,0.164274
TMO,126,33,put_call_skew_30d,0.0
TMO,126,33,term_structure_slope,0.0
TMO,126,33,vrp_wedge,0.0
TMO,126,33,iv_atm_z_score,0.061073
TMO,126,33,macro_yield_curve_slope,0.041913
TMO,126,33,macro_hy_spread,0.030999
TMO,126,33,macro_hy_spread_chg_5d,0.0
TMO,126,33,macro_breakeven_5y,0.029812
TMO,126,33,macro_inflation_fwd_5y5y,0.025714
TMO,126,33,macro_inflation_fwd_chg_21d,0.0
TMO,126,33,macro_inflation_fwd_abs_chg_21d,0.0
TMO,126,33,macro_inflation_fwd_chg_63d,0.015593
TMO,126,33,macro_inflation_fwd_zscore,0.0
TMO,126,33,macro_dollar_ret,0.0
TMO,126,33,beta_spy,0.018934
TMO,126,33,res_vol,0.055467
TMO,126,33,res_vol_vel,0.0
TMO,126,33,price_regime,0.056134
TMO,126,33,corr_sector_21d,0.0
TMO,126,33,corr_sector_252d,0.044777
TMO,126,33,sector_wedge,0.0
TMO,126,34,rv_5d,0.0
TMO,126,34,rv_10d,0.0
TMO,126,34,rv_21d,0.010697
TMO,126,34,rv_63d,0.027908
TMO,126,34,rv_126d,0.024859
TMO,126,34,ewma_vol,0.0
TMO,126,34,garch_cond_vol,0.0
TMO,126,34,ret_TARGET,0.0
TMO,126,34,tech_RSI,0.0
TMO,126,34,tech_MACD_hist,0.0
TMO,126,34,ret_VIXY,0.0
TMO,126,34,mom21_VIXY,0.0
TMO,126,34,ret_HYG,0.0
TMO,126,34,mom21_HYG,0.033733
TMO,126,34,ret_USO,0.0
TMO,126,34,mom21_USO,0.011897
TMO,126,34,ret_TLT,0.0
TMO,126,34,mom21_TLT,0.080148
TMO,126,34,ret_UUP,0.0
TMO,126,34,mom21_UUP,0.0
TMO,126,34,ret_SPY,0.0
TMO,126,34,mom21_SPY,0.0
TMO,126,34,vol_vel,0.0
TMO,126,34,vol_of_vol,0.035825
TMO,126,34,vol_regime_zscore,0.0
TMO,126,34,vol_chg_21d,0.0
TMO,126,34,event_fed_gravity,0.099604
TMO,126,34,event_earn_gravity,0.0
TMO,126,34,event_div_gravity,0.0
TMO,126,34,event_cpi_gravity,0.132713
TMO,126,34,event_nfp_gravity,0.16383
TMO,126,34,put_call_skew_30d,0.0
TMO,126,34,term_structure_slope,0.0
TMO,126,34,vrp_wedge,0.0
TMO,126,34,iv_atm_z_score,0.052751
TMO,126,34,macro_yield_curve_slope,0.036324
TMO,126,34,macro_hy_spread,0.026639
TMO,126,34,macro_hy_spread_chg_5d,0.0
TMO,126,34,macro_breakeven_5y,0.025894
TMO,126,34,macro_inflation_fwd_5y5y,0.024982
TMO,126,34,macro_inflation_fwd_chg_21d,0.0
TMO,126,34,macro_inflation_fwd_abs_chg_21d,0.0
TMO,126,34,macro_inflation_fwd_chg_63d,0.017467
TMO,126,34,macro_inflation_fwd_zscore,0.013339
TMO,126,34,macro_dollar_ret,0.0
TMO,126,34,beta_spy,0.018611
TMO,126,34,res_vol,0.044712
TMO,126,34,res_vol_vel,0.0
TMO,126,34,price_regime,0.068852
TMO,126,34,corr_sector_21d,0.0
TMO,126,34,corr_sector_252d,0.037521
TMO,126,34,sector_wedge,0.011694
TMO,126,35,rv_5d,0.0
TMO,126,35,rv_10d,0.0
TMO,126,35,rv_21d,0.010978
TMO,126,35,rv_63d,0.0253
TMO,126,35,rv_126d,0.026383
TMO,126,35,ewma_vol,0.0
TMO,126,35,garch_cond_vol,0.0
TMO,126,35,ret_TARGET,0.0
TMO,126,35,tech_RSI,0.0
TMO,126,35,tech_MACD_hist,0.0
TMO,126,35,ret_VIXY,0.0
TMO,126,35,mom21_VIXY,0.0
TMO,126,35,ret_HYG,0.0
TMO,126,35,mom21_HYG,0.042663
TMO,126,35,ret_USO,0.0
TMO,126,35,mom21_USO,0.012166
TMO,126,35,ret_TLT,0.0
TMO,126,35,mom21_TLT,0.081228
TMO,126,35,ret_UUP,0.0
TMO,126,35,mom21_UUP,0.0
TMO,126,35,ret_SPY,0.0
TMO,126,35,mom21_SPY,0.0
TMO,126,35,vol_vel,0.0
TMO,126,35,vol_of_vol,0.02335
TMO,126,35,vol_regime_zscore,0.0
TMO,126,35,vol_chg_21d,0.0
TMO,126,35,event_fed_gravity,0.134522
TMO,126,35,event_earn_gravity,0.0
TMO,126,35,event_div_gravity,0.0
TMO,126,35,event_cpi_gravity,0.08965
TMO,126,35,event_nfp_gravity,0.146258
TMO,126,35,put_call_skew_30d,0.0
TMO,126,35,term_structure_slope,0.0
TMO,126,35,vrp_wedge,0.0
TMO,126,35,iv_atm_z_score,0.066587
TMO,126,35,macro_yield_curve_slope,0.035796
TMO,126,35,macro_hy_spread,0.03611
TMO,126,35,macro_hy_spread_chg_5d,0.0
TMO,126,35,macro_breakeven_5y,0.027809
TMO,126,35,macro_inflation_fwd_5y5y,0.043515
TMO,126,35,macro_inflation_fwd_chg_21d,0.0
TMO,126,35,macro_inflation_fwd_abs_chg_21d,0.0
TMO,126,35,macro_inflation_fwd_chg_63d,0.019651
TMO,126,35,macro_inflation_fwd_zscore,0.0
TMO,126,35,macro_dollar_ret,0.0
TMO,126,35,beta_spy,0.01785
TMO,126,35,res_vol,0.051791
TMO,126,35,res_vol_vel,0.0
TMO,126,35,price_regime,0.058773
TMO,126,35,corr_sector_21d,0.0
TMO,126,35,corr_sector_252d,0.036357
TMO,126,35,sector_wedge,0.013263
TMO,126,36,rv_5d,0.0
TMO,126,36,rv_10d,0.0
TMO,126,36,rv_21d,0.01064
TMO,126,36,rv_63d,0.024178
TMO,126,36,rv_126d,0.022454
TMO,126,36,ewma_vol,0.0
TMO,126,36,garch_cond_vol,0.0
TMO,126,36,ret_TARGET,0.0
TMO,126,36,tech_RSI,0.0
TMO,126,36,tech_MACD_hist,0.0
TMO,126,36,ret_VIXY,0.0
TMO,126,36,mom21_VIXY,0.0
TMO,126,36,ret_HYG,0.0
TMO,126,36,mom21_HYG,0.070335
TMO,126,36,ret_USO,0.0
TMO,126,36,mom21_USO,0.012555
TMO,126,36,ret_TLT,0.0
TMO,126,36,mom21_TLT,0.051047
TMO,126,36,ret_UUP,0.0
TMO,126,36,mom21_UUP,0.0
TMO,126,36,ret_SPY,0.0
TMO,126,36,mom21_SPY,0.0
TMO,126,36,vol_vel,0.0
TMO,126,36,vol_of_vol,0.018694
TMO,126,36,vol_regime_zscore,0.0
TMO,126,36,vol_chg_21d,0.0
TMO,126,36,event_fed_gravity,0.122016
TMO,126,36,event_earn_gravity,0.0
TMO,126,36,event_div_gravity,0.0
TMO,126,36,event_cpi_gravity,0.144562
TMO,126,36,event_nfp_gravity,0.141841
TMO,126,36,put_call_skew_30d,0.014472
TMO,126,36,term_structure_slope,0.0
TMO,126,36,vrp_wedge,0.0
TMO,126,36,iv_atm_z_score,0.065634
TMO,126,36,macro_yield_curve_slope,0.040707
TMO,126,36,macro_hy_spread,0.037525
TMO,126,36,macro_hy_spread_chg_5d,0.0
TMO,126,36,macro_breakeven_5y,0.025823
TMO,126,36,macro_inflation_fwd_5y5y,0.025487
TMO,126,36,macro_inflation_fwd_chg_21d,0.0
TMO,126,36,macro_inflation_fwd_abs_chg_21d,0.0
TMO,126,36,macro_inflation_fwd_chg_63d,0.018768
TMO,126,36,macro_inflation_fwd_zscore,0.0
TMO,126,36,macro_dollar_ret,0.0
TMO,126,36,beta_spy,0.015693
TMO,126,36,res_vol,0.051461
TMO,126,36,res_vol_vel,0.0
TMO,126,36,price_regime,0.050457
TMO,126,36,corr_sector_21d,0.0
TMO,126,36,corr_sector_252d,0.035652
TMO,126,36,sector_wedge,0.0
TMO,126,37,rv_5d,0.0
TMO,126,37,rv_10d,0.0
TMO,126,37,rv_21d,0.010756
TMO,126,37,rv_63d,0.025111
TMO,126,37,rv_126d,0.027298
TMO,126,37,ewma_vol,0.0
TMO,126,37,garch_cond_vol,0.0
TMO,126,37,ret_TARGET,0.0
TMO,126,37,tech_RSI,0.0
TMO,126,37,tech_MACD_hist,0.0
TMO,126,37,ret_VIXY,0.0
TMO,126,37,mom21_VIXY,0.0
TMO,126,37,ret_HYG,0.0
TMO,126,37,mom21_HYG,0.033987
TMO,126,37,ret_USO,0.0
TMO,126,37,mom21_USO,0.014015
TMO,126,37,ret_TLT,0.0
TMO,126,37,mom21_TLT,0.053994
TMO,126,37,ret_UUP,0.0
TMO,126,37,mom21_UUP,0.0
TMO,126,37,ret_SPY,0.0
TMO,126,37,mom21_SPY,0.0
TMO,126,37,vol_vel,0.0
TMO,126,37,vol_of_vol,0.037028
TMO,126,37,vol_regime_zscore,0.011963
TMO,126,37,vol_chg_21d,0.0
TMO,126,37,event_fed_gravity,0.097374
TMO,126,37,event_earn_gravity,0.0
TMO,126,37,event_div_gravity,0.0
TMO,126,37,event_cpi_gravity,0.135357
TMO,126,37,event_nfp_gravity,0.162228
TMO,126,37,put_call_skew_30d,0.014022
TMO,126,37,term_structure_slope,0.0
TMO,126,37,vrp_wedge,0.010623
TMO,126,37,iv_atm_z_score,0.051475
TMO,126,37,macro_yield_curve_slope,0.039048
TMO,126,37,macro_hy_spread,0.023001
TMO,126,37,macro_hy_spread_chg_5d,0.0
TMO,126,37,macro_breakeven_5y,0.030494
TMO,126,37,macro_inflation_fwd_5y5y,0.026024
TMO,126,37,macro_inflation_fwd_chg_21d,0.0
TMO,126,37,macro_inflation_fwd_abs_chg_21d,0.013554
TMO,126,37,macro_inflation_fwd_chg_63d,0.0
TMO,126,37,macro_inflation_fwd_zscore,0.01097
TMO,126,37,macro_dollar_ret,0.0
TMO,126,37,beta_spy,0.020853
TMO,126,37,res_vol,0.049231
TMO,126,37,res_vol_vel,0.0
TMO,126,37,price_regime,0.037609
TMO,126,37,corr_sector_21d,0.015647
TMO,126,37,corr_sector_252d,0.038134
TMO,126,37,sector_wedge,0.010203
TMO,126,38,rv_5d,0.0
TMO,126,38,rv_10d,0.0
TMO,126,38,rv_21d,0.0
TMO,126,38,rv_63d,0.029968
TMO,126,38,rv_126d,0.019884
TMO,126,38,ewma_vol,0.0
TMO,126,38,garch_cond_vol,0.0
TMO,126,38,ret_TARGET,0.0
TMO,126,38,tech_RSI,0.0
TMO,126,38,tech_MACD_hist,0.0
TMO,126,38,ret_VIXY,0.0
TMO,126,38,mom21_VIXY,0.0
TMO,126,38,ret_HYG,0.0
TMO,126,38,mom21_HYG,0.024726
TMO,126,38,ret_USO,0.0
TMO,126,38,mom21_USO,0.015104
TMO,126,38,ret_TLT,0.0
TMO,126,38,mom21_TLT,0.042758
TMO,126,38,ret_UUP,0.0
TMO,126,38,mom21_UUP,0.0
TMO,126,38,ret_SPY,0.0
TMO,126,38,mom21_SPY,0.0
TMO,126,38,vol_vel,0.0
TMO,126,38,vol_of_vol,0.020755
TMO,126,38,vol_regime_zscore,0.0
TMO,126,38,vol_chg_21d,0.0
TMO,126,38,event_fed_gravity,0.172816
TMO,126,38,event_earn_gravity,0.0
TMO,126,38,event_div_gravity,0.0
TMO,126,38,event_cpi_gravity,0.088528
TMO,126,38,event_nfp_gravity,0.146032
TMO,126,38,put_call_skew_30d,0.025289
TMO,126,38,term_structure_slope,0.0
TMO,126,38,vrp_wedge,0.0
TMO,126,38,iv_atm_z_score,0.06881
TMO,126,38,macro_yield_curve_slope,0.03911
TMO,126,38,macro_hy_spread,0.014213
TMO,126,38,macro_hy_spread_chg_5d,0.0
TMO,126,38,macro_breakeven_5y,0.037634
TMO,126,38,macro_inflation_fwd_5y5y,0.019149
TMO,126,38,macro_inflation_fwd_chg_21d,0.0
TMO,126,38,macro_inflation_fwd_abs_chg_21d,0.0
TMO,126,38,macro_inflation_fwd_chg_63d,0.017333
TMO,126,38,macro_inflation_fwd_zscore,0.0
TMO,126,38,macro_dollar_ret,0.0
TMO,126,38,beta_spy,0.028622
TMO,126,38,res_vol,0.06166
TMO,126,38,res_vol_vel,0.0
TMO,126,38,price_regime,0.057744
TMO,126,38,corr_sector_21d,0.018679
TMO,126,38,corr_sector_252d,0.036538
TMO,126,38,sector_wedge,0.01465
TMO,126,39,rv_5d,0.0
TMO,126,39,rv_10d,0.013549
TMO,126,39,rv_21d,0.0
TMO,126,39,rv_63d,0.03191
TMO,126,39,rv_126d,0.027368
TMO,126,39,ewma_vol,0.011664
TMO,126,39,garch_cond_vol,0.0
TMO,126,39,ret_TARGET,0.0
TMO,126,39,tech_RSI,0.0
TMO,126,39,tech_MACD_hist,0.0
TMO,126,39,ret_VIXY,0.0
TMO,126,39,mom21_VIXY,0.0
TMO,126,39,ret_HYG,0.0
TMO,126,39,mom21_HYG,0.02099
TMO,126,39,ret_USO,0.0
TMO,126,39,mom21_USO,0.013681
TMO,126,39,ret_TLT,0.0
TMO,126,39,mom21_TLT,0.064274
TMO,126,39,ret_UUP,0.0
TMO,126,39,mom21_UUP,0.0
TMO,126,39,ret_SPY,0.0
TMO,126,39,mom21_SPY,0.0
TMO,126,39,vol_vel,0.0
TMO,126,39,vol_of_vol,0.012352
TMO,126,39,vol_regime_zscore,0.0
TMO,126,39,vol_chg_21d,0.0
TMO,126,39,event_fed_gravity,0.042148
TMO,126,39,event_earn_gravity,0.0
TMO,126,39,event_div_gravity,0.0
TMO,126,39,event_cpi_gravity,0.169805
TMO,126,39,event_nfp_gravity,0.139371
TMO,126,39,put_call_skew_30d,0.019887
TMO,126,39,term_structure_slope,0.0
TMO,126,39,vrp_wedge,0.0
TMO,126,39,iv_atm_z_score,0.05544
TMO,126,39,macro_yield_curve_slope,0.029013
TMO,126,39,macro_hy_spread,0.015521
TMO,126,39,macro_hy_spread_chg_5d,0.0
TMO,126,39,macro_breakeven_5y,0.037721
TMO,126,39,macro_inflation_fwd_5y5y,0.014258
TMO,126,39,macro_inflation_fwd_chg_21d,0.0
TMO,126,39,macro_inflation_fwd_abs_chg_21d,0.0
TMO,126,39,macro_inflation_fwd_chg_63d,0.022984
TMO,126,39,macro_inflation_fwd_zscore,0.0337
TMO,126,39,macro_dollar_ret,0.0
TMO,126,39,beta_spy,0.02091
TMO,126,39,res_vol,0.066951
TMO,126,39,res_vol_vel,0.0
TMO,126,39,price_regime,0.067972
TMO,126,39,corr_sector_21d,0.024699
TMO,126,39,corr_sector_252d,0.028617
TMO,126,39,sector_wedge,0.015214
TMO,126,40,rv_5d,0.0
TMO,126,40,rv_10d,0.0
TMO,126,40,rv_21d,0.0
TMO,126,40,rv_63d,0.027696
TMO,126,40,rv_126d,0.026755
TMO,126,40,ewma_vol,0.0
TMO,126,40,garch_cond_vol,0.011471
TMO,126,40,ret_TARGET,0.0
TMO,126,40,tech_RSI,0.0
TMO,126,40,tech_MACD_hist,0.0
TMO,126,40,ret_VIXY,0.0
TMO,126,40,mom21_VIXY,0.0
TMO,126,40,ret_HYG,0.0
TMO,126,40,mom21_HYG,0.020934
TMO,126,40,ret_USO,0.0
TMO,126,40,mom21_USO,0.016586
TMO,126,40,ret_TLT,0.0
TMO,126,40,mom21_TLT,0.052741
TMO,126,40,ret_UUP,0.0
TMO,126,40,mom21_UUP,0.0
TMO,126,40,ret_SPY,0.0
TMO,126,40,mom21_SPY,0.0
TMO,126,40,vol_vel,0.0
TMO,126,40,vol_of_vol,0.00996
TMO,126,40,vol_regime_zscore,0.0
TMO,126,40,vol_chg_21d,0.0
TMO,126,40,event_fed_gravity,0.161712
TMO,126,40,event_earn_gravity,0.0
TMO,126,40,event_div_gravity,0.0
TMO,126,40,event_cpi_gravity,0.114715
TMO,126,40,event_nfp_gravity,0.093525
TMO,126,40,put_call_skew_30d,0.009902
TMO,126,40,term_structure_slope,0.0
TMO,126,40,vrp_wedge,0.0
TMO,126,40,iv_atm_z_score,0.061464
TMO,126,40,macro_yield_curve_slope,0.031841
TMO,126,40,macro_hy_spread,0.020638
TMO,126,40,macro_hy_spread_chg_5d,0.0
TMO,126,40,macro_breakeven_5y,0.033399
TMO,126,40,macro_inflation_fwd_5y5y,0.014111
TMO,126,40,macro_inflation_fwd_chg_21d,0.0
TMO,126,40,macro_inflation_fwd_abs_chg_21d,0.0
TMO,126,40,macro_inflation_fwd_chg_63d,0.0
TMO,126,40,macro_inflation_fwd_zscore,0.057409
TMO,126,40,macro_dollar_ret,0.0
TMO,126,40,beta_spy,0.019487
TMO,126,40,res_vol,0.073059
TMO,126,40,res_vol_vel,0.0
TMO,126,40,price_regime,0.057636
TMO,126,40,corr_sector_21d,0.041286
TMO,126,40,corr_sector_252d,0.028133
TMO,126,40,sector_wedge,0.015539
TMO,126,41,rv_5d,0.0
TMO,126,41,rv_10d,0.0
TMO,126,41,rv_21d,0.0
TMO,126,41,rv_63d,0.029008
TMO,126,41,rv_126d,0.023565
TMO,126,41,ewma_vol,0.009669
TMO,126,41,garch_cond_vol,0.012656
TMO,126,41,ret_TARGET,0.0
TMO,126,41,tech_RSI,0.0
TMO,126,41,tech_MACD_hist,0.0
TMO,126,41,ret_VIXY,0.0
TMO,126,41,mom21_VIXY,0.0
TMO,126,41,ret_HYG,0.0
TMO,126,41,mom21_HYG,0.021572
TMO,126,41,ret_USO,0.0
TMO,126,41,mom21_USO,0.011369
TMO,126,41,ret_TLT,0.0
TMO,126,41,mom21_TLT,0.020743
TMO,126,41,ret_UUP,0.0
TMO,126,41,mom21_UUP,0.0
TMO,126,41,ret_SPY,0.0
TMO,126,41,mom21_SPY,0.0
TMO,126,41,vol_vel,0.0
TMO,126,41,vol_of_vol,0.00959
TMO,126,41,vol_regime_zscore,0.0
TMO,126,41,vol_chg_21d,0.0
TMO,126,41,event_fed_gravity,0.134821
TMO,126,41,event_earn_gravity,0.0
TMO,126,41,event_div_gravity,0.0
TMO,126,41,event_cpi_gravity,0.130281
TMO,126,41,event_nfp_gravity,0.121823
TMO,126,41,put_call_skew_30d,0.0
TMO,126,41,term_structure_slope,0.0
TMO,126,41,vrp_wedge,0.0
TMO,126,41,iv_atm_z_score,0.052836
TMO,126,41,macro_yield_curve_slope,0.028478
TMO,126,41,macro_hy_spread,0.026408
TMO,126,41,macro_hy_spread_chg_5d,0.0
TMO,126,41,macro_breakeven_5y,0.03413
TMO,126,41,macro_inflation_fwd_5y5y,0.010586
TMO,126,41,macro_inflation_fwd_chg_21d,0.0
TMO,126,41,macro_inflation_fwd_abs_chg_21d,0.0
TMO,126,41,macro_inflation_fwd_chg_63d,0.0
TMO,126,41,macro_inflation_fwd_zscore,0.07558
TMO,126,41,macro_dollar_ret,0.0
TMO,126,41,beta_spy,0.019889
TMO,126,41,res_vol,0.074608
TMO,126,41,res_vol_vel,0.0
TMO,126,41,price_regime,0.080059
TMO,126,41,corr_sector_21d,0.031456
TMO,126,41,corr_sector_252d,0.02663
TMO,126,41,sector_wedge,0.014243
TMO,126,42,rv_5d,0.0
TMO,126,42,rv_10d,0.0
TMO,126,42,rv_21d,0.0
TMO,126,42,rv_63d,0.028512
TMO,126,42,rv_126d,0.024004
TMO,126,42,ewma_vol,0.0
TMO,126,42,garch_cond_vol,0.009023
TMO,126,42,ret_TARGET,0.0
TMO,126,42,tech_RSI,0.0
TMO,126,42,tech_MACD_hist,0.0
TMO,126,42,ret_VIXY,0.0
TMO,126,42,mom21_VIXY,0.0
TMO,126,42,ret_HYG,0.0
TMO,126,42,mom21_HYG,0.017445
TMO,126,42,ret_USO,0.0
TMO,126,42,mom21_USO,0.017506
TMO,126,42,ret_TLT,0.0
TMO,126,42,mom21_TLT,0.032808
TMO,126,42,ret_UUP,0.0
TMO,126,42,mom21_UUP,0.0
TMO,126,42,ret_SPY,0.0
TMO,126,42,mom21_SPY,0.0
TMO,126,42,vol_vel,0.0
TMO,126,42,vol_of_vol,0.008932
TMO,126,42,vol_regime_zscore,0.0
TMO,126,42,vol_chg_21d,0.0
TMO,126,42,event_fed_gravity,0.101115
TMO,126,42,event_earn_gravity,0.0
TMO,126,42,event_div_gravity,0.0
TMO,126,42,event_cpi_gravity,0.114746
TMO,126,42,event_nfp_gravity,0.158631
TMO,126,42,put_call_skew_30d,0.0
TMO,126,42,term_structure_slope,0.0
TMO,126,42,vrp_wedge,0.0
TMO,126,42,iv_atm_z_score,0.054846
TMO,126,42,macro_yield_curve_slope,0.02891
TMO,126,42,macro_hy_spread,0.024281
TMO,126,42,macro_hy_spread_chg_5d,0.0
TMO,126,42,macro_breakeven_5y,0.033511
TMO,126,42,macro_inflation_fwd_5y5y,0.015662
TMO,126,42,macro_inflation_fwd_chg_21d,0.0
TMO,126,42,macro_inflation_fwd_abs_chg_21d,0.0
TMO,126,42,macro_inflation_fwd_chg_63d,0.010722
TMO,126,42,macro_inflation_fwd_zscore,0.066248
TMO,126,42,macro_dollar_ret,0.0
TMO,126,42,beta_spy,0.018676
TMO,126,42,res_vol,0.070076
TMO,126,42,res_vol_vel,0.0
TMO,126,42,price_regime,0.081941
TMO,126,42,corr_sector_21d,0.042238
TMO,126,42,corr_sector_252d,0.025825
TMO,126,42,sector_wedge,0.014341
TMO,126,43,rv_5d,0.0
TMO,126,43,rv_10d,0.0
TMO,126,43,rv_21d,0.0
TMO,126,43,rv_63d,0.026942
TMO,126,43,rv_126d,0.022542
TMO,126,43,ewma_vol,0.0
TMO,126,43,garch_cond_vol,0.0
TMO,126,43,ret_TARGET,0.0
TMO,126,43,tech_RSI,0.0
TMO,126,43,tech_MACD_hist,0.0
TMO,126,43,ret_VIXY,0.0
TMO,126,43,mom21_VIXY,0.0
TMO,126,43,ret_HYG,0.0
TMO,126,43,mom21_HYG,0.018082
TMO,126,43,ret_USO,0.0
TMO,126,43,mom21_USO,0.014788
TMO,126,43,ret_TLT,0.0
TMO,126,43,mom21_TLT,0.015582
TMO,126,43,ret_UUP,0.0
TMO,126,43,mom21_UUP,0.0
TMO,126,43,ret_SPY,0.0
TMO,126,43,mom21_SPY,0.0
TMO,126,43,vol_vel,0.0
TMO,126,43,vol_of_vol,0.016288
TMO,126,43,vol_regime_zscore,0.00961
TMO,126,43,vol_chg_21d,0.0
TMO,126,43,event_fed_gravity,0.122028
TMO,126,43,event_earn_gravity,0.0
TMO,126,43,event_div_gravity,0.0
TMO,126,43,event_cpi_gravity,0.091821
TMO,126,43,event_nfp_gravity,0.159196
TMO,126,43,put_call_skew_30d,0.0
TMO,126,43,term_structure_slope,0.0
TMO,126,43,vrp_wedge,0.0
TMO,126,43,iv_atm_z_score,0.052127
TMO,126,43,macro_yield_curve_slope,0.031755
TMO,126,43,macro_hy_spread,0.023523
TMO,126,43,macro_hy_spread_chg_5d,0.0
TMO,126,43,macro_breakeven_5y,0.036974
TMO,126,43,macro_inflation_fwd_5y5y,0.020312
TMO,126,43,macro_inflation_fwd_chg_21d,0.0
TMO,126,43,macro_inflation_fwd_abs_chg_21d,0.0
TMO,126,43,macro_inflation_fwd_chg_63d,0.009148
TMO,126,43,macro_inflation_fwd_zscore,0.083269
TMO,126,43,macro_dollar_ret,0.0
TMO,126,43,beta_spy,0.020328
TMO,126,43,res_vol,0.068337
TMO,126,43,res_vol_vel,0.0
TMO,126,43,price_regime,0.08333
TMO,126,43,corr_sector_21d,0.042377
TMO,126,43,corr_sector_252d,0.031641
TMO,126,43,sector_wedge,0.0
TMO,126,44,rv_5d,0.0
TMO,126,44,rv_10d,0.0
TMO,126,44,rv_21d,0.0
TMO,126,44,rv_63d,0.030641
TMO,126,44,rv_126d,0.023565
TMO,126,44,ewma_vol,0.0
TMO,126,44,garch_cond_vol,0.0
TMO,126,44,ret_TARGET,0.0
TMO,126,44,tech_RSI,0.0
TMO,126,44,tech_MACD_hist,0.0
TMO,126,44,ret_VIXY,0.0
TMO,126,44,mom21_VIXY,0.0
TMO,126,44,ret_HYG,0.0
TMO,126,44,mom21_HYG,0.016849
TMO,126,44,ret_USO,0.0
TMO,126,44,mom21_USO,0.017546
TMO,126,44,ret_TLT,0.0
TMO,126,44,mom21_TLT,0.02096
TMO,126,44,ret_UUP,0.0
TMO,126,44,mom21_UUP,0.0
TMO,126,44,ret_SPY,0.0
TMO,126,44,mom21_SPY,0.0
TMO,126,44,vol_vel,0.0
TMO,126,44,vol_of_vol,0.0
TMO,126,44,vol_regime_zscore,0.010365
TMO,126,44,vol_chg_21d,0.0
TMO,126,44,event_fed_gravity,0.081162
TMO,126,44,event_earn_gravity,0.0
TMO,126,44,event_div_gravity,0.0
TMO,126,44,event_cpi_gravity,0.183347
TMO,126,44,event_nfp_gravity,0.108744
TMO,126,44,put_call_skew_30d,0.0
TMO,126,44,term_structure_slope,0.0
TMO,126,44,vrp_wedge,0.0
TMO,126,44,iv_atm_z_score,0.050217
TMO,126,44,macro_yield_curve_slope,0.03225
TMO,126,44,macro_hy_spread,0.029046
TMO,126,44,macro_hy_spread_chg_5d,0.0
TMO,126,44,macro_breakeven_5y,0.035971
TMO,126,44,macro_inflation_fwd_5y5y,0.014105
TMO,126,44,macro_inflation_fwd_chg_21d,0.0
TMO,126,44,macro_inflation_fwd_abs_chg_21d,0.0
TMO,126,44,macro_inflation_fwd_chg_63d,0.011111
TMO,126,44,macro_inflation_fwd_zscore,0.051017
TMO,126,44,macro_dollar_ret,0.0
TMO,126,44,beta_spy,0.027039
TMO,126,44,res_vol,0.070501
TMO,126,44,res_vol_vel,0.0
TMO,126,44,price_regime,0.10675
TMO,126,44,corr_sector_21d,0.032222
TMO,126,44,corr_sector_252d,0.034569
TMO,126,44,sector_wedge,0.012022
TMO,126,45,rv_5d,0.0
TMO,126,45,rv_10d,0.0
TMO,126,45,rv_21d,0.0
TMO,126,45,rv_63d,0.034483
TMO,126,45,rv_126d,0.021352
TMO,126,45,ewma_vol,0.0
TMO,126,45,garch_cond_vol,0.0
TMO,126,45,ret_TARGET,0.0
TMO,126,45,tech_RSI,0.0
TMO,126,45,tech_MACD_hist,0.0
TMO,126,45,ret_VIXY,0.0
TMO,126,45,mom21_VIXY,0.0
TMO,126,45,ret_HYG,0.0
TMO,126,45,mom21_HYG,0.016439
TMO,126,45,ret_USO,0.0
TMO,126,45,mom21_USO,0.015655
TMO,126,45,ret_TLT,0.0
TMO,126,45,mom21_TLT,0.0
TMO,126,45,ret_UUP,0.0
TMO,126,45,mom21_UUP,0.0
TMO,126,45,ret_SPY,0.0
TMO,126,45,mom21_SPY,0.0
TMO,126,45,vol_vel,0.0
TMO,126,45,vol_of_vol,0.0
TMO,126,45,vol_regime_zscore,0.013195
TMO,126,45,vol_chg_21d,0.0
TMO,126,45,event_fed_gravity,0.122945
TMO,126,45,event_earn_gravity,0.0
TMO,126,45,event_div_gravity,0.0
TMO,126,45,event_cpi_gravity,0.12196
TMO,126,45,event_nfp_gravity,0.120328
TMO,126,45,put_call_skew_30d,0.0
TMO,126,45,term_structure_slope,0.0
TMO,126,45,vrp_wedge,0.0
TMO,126,45,iv_atm_z_score,0.060906
TMO,126,45,macro_yield_curve_slope,0.03482
TMO,126,45,macro_hy_spread,0.023953
TMO,126,45,macro_hy_spread_chg_5d,0.0
TMO,126,45,macro_breakeven_5y,0.040587
TMO,126,45,macro_inflation_fwd_5y5y,0.014908
TMO,126,45,macro_inflation_fwd_chg_21d,0.0
TMO,126,45,macro_inflation_fwd_abs_chg_21d,0.0
TMO,126,45,macro_inflation_fwd_chg_63d,0.0
TMO,126,45,macro_inflation_fwd_zscore,0.0363
TMO,126,45,macro_dollar_ret,0.0
TMO,126,45,beta_spy,0.026098
TMO,126,45,res_vol,0.065136
TMO,126,45,res_vol_vel,0.0
TMO,126,45,price_regime,0.130449
TMO,126,45,corr_sector_21d,0.04992
TMO,126,45,corr_sector_252d,0.040052
TMO,126,45,sector_wedge,0.010513
TMO,126,46,rv_5d,0.0
TMO,126,46,rv_10d,0.0
TMO,126,46,rv_21d,0.013728
TMO,126,46,rv_63d,0.031325
TMO,126,46,rv_126d,0.021974
TMO,126,46,ewma_vol,0.0
TMO,126,46,garch_cond_vol,0.010238
TMO,126,46,ret_TARGET,0.0
TMO,126,46,tech_RSI,0.0
TMO,126,46,tech_MACD_hist,0.0
TMO,126,46,ret_VIXY,0.0
TMO,126,46,mom21_VIXY,0.0
TMO,126,46,ret_HYG,0.0
TMO,126,46,mom21_HYG,0.018188
TMO,126,46,ret_USO,0.0
TMO,126,46,mom21_USO,0.013065
TMO,126,46,ret_TLT,0.0
TMO,126,46,mom21_TLT,0.04827
TMO,126,46,ret_UUP,0.0
TMO,126,46,mom21_UUP,0.0
TMO,126,46,ret_SPY,0.0
TMO,126,46,mom21_SPY,0.0
TMO,126,46,vol_vel,0.0
TMO,126,46,vol_of_vol,0.021635
TMO,126,46,vol_regime_zscore,0.0
TMO,126,46,vol_chg_21d,0.0
TMO,126,46,event_fed_gravity,0.065065
TMO,126,46,event_earn_gravity,0.0
TMO,126,46,event_div_gravity,0.0
TMO,126,46,event_cpi_gravity,0.179016
TMO,126,46,event_nfp_gravity,0.114955
TMO,126,46,put_call_skew_30d,0.0
TMO,126,46,term_structure_slope,0.0
TMO,126,46,vrp_wedge,0.0
TMO,126,46,iv_atm_z_score,0.057113
TMO,126,46,macro_yield_curve_slope,0.034828
TMO,126,46,macro_hy_spread,0.03138
TMO,126,46,macro_hy_spread_chg_5d,0.0
TMO,126,46,macro_breakeven_5y,0.029486
TMO,126,46,macro_inflation_fwd_5y5y,0.022065
TMO,126,46,macro_inflation_fwd_chg_21d,0.0
TMO,126,46,macro_inflation_fwd_abs_chg_21d,0.0
TMO,126,46,macro_inflation_fwd_chg_63d,0.0136
TMO,126,46,macro_inflation_fwd_zscore,0.019962
TMO,126,46,macro_dollar_ret,0.0
TMO,126,46,beta_spy,0.023625
TMO,126,46,res_vol,0.068819
TMO,126,46,res_vol_vel,0.0
TMO,126,46,price_regime,0.081866
TMO,126,46,corr_sector_21d,0.034767
TMO,126,46,corr_sector_252d,0.033825
TMO,126,46,sector_wedge,0.011204
TMO,126,47,rv_5d,0.0
TMO,126,47,rv_10d,0.0
TMO,126,47,rv_21d,0.012767
TMO,126,47,rv_63d,0.02821
TMO,126,47,rv_126d,0.024315
TMO,126,47,ewma_vol,0.0
TMO,126,47,garch_cond_vol,0.009288
TMO,126,47,ret_TARGET,0.0
TMO,126,47,tech_RSI,0.0
TMO,126,47,tech_MACD_hist,0.0
TMO,126,47,ret_VIXY,0.0
TMO,126,47,mom21_VIXY,0.0
TMO,126,47,ret_HYG,0.0
TMO,126,47,mom21_HYG,0.015936
TMO,126,47,ret_USO,0.0
TMO,126,47,mom21_USO,0.014277
TMO,126,47,ret_TLT,0.0
TMO,126,47,mom21_TLT,0.02726
TMO,126,47,ret_UUP,0.0
TMO,126,47,mom21_UUP,0.0
TMO,126,47,ret_SPY,0.0
TMO,126,47,mom21_SPY,0.0
TMO,126,47,vol_vel,0.0
TMO,126,47,vol_of_vol,0.009356
TMO,126,47,vol_regime_zscore,0.0
TMO,126,47,vol_chg_21d,0.0
TMO,126,47,event_fed_gravity,0.177582
TMO,126,47,event_earn_gravity,0.0
TMO,126,47,event_div_gravity,0.0
TMO,126,47,event_cpi_gravity,0.083534
TMO,126,47,event_nfp_gravity,0.110202
TMO,126,47,put_call_skew_30d,0.0
TMO,126,47,term_structure_slope,0.0
TMO,126,47,vrp_wedge,0.0
TMO,126,47,iv_atm_z_score,0.067659
TMO,126,47,macro_yield_curve_slope,0.034253
TMO,126,47,macro_hy_spread,0.029267
TMO,126,47,macro_hy_spread_chg_5d,0.0
TMO,126,47,macro_breakeven_5y,0.02798
TMO,126,47,macro_inflation_fwd_5y5y,0.0242
TMO,126,47,macro_inflation_fwd_chg_21d,0.0
TMO,126,47,macro_inflation_fwd_abs_chg_21d,0.0
TMO,126,47,macro_inflation_fwd_chg_63d,0.0
TMO,126,47,macro_inflation_fwd_zscore,0.025293
TMO,126,47,macro_dollar_ret,0.0
TMO,126,47,beta_spy,0.027178
TMO,126,47,res_vol,0.072806
TMO,126,47,res_vol_vel,0.0
TMO,126,47,price_regime,0.079504
TMO,126,47,corr_sector_21d,0.058412
TMO,126,47,corr_sector_252d,0.026787
TMO,126,47,sector_wedge,0.013935
TMO,126,48,rv_5d,0.0
TMO,126,48,rv_10d,0.0
TMO,126,48,rv_21d,0.0
TMO,126,48,rv_63d,0.032525
TMO,126,48,rv_126d,0.027094
TMO,126,48,ewma_vol,0.010606
TMO,126,48,garch_cond_vol,0.011131
TMO,126,48,ret_TARGET,0.0
TMO,126,48,tech_RSI,0.0
TMO,126,48,tech_MACD_hist,0.0
TMO,126,48,ret_VIXY,0.0
TMO,126,48,mom21_VIXY,0.0
TMO,126,48,ret_HYG,0.0
TMO,126,48,mom21_HYG,0.019924
TMO,126,48,ret_USO,0.0
TMO,126,48,mom21_USO,0.0
TMO,126,48,ret_TLT,0.0
TMO,126,48,mom21_TLT,0.018284
TMO,126,48,ret_UUP,0.0
TMO,126,48,mom21_UUP,0.0
TMO,126,48,ret_SPY,0.0
TMO,126,48,mom21_SPY,0.0
TMO,126,48,vol_vel,0.0
TMO,126,48,vol_of_vol,0.011593
TMO,126,48,vol_regime_zscore,0.0
TMO,126,48,vol_chg_21d,0.0
TMO,126,48,event_fed_gravity,0.079249
TMO,126,48,event_earn_gravity,0.0
TMO,126,48,event_div_gravity,0.0
TMO,126,48,event_cpi_gravity,0.169063
TMO,126,48,event_nfp_gravity,0.135533
TMO,126,48,put_call_skew_30d,0.0
TMO,126,48,term_structure_slope,0.0
TMO,126,48,vrp_wedge,0.0
TMO,126,48,iv_atm_z_score,0.053862
TMO,126,48,macro_yield_curve_slope,0.02611
TMO,126,48,macro_hy_spread,0.022722
TMO,126,48,macro_hy_spread_chg_5d,0.0
TMO,126,48,macro_breakeven_5y,0.02817
TMO,126,48,macro_inflation_fwd_5y5y,0.032364
TMO,126,48,macro_inflation_fwd_chg_21d,0.011822
TMO,126,48,macro_inflation_fwd_abs_chg_21d,0.0
TMO,126,48,macro_inflation_fwd_chg_63d,0.014624
TMO,126,48,macro_inflation_fwd_zscore,0.023937
TMO,126,48,macro_dollar_ret,0.0
TMO,126,48,beta_spy,0.032583
TMO,126,48,res_vol,0.081526
TMO,126,48,res_vol_vel,0.0
TMO,126,48,price_regime,0.079254
TMO,126,48,corr_sector_21d,0.036728
TMO,126,48,corr_sector_252d,0.023624
TMO,126,48,sector_wedge,0.017671
TMO,126,49,rv_5d,0.0
TMO,126,49,rv_10d,0.0
TMO,126,49,rv_21d,0.0
TMO,126,49,rv_63d,0.032622
TMO,126,49,rv_126d,0.031369
TMO,126,49,ewma_vol,0.009683
TMO,126,49,garch_cond_vol,0.010827
TMO,126,49,ret_TARGET,0.0
TMO,126,49,tech_RSI,0.0
TMO,126,49,tech_MACD_hist,0.0
TMO,126,49,ret_VIXY,0.0
TMO,126,49,mom21_VIXY,0.0
TMO,126,49,ret_HYG,0.0
TMO,126,49,mom21_HYG,0.023024
TMO,126,49,ret_USO,0.0
TMO,126,49,mom21_USO,0.0
TMO,126,49,ret_TLT,0.0
TMO,126,49,mom21_TLT,0.031943
TMO,126,49,ret_UUP,0.0
TMO,126,49,mom21_UUP,0.0
TMO,126,49,ret_SPY,0.0
TMO,126,49,mom21_SPY,0.0
TMO,126,49,vol_vel,0.0
TMO,126,49,vol_of_vol,0.009366
TMO,126,49,vol_regime_zscore,0.039627
TMO,126,49,vol_chg_21d,0.0
TMO,126,49,event_fed_gravity,0.126822
TMO,126,49,event_earn_gravity,0.0
TMO,126,49,event_div_gravity,0.0
TMO,126,49,event_cpi_gravity,0.082665
TMO,126,49,event_nfp_gravity,0.121665
TMO,126,49,put_call_skew_30d,0.0
TMO,126,49,term_structure_slope,0.0
TMO,126,49,vrp_wedge,0.0
TMO,126,49,iv_atm_z_score,0.052027
TMO,126,49,macro_yield_curve_slope,0.024278
TMO,126,49,macro_hy_spread,0.026567
TMO,126,49,macro_hy_spread_chg_5d,0.0
TMO,126,49,macro_breakeven_5y,0.027042
TMO,126,49,macro_inflation_fwd_5y5y,0.020943
TMO,126,49,macro_inflation_fwd_chg_21d,0.0
TMO,126,49,macro_inflation_fwd_abs_chg_21d,0.0
TMO,126,49,macro_inflation_fwd_chg_63d,0.055105
TMO,126,49,macro_inflation_fwd_zscore,0.029976
TMO,126,49,macro_dollar_ret,0.0
TMO,126,49,beta_spy,0.025057
TMO,126,49,res_vol,0.055705
TMO,126,49,res_vol_vel,0.0
TMO,126,49,price_regime,0.079566
TMO,126,49,corr_sector_21d,0.039421
TMO,126,49,corr_sector_252d,0.02659
TMO,126,49,sector_wedge,0.01811
TMO,126,50,rv_5d,0.0
TMO,126,50,rv_10d,0.0
TMO,126,50,rv_21d,0.0
TMO,126,50,rv_63d,0.029589
TMO,126,50,rv_126d,0.043344
TMO,126,50,ewma_vol,0.010451
TMO,126,50,garch_cond_vol,0.009868
TMO,126,50,ret_TARGET,0.0
TMO,126,50,tech_RSI,0.0
TMO,126,50,tech_MACD_hist,0.0
TMO,126,50,ret_VIXY,0.0
TMO,126,50,mom21_VIXY,0.0
TMO,126,50,ret_HYG,0.0
TMO,126,50,mom21_HYG,0.022406
TMO,126,50,ret_USO,0.0
TMO,126,50,mom21_USO,0.019475
TMO,126,50,ret_TLT,0.0
TMO,126,50,mom21_TLT,0.035756
TMO,126,50,ret_UUP,0.0
TMO,126,50,mom21_UUP,0.0
TMO,126,50,ret_SPY,0.0
TMO,126,50,mom21_SPY,0.0
TMO,126,50,vol_vel,0.0
TMO,126,50,vol_of_vol,0.008485
TMO,126,50,vol_regime_zscore,0.023558
TMO,126,50,vol_chg_21d,0.0
TMO,126,50,event_fed_gravity,0.082281
TMO,126,50,event_earn_gravity,0.0
TMO,126,50,event_div_gravity,0.0
TMO,126,50,event_cpi_gravity,0.150355
TMO,126,50,event_nfp_gravity,0.109302
TMO,126,50,put_call_skew_30d,0.0
TMO,126,50,term_structure_slope,0.0
TMO,126,50,vrp_wedge,0.0
TMO,126,50,iv_atm_z_score,0.045723
TMO,126,50,macro_yield_curve_slope,0.022712
TMO,126,50,macro_hy_spread,0.029086
TMO,126,50,macro_hy_spread_chg_5d,0.0
TMO,126,50,macro_breakeven_5y,0.024943
TMO,126,50,macro_inflation_fwd_5y5y,0.02053
TMO,126,50,macro_inflation_fwd_chg_21d,0.0
TMO,126,50,macro_inflation_fwd_abs_chg_21d,0.0
TMO,126,50,macro_inflation_fwd_chg_63d,0.042973
TMO,126,50,macro_inflation_fwd_zscore,0.030713
TMO,126,50,macro_dollar_ret,0.0
TMO,126,50,beta_spy,0.026215
TMO,126,50,res_vol,0.05363
TMO,126,50,res_vol_vel,0.0
TMO,126,50,price_regime,0.049634
TMO,126,50,corr_sector_21d,0.054736
TMO,126,50,corr_sector_252d,0.029535
TMO,126,50,sector_wedge,0.024699
TMO,126,51,rv_5d,0.0
TMO,126,51,rv_10d,0.0
TMO,126,51,rv_21d,0.0
TMO,126,51,rv_63d,0.02761
TMO,126,51,rv_126d,0.039549
TMO,126,51,ewma_vol,0.014509
TMO,126,51,garch_cond_vol,0.016724
TMO,126,51,ret_TARGET,0.0
TMO,126,51,tech_RSI,0.0
TMO,126,51,tech_MACD_hist,0.0
TMO,126,51,ret_VIXY,0.0
TMO,126,51,mom21_VIXY,0.0
TMO,126,51,ret_HYG,0.0
TMO,126,51,mom21_HYG,0.024263
TMO,126,51,ret_USO,0.0
TMO,126,51,mom21_USO,0.016201
TMO,126,51,ret_TLT,0.0
TMO,126,51,mom21_TLT,0.020479
TMO,126,51,ret_UUP,0.0
TMO,126,51,mom21_UUP,0.0
TMO,126,51,ret_SPY,0.0
TMO,126,51,mom21_SPY,0.0
TMO,126,51,vol_vel,0.0
TMO,126,51,vol_of_vol,0.008784
TMO,126,51,vol_regime_zscore,0.023618
TMO,126,51,vol_chg_21d,0.0
TMO,126,51,event_fed_gravity,0.108976
TMO,126,51,event_earn_gravity,0.0
TMO,126,51,event_div_gravity,0.0
TMO,126,51,event_cpi_gravity,0.088041
TMO,126,51,event_nfp_gravity,0.127818
TMO,126,51,put_call_skew_30d,0.0
TMO,126,51,term_structure_slope,0.0
TMO,126,51,vrp_wedge,0.0
TMO,126,51,iv_atm_z_score,0.046286
TMO,126,51,macro_yield_curve_slope,0.023015
TMO,126,51,macro_hy_spread,0.032279
TMO,126,51,macro_hy_spread_chg_5d,0.0
TMO,126,51,macro_breakeven_5y,0.023999
TMO,126,51,macro_inflation_fwd_5y5y,0.021425
TMO,126,51,macro_inflation_fwd_chg_21d,0.0
TMO,126,51,macro_inflation_fwd_abs_chg_21d,0.0
TMO,126,51,macro_inflation_fwd_chg_63d,0.027074
TMO,126,51,macro_inflation_fwd_zscore,0.032704
TMO,126,51,macro_dollar_ret,0.0
TMO,126,51,beta_spy,0.020294
TMO,126,51,res_vol,0.05227
TMO,126,51,res_vol_vel,0.0
TMO,126,51,price_regime,0.091192
TMO,126,51,corr_sector_21d,0.057295
TMO,126,51,corr_sector_252d,0.036372
TMO,126,51,sector_wedge,0.01922
TMO,126,52,rv_5d,0.0
TMO,126,52,rv_10d,0.0
TMO,126,52,rv_21d,0.0
TMO,126,52,rv_63d,0.036669
TMO,126,52,rv_126d,0.021835
TMO,126,52,ewma_vol,0.011595
TMO,126,52,garch_cond_vol,0.01177
TMO,126,52,ret_TARGET,0.0
TMO,126,52,tech_RSI,0.0
TMO,126,52,tech_MACD_hist,0.0
TMO,126,52,ret_VIXY,0.0
TMO,126,52,mom21_VIXY,0.0
TMO,126,52,ret_HYG,0.0
TMO,126,52,mom21_HYG,0.029344
TMO,126,52,ret_USO,0.0
TMO,126,52,mom21_USO,0.0
TMO,126,52,ret_TLT,0.0
TMO,126,52,mom21_TLT,0.028172
TMO,126,52,ret_UUP,0.0
TMO,126,52,mom21_UUP,0.0
TMO,126,52,ret_SPY,0.0
TMO,126,52,mom21_SPY,0.0
TMO,126,52,vol_vel,0.0
TMO,126,52,vol_of_vol,0.007858
TMO,126,52,vol_regime_zscore,0.024601
TMO,126,52,vol_chg_21d,0.0
TMO,126,52,event_fed_gravity,0.080202
TMO,126,52,event_earn_gravity,0.0
TMO,126,52,event_div_gravity,0.0
TMO,126,52,event_cpi_gravity,0.144773
TMO,126,52,event_nfp_gravity,0.092726
TMO,126,52,put_call_skew_30d,0.0081
TMO,126,52,term_structure_slope,0.0
TMO,126,52,vrp_wedge,0.0
TMO,126,52,iv_atm_z_score,0.041791
TMO,126,52,macro_yield_curve_slope,0.025342
TMO,126,52,macro_hy_spread,0.019659
TMO,126,52,macro_hy_spread_chg_5d,0.0
TMO,126,52,macro_breakeven_5y,0.027341
TMO,126,52,macro_inflation_fwd_5y5y,0.025817
TMO,126,52,macro_inflation_fwd_chg_21d,0.0
TMO,126,52,macro_inflation_fwd_abs_chg_21d,0.019045
TMO,126,52,macro_inflation_fwd_chg_63d,0.018177
TMO,126,52,macro_inflation_fwd_zscore,0.025422
TMO,126,52,macro_dollar_ret,0.0
TMO,126,52,beta_spy,0.022355
TMO,126,52,res_vol,0.047683
TMO,126,52,res_vol_vel,0.0
TMO,126,52,price_regime,0.086743
TMO,126,52,corr_sector_21d,0.080023
TMO,126,52,corr_sector_252d,0.041676
TMO,126,52,sector_wedge,0.021281
TMO,126,53,rv_5d,0.0
TMO,126,53,rv_10d,0.0
TMO,126,53,rv_21d,0.011553
TMO,126,53,rv_63d,0.028279
TMO,126,53,rv_126d,0.022247
TMO,126,53,ewma_vol,0.010112
TMO,126,53,garch_cond_vol,0.015754
TMO,126,53,ret_TARGET,0.0
TMO,126,53,tech_RSI,0.0
TMO,126,53,tech_MACD_hist,0.0
TMO,126,53,ret_VIXY,0.0
TMO,126,53,mom21_VIXY,0.0
TMO,126,53,ret_HYG,0.0
TMO,126,53,mom21_HYG,0.027743
TMO,126,53,ret_USO,0.0
TMO,126,53,mom21_USO,0.0
TMO,126,53,ret_TLT,0.0
TMO,126,53,mom21_TLT,0.029994
TMO,126,53,ret_UUP,0.0
TMO,126,53,mom21_UUP,0.0
TMO,126,53,ret_SPY,0.0
TMO,126,53,mom21_SPY,0.0
TMO,126,53,vol_vel,0.0
TMO,126,53,vol_of_vol,0.011557
TMO,126,53,vol_regime_zscore,0.021541
TMO,126,53,vol_chg_21d,0.0
TMO,126,53,event_fed_gravity,0.106629
TMO,126,53,event_earn_gravity,0.0
TMO,126,53,event_div_gravity,0.0
TMO,126,53,event_cpi_gravity,0.099442
TMO,126,53,event_nfp_gravity,0.136133
TMO,126,53,put_call_skew_30d,0.00854
TMO,126,53,term_structure_slope,0.0
TMO,126,53,vrp_wedge,0.0
TMO,126,53,iv_atm_z_score,0.043761
TMO,126,53,macro_yield_curve_slope,0.023125
TMO,126,53,macro_hy_spread,0.02
TMO,126,53,macro_hy_spread_chg_5d,0.0
TMO,126,53,macro_breakeven_5y,0.024023
TMO,126,53,macro_inflation_fwd_5y5y,0.028204
TMO,126,53,macro_inflation_fwd_chg_21d,0.0
TMO,126,53,macro_inflation_fwd_abs_chg_21d,0.0
TMO,126,53,macro_inflation_fwd_chg_63d,0.018351
TMO,126,53,macro_inflation_fwd_zscore,0.023305
TMO,126,53,macro_dollar_ret,0.0
TMO,126,53,beta_spy,0.023001
TMO,126,53,res_vol,0.046952
TMO,126,53,res_vol_vel,0.0
TMO,126,53,price_regime,0.070506
TMO,126,53,corr_sector_21d,0.088872
TMO,126,53,corr_sector_252d,0.038269
TMO,126,53,sector_wedge,0.022108
TMO,126,54,rv_5d,0.0
TMO,126,54,rv_10d,0.0
TMO,126,54,rv_21d,0.0
TMO,126,54,rv_63d,0.026883
TMO,126,54,rv_126d,0.025237
TMO,126,54,ewma_vol,0.008304
TMO,126,54,garch_cond_vol,0.013284
TMO,126,54,ret_TARGET,0.0
TMO,126,54,tech_RSI,0.0
TMO,126,54,tech_MACD_hist,0.0
TMO,126,54,ret_VIXY,0.0
TMO,126,54,mom21_VIXY,0.0
TMO,126,54,ret_HYG,0.0
TMO,126,54,mom21_HYG,0.024611
TMO,126,54,ret_USO,0.0
TMO,126,54,mom21_USO,0.023767
TMO,126,54,ret_TLT,0.0
TMO,126,54,mom21_TLT,0.022122
TMO,126,54,ret_UUP,0.0
TMO,126,54,mom21_UUP,0.0
TMO,126,54,ret_SPY,0.0
TMO,126,54,mom21_SPY,0.0
TMO,126,54,vol_vel,0.0
TMO,126,54,vol_of_vol,0.007407
TMO,126,54,vol_regime_zscore,0.011931
TMO,126,54,vol_chg_21d,0.0
TMO,126,54,event_fed_gravity,0.068034
TMO,126,54,event_earn_gravity,0.0
TMO,126,54,event_div_gravity,0.0
TMO,126,54,event_cpi_gravity,0.11275
TMO,126,54,event_nfp_gravity,0.157652
TMO,126,54,put_call_skew_30d,0.0
TMO,126,54,term_structure_slope,0.0
TMO,126,54,vrp_wedge,0.0
TMO,126,54,iv_atm_z_score,0.044564
TMO,126,54,macro_yield_curve_slope,0.021691
TMO,126,54,macro_hy_spread,0.021439
TMO,126,54,macro_hy_spread_chg_5d,0.0
TMO,126,54,macro_breakeven_5y,0.022855
TMO,126,54,macro_inflation_fwd_5y5y,0.026843
TMO,126,54,macro_inflation_fwd_chg_21d,0.0
TMO,126,54,macro_inflation_fwd_abs_chg_21d,0.0
TMO,126,54,macro_inflation_fwd_chg_63d,0.018258
TMO,126,54,macro_inflation_fwd_zscore,0.026871
TMO,126,54,macro_dollar_ret,0.0
TMO,126,54,beta_spy,0.023609
TMO,126,54,res_vol,0.043776
TMO,126,54,res_vol_vel,0.0
TMO,126,54,price_regime,0.062069
TMO,126,54,corr_sector_21d,0.124063
TMO,126,54,corr_sector_252d,0.038485
TMO,126,54,sector_wedge,0.023491
TMO,126,55,rv_5d,0.0
TMO,126,55,rv_10d,0.0
TMO,126,55,rv_21d,0.008632
TMO,126,55,rv_63d,0.030716
TMO,126,55,rv_126d,0.024279
TMO,126,55,ewma_vol,0.009025
TMO,126,55,garch_cond_vol,0.017988
TMO,126,55,ret_TARGET,0.0
TMO,126,55,tech_RSI,0.0
TMO,126,55,tech_MACD_hist,0.0
TMO,126,55,ret_VIXY,0.0
TMO,126,55,mom21_VIXY,0.0
TMO,126,55,ret_HYG,0.0
TMO,126,55,mom21_HYG,0.031095
TMO,126,55,ret_USO,0.0
TMO,126,55,mom21_USO,0.0
TMO,126,55,ret_TLT,0.0
TMO,126,55,mom21_TLT,0.012731
TMO,126,55,ret_UUP,0.0
TMO,126,55,mom21_UUP,0.0
TMO,126,55,ret_SPY,0.0
TMO,126,55,mom21_SPY,0.0
TMO,126,55,vol_vel,0.0
TMO,126,55,vol_of_vol,0.015389
TMO,126,55,vol_regime_zscore,0.013186
TMO,126,55,vol_chg_21d,0.0
TMO,126,55,event_fed_gravity,0.104342
TMO,126,55,event_earn_gravity,0.0
TMO,126,55,event_div_gravity,0.0
TMO,126,55,event_cpi_gravity,0.107321
TMO,126,55,event_nfp_gravity,0.127568
TMO,126,55,put_call_skew_30d,0.0
TMO,126,55,term_structure_slope,0.0
TMO,126,55,vrp_wedge,0.0
TMO,126,55,iv_atm_z_score,0.04603
TMO,126,55,macro_yield_curve_slope,0.026054
TMO,126,55,macro_hy_spread,0.02701
TMO,126,55,macro_hy_spread_chg_5d,0.0
TMO,126,55,macro_breakeven_5y,0.024956
TMO,126,55,macro_inflation_fwd_5y5y,0.026002
TMO,126,55,macro_inflation_fwd_chg_21d,0.0
TMO,126,55,macro_inflation_fwd_abs_chg_21d,0.0
TMO,126,55,macro_inflation_fwd_chg_63d,0.021652
TMO,126,55,macro_inflation_fwd_zscore,0.02668
TMO,126,55,macro_dollar_ret,0.0
TMO,126,55,beta_spy,0.026304
TMO,126,55,res_vol,0.052997
TMO,126,55,res_vol_vel,0.0
TMO,126,55,price_regime,0.096334
TMO,126,55,corr_sector_21d,0.053746
TMO,126,55,corr_sector_252d,0.04047
TMO,126,55,sector_wedge,0.029494
TMO,126,56,rv_5d,0.0
TMO,126,56,rv_10d,0.0
TMO,126,56,rv_21d,0.0
TMO,126,56,rv_63d,0.030412
TMO,126,56,rv_126d,0.02607
TMO,126,56,ewma_vol,0.020465
TMO,126,56,garch_cond_vol,0.018263
TMO,126,56,ret_TARGET,0.0
TMO,126,56,tech_RSI,0.0
TMO,126,56,tech_MACD_hist,0.0
TMO,126,56,ret_VIXY,0.0
TMO,126,56,mom21_VIXY,0.0
TMO,126,56,ret_HYG,0.0
TMO,126,56,mom21_HYG,0.03004
TMO,126,56,ret_USO,0.0
TMO,126,56,mom21_USO,0.0
TMO,126,56,ret_TLT,0.0
TMO,126,56,mom21_TLT,0.019426
TMO,126,56,ret_UUP,0.0
TMO,126,56,mom21_UUP,0.0
TMO,126,56,ret_SPY,0.0
TMO,126,56,mom21_SPY,0.0
TMO,126,56,vol_vel,0.0
TMO,126,56,vol_of_vol,0.008311
TMO,126,56,vol_regime_zscore,0.019818
TMO,126,56,vol_chg_21d,0.0
TMO,126,56,event_fed_gravity,0.096621
TMO,126,56,event_earn_gravity,0.0
TMO,126,56,event_div_gravity,0.0
TMO,126,56,event_cpi_gravity,0.115867
TMO,126,56,event_nfp_gravity,0.125439
TMO,126,56,put_call_skew_30d,0.0
TMO,126,56,term_structure_slope,0.0
TMO,126,56,vrp_wedge,0.0
TMO,126,56,iv_atm_z_score,0.046132
TMO,126,56,macro_yield_curve_slope,0.025718
TMO,126,56,macro_hy_spread,0.025523
TMO,126,56,macro_hy_spread_chg_5d,0.0
TMO,126,56,macro_breakeven_5y,0.026937
TMO,126,56,macro_inflation_fwd_5y5y,0.027338
TMO,126,56,macro_inflation_fwd_chg_21d,0.0
TMO,126,56,macro_inflation_fwd_abs_chg_21d,0.0
TMO,126,56,macro_inflation_fwd_chg_63d,0.025066
TMO,126,56,macro_inflation_fwd_zscore,0.026815
TMO,126,56,macro_dollar_ret,0.0
TMO,126,56,beta_spy,0.024775
TMO,126,56,res_vol,0.049238
TMO,126,56,res_vol_vel,0.0
TMO,126,56,price_regime,0.068779
TMO,126,56,corr_sector_21d,0.069263
TMO,126,56,corr_sector_252d,0.046737
TMO,126,56,sector_wedge,0.026949
TMO,126,57,rv_5d,0.0
TMO,126,57,rv_10d,0.0
TMO,126,57,rv_21d,0.016006
TMO,126,57,rv_63d,0.034714
TMO,126,57,rv_126d,0.023105
TMO,126,57,ewma_vol,0.014303
TMO,126,57,garch_cond_vol,0.019612
TMO,126,57,ret_TARGET,0.0
TMO,126,57,tech_RSI,0.0
TMO,126,57,tech_MACD_hist,0.0
TMO,126,57,ret_VIXY,0.0
TMO,126,57,mom21_VIXY,0.0
TMO,126,57,ret_HYG,0.0
TMO,126,57,mom21_HYG,0.029447
TMO,126,57,ret_USO,0.0
TMO,126,57,mom21_USO,0.010058
TMO,126,57,ret_TLT,0.0
TMO,126,57,mom21_TLT,0.027009
TMO,126,57,ret_UUP,0.0
TMO,126,57,mom21_UUP,0.0
TMO,126,57,ret_SPY,0.0
TMO,126,57,mom21_SPY,0.0
TMO,126,57,vol_vel,0.0
TMO,126,57,vol_of_vol,0.009688
TMO,126,57,vol_regime_zscore,0.012231
TMO,126,57,vol_chg_21d,0.0
TMO,126,57,event_fed_gravity,0.100539
TMO,126,57,event_earn_gravity,0.0
TMO,126,57,event_div_gravity,0.0
TMO,126,57,event_cpi_gravity,0.122941
TMO,126,57,event_nfp_gravity,0.148021
TMO,126,57,put_call_skew_30d,0.0
TMO,126,57,term_structure_slope,0.0
TMO,126,57,vrp_wedge,0.0
TMO,126,57,iv_atm_z_score,0.051803
TMO,126,57,macro_yield_curve_slope,0.022065
TMO,126,57,macro_hy_spread,0.029419
TMO,126,57,macro_hy_spread_chg_5d,0.0
TMO,126,57,macro_breakeven_5y,0.023787
TMO,126,57,macro_inflation_fwd_5y5y,0.028203
TMO,126,57,macro_inflation_fwd_chg_21d,0.011048
TMO,126,57,macro_inflation_fwd_abs_chg_21d,0.0
TMO,126,57,macro_inflation_fwd_chg_63d,0.019424
TMO,126,57,macro_inflation_fwd_zscore,0.02797
TMO,126,57,macro_dollar_ret,0.0
TMO,126,57,beta_spy,0.030534
TMO,126,57,res_vol,0.05676
TMO,126,57,res_vol_vel,0.0
TMO,126,57,price_regime,0.050645
TMO,126,57,corr_sector_21d,0.0
TMO,126,57,corr_sector_252d,0.047315
TMO,126,57,sector_wedge,0.033353
TMO,126,58,rv_5d,0.0
TMO,126,58,rv_10d,0.00968
TMO,126,58,rv_21d,0.0
TMO,126,58,rv_63d,0.034666
TMO,126,58,rv_126d,0.028387
TMO,126,58,ewma_vol,0.013006
TMO,126,58,garch_cond_vol,0.020088
TMO,126,58,ret_TARGET,0.0
TMO,126,58,tech_RSI,0.0
TMO,126,58,tech_MACD_hist,0.0
TMO,126,58,ret_VIXY,0.0
TMO,126,58,mom21_VIXY,0.0
TMO,126,58,ret_HYG,0.0
TMO,126,58,mom21_HYG,0.02761
TMO,126,58,ret_USO,0.0
TMO,126,58,mom21_USO,0.009405
TMO,126,58,ret_TLT,0.0
TMO,126,58,mom21_TLT,0.029512
TMO,126,58,ret_UUP,0.0
TMO,126,58,mom21_UUP,0.0
TMO,126,58,ret_SPY,0.0
TMO,126,58,mom21_SPY,0.0
TMO,126,58,vol_vel,0.0
TMO,126,58,vol_of_vol,0.012183
TMO,126,58,vol_regime_zscore,0.010729
TMO,126,58,vol_chg_21d,0.0
TMO,126,58,event_fed_gravity,0.119049
TMO,126,58,event_earn_gravity,0.0
TMO,126,58,event_div_gravity,0.0
TMO,126,58,event_cpi_gravity,0.101376
TMO,126,58,event_nfp_gravity,0.158484
TMO,126,58,put_call_skew_30d,0.0
TMO,126,58,term_structure_slope,0.0
TMO,126,58,vrp_wedge,0.0
TMO,126,58,iv_atm_z_score,0.049328
TMO,126,58,macro_yield_curve_slope,0.04002
TMO,126,58,macro_hy_spread,0.025266
TMO,126,58,macro_hy_spread_chg_5d,0.0
TMO,126,58,macro_breakeven_5y,0.022135
TMO,126,58,macro_inflation_fwd_5y5y,0.02784
TMO,126,58,macro_inflation_fwd_chg_21d,0.0
TMO,126,58,macro_inflation_fwd_abs_chg_21d,0.0
TMO,126,58,macro_inflation_fwd_chg_63d,0.017469
TMO,126,58,macro_inflation_fwd_zscore,0.019017
TMO,126,58,macro_dollar_ret,0.0
TMO,126,58,beta_spy,0.034054
TMO,126,58,res_vol,0.054908
TMO,126,58,res_vol_vel,0.0
TMO,126,58,price_regime,0.053218
TMO,126,58,corr_sector_21d,0.011864
TMO,126,58,corr_sector_252d,0.038624
TMO,126,58,sector_wedge,0.03208
TMO,126,59,rv_5d,0.0
TMO,126,59,rv_10d,0.0
TMO,126,59,rv_21d,0.0
TMO,126,59,rv_63d,0.030008
TMO,126,59,rv_126d,0.027696
TMO,126,59,ewma_vol,0.01295
TMO,126,59,garch_cond_vol,0.011512
TMO,126,59,ret_TARGET,0.0
TMO,126,59,tech_RSI,0.0
TMO,126,59,tech_MACD_hist,0.0
TMO,126,59,ret_VIXY,0.0
TMO,126,59,mom21_VIXY,0.0
TMO,126,59,ret_HYG,0.0
TMO,126,59,mom21_HYG,0.022196
TMO,126,59,ret_USO,0.0
TMO,126,59,mom21_USO,0.008429
TMO,126,59,ret_TLT,0.0
TMO,126,59,mom21_TLT,0.025862
TMO,126,59,ret_UUP,0.0
TMO,126,59,mom21_UUP,0.0
TMO,126,59,ret_SPY,0.0
TMO,126,59,mom21_SPY,0.0
TMO,126,59,vol_vel,0.0
TMO,126,59,vol_of_vol,0.014917
TMO,126,59,vol_regime_zscore,0.011166
TMO,126,59,vol_chg_21d,0.0
TMO,126,59,event_fed_gravity,0.098023
TMO,126,59,event_earn_gravity,0.0
TMO,126,59,event_div_gravity,0.0
TMO,126,59,event_cpi_gravity,0.13197
TMO,126,59,event_nfp_gravity,0.118672
TMO,126,59,put_call_skew_30d,0.0
TMO,126,59,term_structure_slope,0.0
TMO,126,59,vrp_wedge,0.0
TMO,126,59,iv_atm_z_score,0.041457
TMO,126,59,macro_yield_curve_slope,0.044618
TMO,126,59,macro_hy_spread,0.038308
TMO,126,59,macro_hy_spread_chg_5d,0.0
TMO,126,59,macro_breakeven_5y,0.02391
TMO,126,59,macro_inflation_fwd_5y5y,0.029563
TMO,126,59,macro_inflation_fwd_chg_21d,0.0
TMO,126,59,macro_inflation_fwd_abs_chg_21d,0.0
TMO,126,59,macro_inflation_fwd_chg_63d,0.017518
TMO,126,59,macro_inflation_fwd_zscore,0.023689
TMO,126,59,macro_dollar_ret,0.0
TMO,126,59,beta_spy,0.030142
TMO,126,59,res_vol,0.053914
TMO,126,59,res_vol_vel,0.0
TMO,126,59,price_regime,0.074665
TMO,126,59,corr_sector_21d,0.040016
TMO,126,59,corr_sector_252d,0.04541
TMO,126,59,sector_wedge,0.023388
TMO,126,60,rv_5d,0.0
TMO,126,60,rv_10d,0.008239
TMO,126,60,rv_21d,0.011058
TMO,126,60,rv_63d,0.024389
TMO,126,60,rv_126d,0.030119
TMO,126,60,ewma_vol,0.011985
TMO,126,60,garch_cond_vol,0.040052
TMO,126,60,ret_TARGET,0.0
TMO,126,60,tech_RSI,0.0
TMO,126,60,tech_MACD_hist,0.0
TMO,126,60,ret_VIXY,0.0
TMO,126,60,mom21_VIXY,0.0
TMO,126,60,ret_HYG,0.0
TMO,126,60,mom21_HYG,0.021826
TMO,126,60,ret_USO,0.0
TMO,126,60,mom21_USO,0.011916
TMO,126,60,ret_TLT,0.0
TMO,126,60,mom21_TLT,0.033631
TMO,126,60,ret_UUP,0.0
TMO,126,60,mom21_UUP,0.0
TMO,126,60,ret_SPY,0.0
TMO,126,60,mom21_SPY,0.0
TMO,126,60,vol_vel,0.0
TMO,126,60,vol_of_vol,0.014965
TMO,126,60,vol_regime_zscore,0.009675
TMO,126,60,vol_chg_21d,0.0
TMO,126,60,event_fed_gravity,0.105141
TMO,126,60,event_earn_gravity,0.0
TMO,126,60,event_div_gravity,0.0
TMO,126,60,event_cpi_gravity,0.083248
TMO,126,60,event_nfp_gravity,0.130834
TMO,126,60,put_call_skew_30d,0.0
TMO,126,60,term_structure_slope,0.0
TMO,126,60,vrp_wedge,0.0
TMO,126,60,iv_atm_z_score,0.040824
TMO,126,60,macro_yield_curve_slope,0.045672
TMO,126,60,macro_hy_spread,0.040839
TMO,126,60,macro_hy_spread_chg_5d,0.0
TMO,126,60,macro_breakeven_5y,0.022349
TMO,126,60,macro_inflation_fwd_5y5y,0.025278
TMO,126,60,macro_inflation_fwd_chg_21d,0.0
TMO,126,60,macro_inflation_fwd_abs_chg_21d,0.0
TMO,126,60,macro_inflation_fwd_chg_63d,0.018536
TMO,126,60,macro_inflation_fwd_zscore,0.017715
TMO,126,60,macro_dollar_ret,0.0
TMO,126,60,beta_spy,0.023828
TMO,126,60,res_vol,0.049823
TMO,126,60,res_vol_vel,0.0
TMO,126,60,price_regime,0.060163
TMO,126,60,corr_sector_21d,0.057979
TMO,126,60,corr_sector_252d,0.039588
TMO,126,60,sector_wedge,0.020328
TMO,126,61,rv_5d,0.0
TMO,126,61,rv_10d,0.008786
TMO,126,61,rv_21d,0.00797
TMO,126,61,rv_63d,0.02415
TMO,126,61,rv_126d,0.028305
TMO,126,61,ewma_vol,0.008367
TMO,126,61,garch_cond_vol,0.040431
TMO,126,61,ret_TARGET,0.0
TMO,126,61,tech_RSI,0.0
TMO,126,61,tech_MACD_hist,0.0
TMO,126,61,ret_VIXY,0.0
TMO,126,61,mom21_VIXY,0.0
TMO,126,61,ret_HYG,0.0
TMO,126,61,mom21_HYG,0.024448
TMO,126,61,ret_USO,0.0
TMO,126,61,mom21_USO,0.007727
TMO,126,61,ret_TLT,0.0
TMO,126,61,mom21_TLT,0.038039
TMO,126,61,ret_UUP,0.0
TMO,126,61,mom21_UUP,0.0
TMO,126,61,ret_SPY,0.0
TMO,126,61,mom21_SPY,0.0
TMO,126,61,vol_vel,0.0
TMO,126,61,vol_of_vol,0.016537
TMO,126,61,vol_regime_zscore,0.021749
TMO,126,61,vol_chg_21d,0.016929
TMO,126,61,event_fed_gravity,0.095666
TMO,126,61,event_earn_gravity,0.0
TMO,126,61,event_div_gravity,0.0
TMO,126,61,event_cpi_gravity,0.086512
TMO,126,61,event_nfp_gravity,0.120906
TMO,126,61,put_call_skew_30d,0.0
TMO,126,61,term_structure_slope,0.0
TMO,126,61,vrp_wedge,0.0
TMO,126,61,iv_atm_z_score,0.034996
TMO,126,61,macro_yield_curve_slope,0.051465
TMO,126,61,macro_hy_spread,0.038218
TMO,126,61,macro_hy_spread_chg_5d,0.0
TMO,126,61,macro_breakeven_5y,0.017402
TMO,126,61,macro_inflation_fwd_5y5y,0.02692
TMO,126,61,macro_inflation_fwd_chg_21d,0.0
TMO,126,61,macro_inflation_fwd_abs_chg_21d,0.0
TMO,126,61,macro_inflation_fwd_chg_63d,0.014476
TMO,126,61,macro_inflation_fwd_zscore,0.024286
TMO,126,61,macro_dollar_ret,0.0
TMO,126,61,beta_spy,0.025436
TMO,126,61,res_vol,0.048044
TMO,126,61,res_vol_vel,0.0
TMO,126,61,price_regime,0.057771
TMO,126,61,corr_sector_21d,0.051263
TMO,126,61,corr_sector_252d,0.033235
TMO,126,61,sector_wedge,0.029965
TMO,126,62,rv_5d,0.0
TMO,126,62,rv_10d,0.0
TMO,126,62,rv_21d,0.007806
TMO,126,62,rv_63d,0.027749
TMO,126,62,rv_126d,0.027632
TMO,126,62,ewma_vol,0.011861
TMO,126,62,garch_cond_vol,0.02609
TMO,126,62,ret_TARGET,0.0
TMO,126,62,tech_RSI,0.0
TMO,126,62,tech_MACD_hist,0.0
TMO,126,62,ret_VIXY,0.0
TMO,126,62,mom21_VIXY,0.0
TMO,126,62,ret_HYG,0.0
TMO,126,62,mom21_HYG,0.023881
TMO,126,62,ret_USO,0.0
TMO,126,62,mom21_USO,0.0
TMO,126,62,ret_TLT,0.0
TMO,126,62,mom21_TLT,0.025497
TMO,126,62,ret_UUP,0.0
TMO,126,62,mom21_UUP,0.0
TMO,126,62,ret_SPY,0.0
TMO,126,62,mom21_SPY,0.0
TMO,126,62,vol_vel,0.0
TMO,126,62,vol_of_vol,0.014794
TMO,126,62,vol_regime_zscore,0.025057
TMO,126,62,vol_chg_21d,0.0
TMO,126,62,event_fed_gravity,0.073018
TMO,126,62,event_earn_gravity,0.0
TMO,126,62,event_div_gravity,0.0
TMO,126,62,event_cpi_gravity,0.121078
TMO,126,62,event_nfp_gravity,0.1101
TMO,126,62,put_call_skew_30d,0.0
TMO,126,62,term_structure_slope,0.0
TMO,126,62,vrp_wedge,0.0
TMO,126,62,iv_atm_z_score,0.033519
TMO,126,62,macro_yield_curve_slope,0.054521
TMO,126,62,macro_hy_spread,0.048329
TMO,126,62,macro_hy_spread_chg_5d,0.0
TMO,126,62,macro_breakeven_5y,0.019522
TMO,126,62,macro_inflation_fwd_5y5y,0.031847
TMO,126,62,macro_inflation_fwd_chg_21d,0.0
TMO,126,62,macro_inflation_fwd_abs_chg_21d,0.011247
TMO,126,62,macro_inflation_fwd_chg_63d,0.017003
TMO,126,62,macro_inflation_fwd_zscore,0.022582
TMO,126,62,macro_dollar_ret,0.0
TMO,126,62,beta_spy,0.022846
TMO,126,62,res_vol,0.044494
TMO,126,62,res_vol_vel,0.0
TMO,126,62,price_regime,0.048626
TMO,126,62,corr_sector_21d,0.09417
TMO,126,62,corr_sector_252d,0.029023
TMO,126,62,sector_wedge,0.027708
TMO,126,63,rv_5d,0.0
TMO,126,63,rv_10d,0.0
TMO,126,63,rv_21d,0.008079
TMO,126,63,rv_63d,0.0258
TMO,126,63,rv_126d,0.021522
TMO,126,63,ewma_vol,0.0
TMO,126,63,garch_cond_vol,0.028054
TMO,126,63,ret_TARGET,0.0
TMO,126,63,tech_RSI,0.0
TMO,126,63,tech_MACD_hist,0.0
TMO,126,63,ret_VIXY,0.0
TMO,126,63,mom21_VIXY,0.0
TMO,126,63,ret_HYG,0.0
TMO,126,63,mom21_HYG,0.024152
TMO,126,63,ret_USO,0.0
TMO,126,63,mom21_USO,0.007806
TMO,126,63,ret_TLT,0.0
TMO,126,63,mom21_TLT,0.030418
TMO,126,63,ret_UUP,0.0
TMO,126,63,mom21_UUP,0.0
TMO,126,63,ret_SPY,0.0
TMO,126,63,mom21_SPY,0.0
TMO,126,63,vol_vel,0.0
TMO,126,63,vol_of_vol,0.013202
TMO,126,63,vol_regime_zscore,0.030373
TMO,126,63,vol_chg_21d,0.008071
TMO,126,63,event_fed_gravity,0.093702
TMO,126,63,event_earn_gravity,0.0
TMO,126,63,event_div_gravity,0.0
TMO,126,63,event_cpi_gravity,0.108545
TMO,126,63,event_nfp_gravity,0.104135
TMO,126,63,put_call_skew_30d,0.0
TMO,126,63,term_structure_slope,0.0
TMO,126,63,vrp_wedge,0.01263
TMO,126,63,iv_atm_z_score,0.035355
TMO,126,63,macro_yield_curve_slope,0.059229
TMO,126,63,macro_hy_spread,0.038811
TMO,126,63,macro_hy_spread_chg_5d,0.0
TMO,126,63,macro_breakeven_5y,0.01804
TMO,126,63,macro_inflation_fwd_5y5y,0.026577
TMO,126,63,macro_inflation_fwd_chg_21d,0.0
TMO,126,63,macro_inflation_fwd_abs_chg_21d,0.0
TMO,126,63,macro_inflation_fwd_chg_63d,0.01558
TMO,126,63,macro_inflation_fwd_zscore,0.022877
TMO,126,63,macro_dollar_ret,0.0
TMO,126,63,beta_spy,0.023403
TMO,126,63,res_vol,0.048362
TMO,126,63,res_vol_vel,0.0
TMO,126,63,price_regime,0.048633
TMO,126,63,corr_sector_21d,0.069125
TMO,126,63,corr_sector_252d,0.036709
TMO,126,63,sector_wedge,0.040806
TMO,126,64,rv_5d,0.0
TMO,126,64,rv_10d,0.0
TMO,126,64,rv_21d,0.0
TMO,126,64,rv_63d,0.028297
TMO,126,64,rv_126d,0.015557
TMO,126,64,ewma_vol,0.010082
TMO,126,64,garch_cond_vol,0.01049
TMO,126,64,ret_TARGET,0.0
TMO,126,64,tech_RSI,0.0
TMO,126,64,tech_MACD_hist,0.0
TMO,126,64,ret_VIXY,0.0
TMO,126,64,mom21_VIXY,0.0
TMO,126,64,ret_HYG,0.0
TMO,126,64,mom21_HYG,0.023627
TMO,126,64,ret_USO,0.0
TMO,126,64,mom21_USO,0.013029
TMO,126,64,ret_TLT,0.0
TMO,126,64,mom21_TLT,0.022443
TMO,126,64,ret_UUP,0.0
TMO,126,64,mom21_UUP,0.0
TMO,126,64,ret_SPY,0.0
TMO,126,64,mom21_SPY,0.0
TMO,126,64,vol_vel,0.0
TMO,126,64,vol_of_vol,0.014321
TMO,126,64,vol_regime_zscore,0.030212
TMO,126,64,vol_chg_21d,0.0
TMO,126,64,event_fed_gravity,0.087179
TMO,126,64,event_earn_gravity,0.0
TMO,126,64,event_div_gravity,0.0
TMO,126,64,event_cpi_gravity,0.109484
TMO,126,64,event_nfp_gravity,0.118073
TMO,126,64,put_call_skew_30d,0.0
TMO,126,64,term_structure_slope,0.0
TMO,126,64,vrp_wedge,0.0
TMO,126,64,iv_atm_z_score,0.029062
TMO,126,64,macro_yield_curve_slope,0.059433
TMO,126,64,macro_hy_spread,0.038591
TMO,126,64,macro_hy_spread_chg_5d,0.0
TMO,126,64,macro_breakeven_5y,0.018467
TMO,126,64,macro_inflation_fwd_5y5y,0.028873
TMO,126,64,macro_inflation_fwd_chg_21d,0.0
TMO,126,64,macro_inflation_fwd_abs_chg_21d,0.0
TMO,126,64,macro_inflation_fwd_chg_63d,0.019273
TMO,126,64,macro_inflation_fwd_zscore,0.02457
TMO,126,64,macro_dollar_ret,0.0
TMO,126,64,beta_spy,0.026663
TMO,126,64,res_vol,0.04715
TMO,126,64,res_vol_vel,0.0
TMO,126,64,price_regime,0.048442
TMO,126,64,corr_sector_21d,0.104379
TMO,126,64,corr_sector_252d,0.036659
TMO,126,64,sector_wedge,0.035646
TMO,126,65,rv_5d,0.0
TMO,126,65,rv_10d,0.0
TMO,126,65,rv_21d,0.008787
TMO,126,65,rv_63d,0.02503
TMO,126,65,rv_126d,0.025538
TMO,126,65,ewma_vol,0.026326
TMO,126,65,garch_cond_vol,0.035965
TMO,126,65,ret_TARGET,0.0
TMO,126,65,tech_RSI,0.0
TMO,126,65,tech_MACD_hist,0.0
TMO,126,65,ret_VIXY,0.0
TMO,126,65,mom21_VIXY,0.0
TMO,126,65,ret_HYG,0.0
TMO,126,65,mom21_HYG,0.020506
TMO,126,65,ret_USO,0.0
TMO,126,65,mom21_USO,0.010631
TMO,126,65,ret_TLT,0.0
TMO,126,65,mom21_TLT,0.043345
TMO,126,65,ret_UUP,0.0
TMO,126,65,mom21_UUP,0.0
TMO,126,65,ret_SPY,0.0
TMO,126,65,mom21_SPY,0.0
TMO,126,65,vol_vel,0.0
TMO,126,65,vol_of_vol,0.013315
TMO,126,65,vol_regime_zscore,0.01214
TMO,126,65,vol_chg_21d,0.007299
TMO,126,65,event_fed_gravity,0.060767
TMO,126,65,event_earn_gravity,0.0
TMO,126,65,event_div_gravity,0.0
TMO,126,65,event_cpi_gravity,0.098184
TMO,126,65,event_nfp_gravity,0.131075
TMO,126,65,put_call_skew_30d,0.0
TMO,126,65,term_structure_slope,0.0
TMO,126,65,vrp_wedge,0.0
TMO,126,65,iv_atm_z_score,0.028123
TMO,126,65,macro_yield_curve_slope,0.058941
TMO,126,65,macro_hy_spread,0.043335
TMO,126,65,macro_hy_spread_chg_5d,0.0
TMO,126,65,macro_breakeven_5y,0.016083
TMO,126,65,macro_inflation_fwd_5y5y,0.027873
TMO,126,65,macro_inflation_fwd_chg_21d,0.0
TMO,126,65,macro_inflation_fwd_abs_chg_21d,0.009116
TMO,126,65,macro_inflation_fwd_chg_63d,0.016071
TMO,126,65,macro_inflation_fwd_zscore,0.028701
TMO,126,65,macro_dollar_ret,0.0
TMO,126,65,beta_spy,0.020693
TMO,126,65,res_vol,0.040325
TMO,126,65,res_vol_vel,0.0
TMO,126,65,price_regime,0.05726
TMO,126,65,corr_sector_21d,0.082887
TMO,126,65,corr_sector_252d,0.02915
TMO,126,65,sector_wedge,0.022535
TMO,126,66,rv_5d,0.0
TMO,126,66,rv_10d,0.0
TMO,126,66,rv_21d,0.007977
TMO,126,66,rv_63d,0.023759
TMO,126,66,rv_126d,0.022917
TMO,126,66,ewma_vol,0.034178
TMO,126,66,garch_cond_vol,0.014348
TMO,126,66,ret_TARGET,0.0
TMO,126,66,tech_RSI,0.0
TMO,126,66,tech_MACD_hist,0.0
TMO,126,66,ret_VIXY,0.0
TMO,126,66,mom21_VIXY,0.0
TMO,126,66,ret_HYG,0.0
TMO,126,66,mom21_HYG,0.024438
TMO,126,66,ret_USO,0.0
TMO,126,66,mom21_USO,0.0
TMO,126,66,ret_TLT,0.0
TMO,126,66,mom21_TLT,0.026962
TMO,126,66,ret_UUP,0.0
TMO,126,66,mom21_UUP,0.0
TMO,126,66,ret_SPY,0.0
TMO,126,66,mom21_SPY,0.0
TMO,126,66,vol_vel,0.0
TMO,126,66,vol_of_vol,0.011241
TMO,126,66,vol_regime_zscore,0.027489
TMO,126,66,vol_chg_21d,0.0
TMO,126,66,event_fed_gravity,0.101364
TMO,126,66,event_earn_gravity,0.0
TMO,126,66,event_div_gravity,0.0
TMO,126,66,event_cpi_gravity,0.084674
TMO,126,66,event_nfp_gravity,0.127049
TMO,126,66,put_call_skew_30d,0.0
TMO,126,66,term_structure_slope,0.0
TMO,126,66,vrp_wedge,0.0
TMO,126,66,iv_atm_z_score,0.03167
TMO,126,66,macro_yield_curve_slope,0.062874
TMO,126,66,macro_hy_spread,0.038287
TMO,126,66,macro_hy_spread_chg_5d,0.0
TMO,126,66,macro_breakeven_5y,0.015882
TMO,126,66,macro_inflation_fwd_5y5y,0.030657
TMO,126,66,macro_inflation_fwd_chg_21d,0.0
TMO,126,66,macro_inflation_fwd_abs_chg_21d,0.022258
TMO,126,66,macro_inflation_fwd_chg_63d,0.014121
TMO,126,66,macro_inflation_fwd_zscore,0.030555
TMO,126,66,macro_dollar_ret,0.0
TMO,126,66,beta_spy,0.025247
TMO,126,66,res_vol,0.042604
TMO,126,66,res_vol_vel,0.012818
TMO,126,66,price_regime,0.025584
TMO,126,66,corr_sector_21d,0.077814
TMO,126,66,corr_sector_252d,0.036261
TMO,126,66,sector_wedge,0.026973
TMO,126,67,rv_5d,0.010869
TMO,126,67,rv_10d,0.0
TMO,126,67,rv_21d,0.0
TMO,126,67,rv_63d,0.026193
TMO,126,67,rv_126d,0.023246
TMO,126,67,ewma_vol,0.017455
TMO,126,67,garch_cond_vol,0.012399
TMO,126,67,ret_TARGET,0.0
TMO,126,67,tech_RSI,0.0
TMO,126,67,tech_MACD_hist,0.0
TMO,126,67,ret_VIXY,0.0
TMO,126,67,mom21_VIXY,0.0
TMO,126,67,ret_HYG,0.0
TMO,126,67,mom21_HYG,0.022548
TMO,126,67,ret_USO,0.0
TMO,126,67,mom21_USO,0.015409
TMO,126,67,ret_TLT,0.0
TMO,126,67,mom21_TLT,0.016354
TMO,126,67,ret_UUP,0.0
TMO,126,67,mom21_UUP,0.0
TMO,126,67,ret_SPY,0.0
TMO,126,67,mom21_SPY,0.0
TMO,126,67,vol_vel,0.0
TMO,126,67,vol_of_vol,0.01298
TMO,126,67,vol_regime_zscore,0.034796
TMO,126,67,vol_chg_21d,0.0
TMO,126,67,event_fed_gravity,0.069635
TMO,126,67,event_earn_gravity,0.0
TMO,126,67,event_div_gravity,0.0
TMO,126,67,event_cpi_gravity,0.113896
TMO,126,67,event_nfp_gravity,0.123191
TMO,126,67,put_call_skew_30d,0.0
TMO,126,67,term_structure_slope,0.0
TMO,126,67,vrp_wedge,0.0
TMO,126,67,iv_atm_z_score,0.033665
TMO,126,67,macro_yield_curve_slope,0.069334
TMO,126,67,macro_hy_spread,0.049299
TMO,126,67,macro_hy_spread_chg_5d,0.0
TMO,126,67,macro_breakeven_5y,0.020279
TMO,126,67,macro_inflation_fwd_5y5y,0.027853
TMO,126,67,macro_inflation_fwd_chg_21d,0.0
TMO,126,67,macro_inflation_fwd_abs_chg_21d,0.010833
TMO,126,67,macro_inflation_fwd_chg_63d,0.01994
TMO,126,67,macro_inflation_fwd_zscore,0.026891
TMO,126,67,macro_dollar_ret,0.0
TMO,126,67,beta_spy,0.030502
TMO,126,67,res_vol,0.04303
TMO,126,67,res_vol_vel,0.0
TMO,126,67,price_regime,0.040604
TMO,126,67,corr_sector_21d,0.064918
TMO,126,67,corr_sector_252d,0.038627
TMO,126,67,sector_wedge,0.025253
TMO,126,68,rv_5d,0.011323
TMO,126,68,rv_10d,0.0
TMO,126,68,rv_21d,0.0
TMO,126,68,rv_63d,0.027627
TMO,126,68,rv_126d,0.037847
TMO,126,68,ewma_vol,0.03223
TMO,126,68,garch_cond_vol,0.013628
TMO,126,68,ret_TARGET,0.0
TMO,126,68,tech_RSI,0.0
TMO,126,68,tech_MACD_hist,0.0
TMO,126,68,ret_VIXY,0.0
TMO,126,68,mom21_VIXY,0.0
TMO,126,68,ret_HYG,0.0
TMO,126,68,mom21_HYG,0.022586
TMO,126,68,ret_USO,0.0
TMO,126,68,mom21_USO,0.015862
TMO,126,68,ret_TLT,0.0
TMO,126,68,mom21_TLT,0.024073
TMO,126,68,ret_UUP,0.0
TMO,126,68,mom21_UUP,0.0
TMO,126,68,ret_SPY,0.0
TMO,126,68,mom21_SPY,0.0
TMO,126,68,vol_vel,0.0
TMO,126,68,vol_of_vol,0.012057
TMO,126,68,vol_regime_zscore,0.021505
TMO,126,68,vol_chg_21d,0.0
TMO,126,68,event_fed_gravity,0.091116
TMO,126,68,event_earn_gravity,0.0
TMO,126,68,event_div_gravity,0.0
TMO,126,68,event_cpi_gravity,0.115773
TMO,126,68,event_nfp_gravity,0.137895
TMO,126,68,put_call_skew_30d,0.0
TMO,126,68,term_structure_slope,0.0
TMO,126,68,vrp_wedge,0.0
TMO,126,68,iv_atm_z_score,0.031015
TMO,126,68,macro_yield_curve_slope,0.072471
TMO,126,68,macro_hy_spread,0.043257
TMO,126,68,macro_hy_spread_chg_5d,0.0
TMO,126,68,macro_breakeven_5y,0.016442
TMO,126,68,macro_inflation_fwd_5y5y,0.026948
TMO,126,68,macro_inflation_fwd_chg_21d,0.0
TMO,126,68,macro_inflation_fwd_abs_chg_21d,0.0
TMO,126,68,macro_inflation_fwd_chg_63d,0.021152
TMO,126,68,macro_inflation_fwd_zscore,0.030742
TMO,126,68,macro_dollar_ret,0.0
TMO,126,68,beta_spy,0.030518
TMO,126,68,res_vol,0.045062
TMO,126,68,res_vol_vel,0.0
TMO,126,68,price_regime,0.03233
TMO,126,68,corr_sector_21d,0.014604
TMO,126,68,corr_sector_252d,0.038581
TMO,126,68,sector_wedge,0.033353
TMO,126,69,rv_5d,0.0
TMO,126,69,rv_10d,0.0
TMO,126,69,rv_21d,0.012944
TMO,126,69,rv_63d,0.024584
TMO,126,69,rv_126d,0.030291
TMO,126,69,ewma_vol,0.028354
TMO,126,69,garch_cond_vol,0.0
TMO,126,69,ret_TARGET,0.0
TMO,126,69,tech_RSI,0.0
TMO,126,69,tech_MACD_hist,0.0
TMO,126,69,ret_VIXY,0.0
TMO,126,69,mom21_VIXY,0.0
TMO,126,69,ret_HYG,0.0
TMO,126,69,mom21_HYG,0.020711
TMO,126,69,ret_USO,0.0
TMO,126,69,mom21_USO,0.011369
TMO,126,69,ret_TLT,0.0
TMO,126,69,mom21_TLT,0.01407
TMO,126,69,ret_UUP,0.0
TMO,126,69,mom21_UUP,0.0
TMO,126,69,ret_SPY,0.0
TMO,126,69,mom21_SPY,0.0
TMO,126,69,vol_vel,0.0
TMO,126,69,vol_of_vol,0.012024
TMO,126,69,vol_regime_zscore,0.032523
TMO,126,69,vol_chg_21d,0.0
TMO,126,69,event_fed_gravity,0.090482
TMO,126,69,event_earn_gravity,0.0
TMO,126,69,event_div_gravity,0.0
TMO,126,69,event_cpi_gravity,0.138109
TMO,126,69,event_nfp_gravity,0.126541
TMO,126,69,put_call_skew_30d,0.0
TMO,126,69,term_structure_slope,0.0
TMO,126,69,vrp_wedge,0.007777
TMO,126,69,iv_atm_z_score,0.032916
TMO,126,69,macro_yield_curve_slope,0.069736
TMO,126,69,macro_hy_spread,0.040338
TMO,126,69,macro_hy_spread_chg_5d,0.0
TMO,126,69,macro_breakeven_5y,0.017
TMO,126,69,macro_inflation_fwd_5y5y,0.026167
TMO,126,69,macro_inflation_fwd_chg_21d,0.0
TMO,126,69,macro_inflation_fwd_abs_chg_21d,0.011235
TMO,126,69,macro_inflation_fwd_chg_63d,0.018515
TMO,126,69,macro_inflation_fwd_zscore,0.029462
TMO,126,69,macro_dollar_ret,0.0
TMO,126,69,beta_spy,0.032678
TMO,126,69,res_vol,0.040105
TMO,126,69,res_vol_vel,0.0
TMO,126,69,price_regime,0.042185
TMO,126,69,corr_sector_21d,0.01883
TMO,126,69,corr_sector_252d,0.036805
TMO,126,69,sector_wedge,0.034251
TMO,126,70,rv_5d,0.011909
TMO,126,70,rv_10d,0.0
TMO,126,70,rv_21d,0.0
TMO,126,70,rv_63d,0.021012
TMO,126,70,rv_126d,0.029632
TMO,126,70,ewma_vol,0.026282
TMO,126,70,garch_cond_vol,0.011933
TMO,126,70,ret_TARGET,0.0
TMO,126,70,tech_RSI,0.0
TMO,126,70,tech_MACD_hist,0.0
TMO,126,70,ret_VIXY,0.0
TMO,126,70,mom21_VIXY,0.0
TMO,126,70,ret_HYG,0.0
TMO,126,70,mom21_HYG,0.022951
TMO,126,70,ret_USO,0.0
TMO,126,70,mom21_USO,0.037456
TMO,126,70,ret_TLT,0.0
TMO,126,70,mom21_TLT,0.025691
TMO,126,70,ret_UUP,0.0
TMO,126,70,mom21_UUP,0.0
TMO,126,70,ret_SPY,0.0
TMO,126,70,mom21_SPY,0.0
TMO,126,70,vol_vel,0.0
TMO,126,70,vol_of_vol,0.014376
TMO,126,70,vol_regime_zscore,0.045355
TMO,126,70,vol_chg_21d,0.0
TMO,126,70,event_fed_gravity,0.077956
TMO,126,70,event_earn_gravity,0.0
TMO,126,70,event_div_gravity,0.0
TMO,126,70,event_cpi_gravity,0.113733
TMO,126,70,event_nfp_gravity,0.12793
TMO,126,70,put_call_skew_30d,0.0
TMO,126,70,term_structure_slope,0.0
TMO,126,70,vrp_wedge,0.0
TMO,126,70,iv_atm_z_score,0.033083
TMO,126,70,macro_yield_curve_slope,0.068863
TMO,126,70,macro_hy_spread,0.051275
TMO,126,70,macro_hy_spread_chg_5d,0.0
TMO,126,70,macro_breakeven_5y,0.016044
TMO,126,70,macro_inflation_fwd_5y5y,0.024119
TMO,126,70,macro_inflation_fwd_chg_21d,0.0
TMO,126,70,macro_inflation_fwd_abs_chg_21d,0.0
TMO,126,70,macro_inflation_fwd_chg_63d,0.021787
TMO,126,70,macro_inflation_fwd_zscore,0.02516
TMO,126,70,macro_dollar_ret,0.0
TMO,126,70,beta_spy,0.029244
TMO,126,70,res_vol,0.042186
TMO,126,70,res_vol_vel,0.0
TMO,126,70,price_regime,0.030466
TMO,126,70,corr_sector_21d,0.035617
TMO,126,70,corr_sector_252d,0.036655
TMO,126,70,sector_wedge,0.019288
TMO,126,71,rv_5d,0.021909
TMO,126,71,rv_10d,0.0
TMO,126,71,rv_21d,0.007959
TMO,126,71,rv_63d,0.025433
TMO,126,71,rv_126d,0.032045
TMO,126,71,ewma_vol,0.026793
TMO,126,71,garch_cond_vol,0.010544
TMO,126,71,ret_TARGET,0.0
TMO,126,71,tech_RSI,0.0
TMO,126,71,tech_MACD_hist,0.0
TMO,126,71,ret_VIXY,0.0
TMO,126,71,mom21_VIXY,0.0
TMO,126,71,ret_HYG,0.0
TMO,126,71,mom21_HYG,0.022555
TMO,126,71,ret_USO,0.0
TMO,126,71,mom21_USO,0.011055
TMO,126,71,ret_TLT,0.0
TMO,126,71,mom21_TLT,0.014504
TMO,126,71,ret_UUP,0.0
TMO,126,71,mom21_UUP,0.0
TMO,126,71,ret_SPY,0.0
TMO,126,71,mom21_SPY,0.0
TMO,126,71,vol_vel,0.0
TMO,126,71,vol_of_vol,0.011201
TMO,126,71,vol_regime_zscore,0.029428
TMO,126,71,vol_chg_21d,0.0
TMO,126,71,event_fed_gravity,0.08773
TMO,126,71,event_earn_gravity,0.0
TMO,126,71,event_div_gravity,0.0
TMO,126,71,event_cpi_gravity,0.097139
TMO,126,71,event_nfp_gravity,0.148285
TMO,126,71,put_call_skew_30d,0.0
TMO,126,71,term_structure_slope,0.0
TMO,126,71,vrp_wedge,0.008397
TMO,126,71,iv_atm_z_score,0.032935
TMO,126,71,macro_yield_curve_slope,0.071013
TMO,126,71,macro_hy_spread,0.040238
TMO,126,71,macro_hy_spread_chg_5d,0.0
TMO,126,71,macro_breakeven_5y,0.014678
TMO,126,71,macro_inflation_fwd_5y5y,0.023376
TMO,126,71,macro_inflation_fwd_chg_21d,0.0
TMO,126,71,macro_inflation_fwd_abs_chg_21d,0.0
TMO,126,71,macro_inflation_fwd_chg_63d,0.022279
TMO,126,71,macro_inflation_fwd_zscore,0.027835
TMO,126,71,macro_dollar_ret,0.0
TMO,126,71,beta_spy,0.027938
TMO,126,71,res_vol,0.035718
TMO,126,71,res_vol_vel,0.0
TMO,126,71,price_regime,0.03438
TMO,126,71,corr_sector_21d,0.053158
TMO,126,71,corr_sector_252d,0.036283
TMO,126,71,sector_wedge,0.025191
TMO,126,72,rv_5d,0.022595
TMO,126,72,rv_10d,0.0
TMO,126,72,rv_21d,0.009386
TMO,126,72,rv_63d,0.022649
TMO,126,72,rv_126d,0.027079
TMO,126,72,ewma_vol,0.015945
TMO,126,72,garch_cond_vol,0.025459
TMO,126,72,ret_TARGET,0.0
TMO,126,72,tech_RSI,0.0
TMO,126,72,tech_MACD_hist,0.0
TMO,126,72,ret_VIXY,0.0
TMO,126,72,mom21_VIXY,0.0
TMO,126,72,ret_HYG,0.0
TMO,126,72,mom21_HYG,0.01804
TMO,126,72,ret_USO,0.0
TMO,126,72,mom21_USO,0.008154
TMO,126,72,ret_TLT,0.0
TMO,126,72,mom21_TLT,0.020588
TMO,126,72,ret_UUP,0.0
TMO,126,72,mom21_UUP,0.0
TMO,126,72,ret_SPY,0.0
TMO,126,72,mom21_SPY,0.0
TMO,126,72,vol_vel,0.0
TMO,126,72,vol_of_vol,0.00908
TMO,126,72,vol_regime_zscore,0.024856
TMO,126,72,vol_chg_21d,0.0
TMO,126,72,event_fed_gravity,0.083917
TMO,126,72,event_earn_gravity,0.0
TMO,126,72,event_div_gravity,0.0
TMO,126,72,event_cpi_gravity,0.112484
TMO,126,72,event_nfp_gravity,0.098666
TMO,126,72,put_call_skew_30d,0.0
TMO,126,72,term_structure_slope,0.0
TMO,126,72,vrp_wedge,0.010364
TMO,126,72,iv_atm_z_score,0.034851
TMO,126,72,macro_yield_curve_slope,0.07395
TMO,126,72,macro_hy_spread,0.033557
TMO,126,72,macro_hy_spread_chg_5d,0.0
TMO,126,72,macro_breakeven_5y,0.01975
TMO,126,72,macro_inflation_fwd_5y5y,0.025489
TMO,126,72,macro_inflation_fwd_chg_21d,0.0
TMO,126,72,macro_inflation_fwd_abs_chg_21d,0.00998
TMO,126,72,macro_inflation_fwd_chg_63d,0.024155
TMO,126,72,macro_inflation_fwd_zscore,0.03331
TMO,126,72,macro_dollar_ret,0.0
TMO,126,72,beta_spy,0.031064
TMO,126,72,res_vol,0.039964
TMO,126,72,res_vol_vel,0.0
TMO,126,72,price_regime,0.04925
TMO,126,72,corr_sector_21d,0.053488
TMO,126,72,corr_sector_252d,0.03152
TMO,126,72,sector_wedge,0.030411
TMO,126,73,rv_5d,0.010959
TMO,126,73,rv_10d,0.0
TMO,126,73,rv_21d,0.019353
TMO,126,73,rv_63d,0.018892
TMO,126,73,rv_126d,0.032126
TMO,126,73,ewma_vol,0.0138
TMO,126,73,garch_cond_vol,0.015863
TMO,126,73,ret_TARGET,0.0
TMO,126,73,tech_RSI,0.0
TMO,126,73,tech_MACD_hist,0.068192
TMO,126,73,ret_VIXY,0.0
TMO,126,73,mom21_VIXY,0.0
TMO,126,73,ret_HYG,0.0
TMO,126,73,mom21_HYG,0.024157
TMO,126,73,ret_USO,0.0
TMO,126,73,mom21_USO,0.010344
TMO,126,73,ret_TLT,0.0
TMO,126,73,mom21_TLT,0.026029
TMO,126,73,ret_UUP,0.0
TMO,126,73,mom21_UUP,0.016061
TMO,126,73,ret_SPY,0.0
TMO,126,73,mom21_SPY,0.0
TMO,126,73,vol_vel,0.0
TMO,126,73,vol_of_vol,0.019717
TMO,126,73,vol_regime_zscore,0.021904
TMO,126,73,vol_chg_21d,0.008848
TMO,126,73,event_fed_gravity,0.049191
TMO,126,73,event_earn_gravity,0.0
TMO,126,73,event_div_gravity,0.0
TMO,126,73,event_cpi_gravity,0.108806
TMO,126,73,event_nfp_gravity,0.108851
TMO,126,73,put_call_skew_30d,0.0
TMO,126,73,term_structure_slope,0.0
TMO,126,73,vrp_wedge,0.0
TMO,126,73,iv_atm_z_score,0.02579
TMO,126,73,macro_yield_curve_slope,0.071323
TMO,126,73,macro_hy_spread,0.035413
TMO,126,73,macro_hy_spread_chg_5d,0.008806
TMO,126,73,macro_breakeven_5y,0.016497
TMO,126,73,macro_inflation_fwd_5y5y,0.022877
TMO,126,73,macro_inflation_fwd_chg_21d,0.0
TMO,126,73,macro_inflation_fwd_abs_chg_21d,0.013612
TMO,126,73,macro_inflation_fwd_chg_63d,0.017358
TMO,126,73,macro_inflation_fwd_zscore,0.024821
TMO,126,73,macro_dollar_ret,0.0
TMO,126,73,beta_spy,0.029904
TMO,126,73,res_vol,0.036256
TMO,126,73,res_vol_vel,0.0
TMO,126,73,price_regime,0.040995
TMO,126,73,corr_sector_21d,0.032467
TMO,126,73,corr_sector_252d,0.028119
TMO,126,73,sector_wedge,0.02267
TMO,126,74,rv_5d,0.0
TMO,126,74,rv_10d,0.0
TMO,126,74,rv_21d,0.011533
TMO,126,74,rv_63d,0.035862
TMO,126,74,rv_126d,0.029327
TMO,126,74,ewma_vol,0.010016
TMO,126,74,garch_cond_vol,0.032967
TMO,126,74,ret_TARGET,0.0
TMO,126,74,tech_RSI,0.0
TMO,126,74,tech_MACD_hist,0.0
TMO,126,74,ret_VIXY,0.0
TMO,126,74,mom21_VIXY,0.0
TMO,126,74,ret_HYG,0.0
TMO,126,74,mom21_HYG,0.022298
TMO,126,74,ret_USO,0.0
TMO,126,74,mom21_USO,0.01138
TMO,126,74,ret_TLT,0.0
TMO,126,74,mom21_TLT,0.026921
TMO,126,74,ret_UUP,0.0
TMO,126,74,mom21_UUP,0.0
TMO,126,74,ret_SPY,0.0
TMO,126,74,mom21_SPY,0.0
TMO,126,74,vol_vel,0.0
TMO,126,74,vol_of_vol,0.019862
TMO,126,74,vol_regime_zscore,0.029342
TMO,126,74,vol_chg_21d,0.00847
TMO,126,74,event_fed_gravity,0.066228
TMO,126,74,event_earn_gravity,0.0
TMO,126,74,event_div_gravity,0.0
TMO,126,74,event_cpi_gravity,0.101704
TMO,126,74,event_nfp_gravity,0.137444
TMO,126,74,put_call_skew_30d,0.0
TMO,126,74,term_structure_slope,0.0
TMO,126,74,vrp_wedge,0.0
TMO,126,74,iv_atm_z_score,0.032567
TMO,126,74,macro_yield_curve_slope,0.068387
TMO,126,74,macro_hy_spread,0.046245
TMO,126,74,macro_hy_spread_chg_5d,0.0
TMO,126,74,macro_breakeven_5y,0.015981
TMO,126,74,macro_inflation_fwd_5y5y,0.030673
TMO,126,74,macro_inflation_fwd_chg_21d,0.017351
TMO,126,74,macro_inflation_fwd_abs_chg_21d,0.00921
TMO,126,74,macro_inflation_fwd_chg_63d,0.011586
TMO,126,74,macro_inflation_fwd_zscore,0.023157
TMO,126,74,macro_dollar_ret,0.0
TMO,126,74,beta_spy,0.029923
TMO,126,74,res_vol,0.039426
TMO,126,74,res_vol_vel,0.0
TMO,126,74,price_regime,0.058197
TMO,126,74,corr_sector_21d,0.021744
TMO,126,74,corr_sector_252d,0.031447
TMO,126,74,sector_wedge,0.020753
TMO,126,75,rv_5d,0.022153
TMO,126,75,rv_10d,0.0
TMO,126,75,rv_21d,0.006557
TMO,126,75,rv_63d,0.028101
TMO,126,75,rv_126d,0.022591
TMO,126,75,ewma_vol,0.011701
TMO,126,75,garch_cond_vol,0.013729
TMO,126,75,ret_TARGET,0.0
TMO,126,75,tech_RSI,0.0
TMO,126,75,tech_MACD_hist,0.0
TMO,126,75,ret_VIXY,0.0
TMO,126,75,mom21_VIXY,0.0
TMO,126,75,ret_HYG,0.0
TMO,126,75,mom21_HYG,0.022378
TMO,126,75,ret_USO,0.0
TMO,126,75,mom21_USO,0.009601
TMO,126,75,ret_TLT,0.0
TMO,126,75,mom21_TLT,0.025586
TMO,126,75,ret_UUP,0.0
TMO,126,75,mom21_UUP,0.0
TMO,126,75,ret_SPY,0.0
TMO,126,75,mom21_SPY,0.0
TMO,126,75,vol_vel,0.0
TMO,126,75,vol_of_vol,0.009509
TMO,126,75,vol_regime_zscore,0.026227
TMO,126,75,vol_chg_21d,0.006482
TMO,126,75,event_fed_gravity,0.077021
TMO,126,75,event_earn_gravity,0.0
TMO,126,75,event_div_gravity,0.0
TMO,126,75,event_cpi_gravity,0.074051
TMO,126,75,event_nfp_gravity,0.153646
TMO,126,75,put_call_skew_30d,0.0
TMO,126,75,term_structure_slope,0.006544
TMO,126,75,vrp_wedge,0.0
TMO,126,75,iv_atm_z_score,0.035493
TMO,126,75,macro_yield_curve_slope,0.074303
TMO,126,75,macro_hy_spread,0.05304
TMO,126,75,macro_hy_spread_chg_5d,0.00747
TMO,126,75,macro_breakeven_5y,0.014044
TMO,126,75,macro_inflation_fwd_5y5y,0.034854
TMO,126,75,macro_inflation_fwd_chg_21d,0.018656
TMO,126,75,macro_inflation_fwd_abs_chg_21d,0.008884
TMO,126,75,macro_inflation_fwd_chg_63d,0.012328
TMO,126,75,macro_inflation_fwd_zscore,0.023425
TMO,126,75,macro_dollar_ret,0.0
TMO,126,75,beta_spy,0.027181
TMO,126,75,res_vol,0.048303
TMO,126,75,res_vol_vel,0.0
TMO,126,75,price_regime,0.059796
TMO,126,75,corr_sector_21d,0.012883
TMO,126,75,corr_sector_252d,0.03082
TMO,126,75,sector_wedge,0.022643
TMO,126,76,rv_5d,0.0
TMO,126,76,rv_10d,0.0
TMO,126,76,rv_21d,0.008818
TMO,126,76,rv_63d,0.020003
TMO,126,76,rv_126d,0.027328
TMO,126,76,ewma_vol,0.023058
TMO,126,76,garch_cond_vol,0.010219
TMO,126,76,ret_TARGET,0.0
TMO,126,76,tech_RSI,0.0
TMO,126,76,tech_MACD_hist,0.0
TMO,126,76,ret_VIXY,0.0
TMO,126,76,mom21_VIXY,0.0
TMO,126,76,ret_HYG,0.0
TMO,126,76,mom21_HYG,0.019013
TMO,126,76,ret_USO,0.0
TMO,126,76,mom21_USO,0.0
TMO,126,76,ret_TLT,0.0
TMO,126,76,mom21_TLT,0.030877
TMO,126,76,ret_UUP,0.0
TMO,126,76,mom21_UUP,0.0
TMO,126,76,ret_SPY,0.0
TMO,126,76,mom21_SPY,0.0
TMO,126,76,vol_vel,0.0
TMO,126,76,vol_of_vol,0.017732
TMO,126,76,vol_regime_zscore,0.014749
TMO,126,76,vol_chg_21d,0.0
TMO,126,76,event_fed_gravity,0.085107
TMO,126,76,event_earn_gravity,0.0
TMO,126,76,event_div_gravity,0.0
TMO,126,76,event_cpi_gravity,0.089107
TMO,126,76,event_nfp_gravity,0.097555
TMO,126,76,put_call_skew_30d,0.0
TMO,126,76,term_structure_slope,0.0
TMO,126,76,vrp_wedge,0.0
TMO,126,76,iv_atm_z_score,0.048802
TMO,126,76,macro_yield_curve_slope,0.076297
TMO,126,76,macro_hy_spread,0.041742
TMO,126,76,macro_hy_spread_chg_5d,0.0
TMO,126,76,macro_breakeven_5y,0.012696
TMO,126,76,macro_inflation_fwd_5y5y,0.038505
TMO,126,76,macro_inflation_fwd_chg_21d,0.0523
TMO,126,76,macro_inflation_fwd_abs_chg_21d,0.0
TMO,126,76,macro_inflation_fwd_chg_63d,0.013491
TMO,126,76,macro_inflation_fwd_zscore,0.032369
TMO,126,76,macro_dollar_ret,0.0
TMO,126,76,beta_spy,0.045038
TMO,126,76,res_vol,0.051269
TMO,126,76,res_vol_vel,0.0
TMO,126,76,price_regime,0.067125
TMO,126,76,corr_sector_21d,0.017507
TMO,126,76,corr_sector_252d,0.029355
TMO,126,76,sector_wedge,0.029938
TMO,126,77,rv_5d,0.0
TMO,126,77,rv_10d,0.007403
TMO,126,77,rv_21d,0.008668
TMO,126,77,rv_63d,0.020116
TMO,126,77,rv_126d,0.033964
TMO,126,77,ewma_vol,0.016015
TMO,126,77,garch_cond_vol,0.009446
TMO,126,77,ret_TARGET,0.0
TMO,126,77,tech_RSI,0.0
TMO,126,77,tech_MACD_hist,0.00609
TMO,126,77,ret_VIXY,0.0
TMO,126,77,mom21_VIXY,0.020432
TMO,126,77,ret_HYG,0.0
TMO,126,77,mom21_HYG,0.021521
TMO,126,77,ret_USO,0.0
TMO,126,77,mom21_USO,0.011299
TMO,126,77,ret_TLT,0.0
TMO,126,77,mom21_TLT,0.010764
TMO,126,77,ret_UUP,0.0
TMO,126,77,mom21_UUP,0.0
TMO,126,77,ret_SPY,0.0
TMO,126,77,mom21_SPY,0.0
TMO,126,77,vol_vel,0.0
TMO,126,77,vol_of_vol,0.011873
TMO,126,77,vol_regime_zscore,0.017976
TMO,126,77,vol_chg_21d,0.010766
TMO,126,77,event_fed_gravity,0.060588
TMO,126,77,event_earn_gravity,0.0
TMO,126,77,event_div_gravity,0.0
TMO,126,77,event_cpi_gravity,0.105748
TMO,126,77,event_nfp_gravity,0.127742
TMO,126,77,put_call_skew_30d,0.0
TMO,126,77,term_structure_slope,0.0
TMO,126,77,vrp_wedge,0.0
TMO,126,77,iv_atm_z_score,0.042513
TMO,126,77,macro_yield_curve_slope,0.086922
TMO,126,77,macro_hy_spread,0.047862
TMO,126,77,macro_hy_spread_chg_5d,0.0
TMO,126,77,macro_breakeven_5y,0.014607
TMO,126,77,macro_inflation_fwd_5y5y,0.050891
TMO,126,77,macro_inflation_fwd_chg_21d,0.0
TMO,126,77,macro_inflation_fwd_abs_chg_21d,0.0
TMO,126,77,macro_inflation_fwd_chg_63d,0.012707
TMO,126,77,macro_inflation_fwd_zscore,0.027661
TMO,126,77,macro_dollar_ret,0.0
TMO,126,77,beta_spy,0.032356
TMO,126,77,res_vol,0.046037
TMO,126,77,res_vol_vel,0.0
TMO,126,77,price_regime,0.058114
TMO,126,77,corr_sector_21d,0.022638
TMO,126,77,corr_sector_252d,0.030619
TMO,126,77,sector_wedge,0.026662
TMO,126,78,rv_5d,0.022515
TMO,126,78,rv_10d,0.0
TMO,126,78,rv_21d,0.005438
TMO,126,78,rv_63d,0.014236
TMO,126,78,rv_126d,0.059717
TMO,126,78,ewma_vol,0.011789
TMO,126,78,garch_cond_vol,0.012464
TMO,126,78,ret_TARGET,0.0
TMO,126,78,tech_RSI,0.0
TMO,126,78,tech_MACD_hist,0.114516
TMO,126,78,ret_VIXY,0.0
TMO,126,78,mom21_VIXY,0.011337
TMO,126,78,ret_HYG,0.0
TMO,126,78,mom21_HYG,0.017914
TMO,126,78,ret_USO,0.0
TMO,126,78,mom21_USO,0.008357
TMO,126,78,ret_TLT,0.0
TMO,126,78,mom21_TLT,0.011207
TMO,126,78,ret_UUP,0.0
TMO,126,78,mom21_UUP,0.0
TMO,126,78,ret_SPY,0.0
TMO,126,78,mom21_SPY,0.0
TMO,126,78,vol_vel,0.0
TMO,126,78,vol_of_vol,0.00804
TMO,126,78,vol_regime_zscore,0.017364
TMO,126,78,vol_chg_21d,0.007463
TMO,126,78,event_fed_gravity,0.065012
TMO,126,78,event_earn_gravity,0.0
TMO,126,78,event_div_gravity,0.0
TMO,126,78,event_cpi_gravity,0.071502
TMO,126,78,event_nfp_gravity,0.091283
TMO,126,78,put_call_skew_30d,0.005857
TMO,126,78,term_structure_slope,0.0
TMO,126,78,vrp_wedge,0.022026
TMO,126,78,iv_atm_z_score,0.037982
TMO,126,78,macro_yield_curve_slope,0.07269
TMO,126,78,macro_hy_spread,0.043143
TMO,126,78,macro_hy_spread_chg_5d,0.0
TMO,126,78,macro_breakeven_5y,0.018524
TMO,126,78,macro_inflation_fwd_5y5y,0.050698
TMO,126,78,macro_inflation_fwd_chg_21d,0.0
TMO,126,78,macro_inflation_fwd_abs_chg_21d,0.005428
TMO,126,78,macro_inflation_fwd_chg_63d,0.008279
TMO,126,78,macro_inflation_fwd_zscore,0.021151
TMO,126,78,macro_dollar_ret,0.0
TMO,126,78,beta_spy,0.018816
TMO,126,78,res_vol,0.036328
TMO,126,78,res_vol_vel,0.0
TMO,126,78,price_regime,0.044235
TMO,126,78,corr_sector_21d,0.017976
TMO,126,78,corr_sector_252d,0.029697
TMO,126,78,sector_wedge,0.017015
TMO,126,79,rv_5d,0.024226
TMO,126,79,rv_10d,0.0
TMO,126,79,rv_21d,0.008534
TMO,126,79,rv_63d,0.014965
TMO,126,79,rv_126d,0.039061
TMO,126,79,ewma_vol,0.011297
TMO,126,79,garch_cond_vol,0.010772
TMO,126,79,ret_TARGET,0.0
TMO,126,79,tech_RSI,0.005059
TMO,126,79,tech_MACD_hist,0.129754
TMO,126,79,ret_VIXY,0.0
TMO,126,79,mom21_VIXY,0.01376
TMO,126,79,ret_HYG,0.00639
TMO,126,79,mom21_HYG,0.020491
TMO,126,79,ret_USO,0.0
TMO,126,79,mom21_USO,0.007115
TMO,126,79,ret_TLT,0.0
TMO,126,79,mom21_TLT,0.009204
TMO,126,79,ret_UUP,0.0
TMO,126,79,mom21_UUP,0.0
TMO,126,79,ret_SPY,0.0
TMO,126,79,mom21_SPY,0.0
TMO,126,79,vol_vel,0.010592
TMO,126,79,vol_of_vol,0.009402
TMO,126,79,vol_regime_zscore,0.017299
TMO,126,79,vol_chg_21d,0.011218
TMO,126,79,event_fed_gravity,0.071301
TMO,126,79,event_earn_gravity,0.0
TMO,126,79,event_div_gravity,0.0
TMO,126,79,event_cpi_gravity,0.062302
TMO,126,79,event_nfp_gravity,0.096253
TMO,126,79,put_call_skew_30d,0.0
TMO,126,79,term_structure_slope,0.0
TMO,126,79,vrp_wedge,0.007108
TMO,126,79,iv_atm_z_score,0.018183
TMO,126,79,macro_yield_curve_slope,0.07481
TMO,126,79,macro_hy_spread,0.03616
TMO,126,79,macro_hy_spread_chg_5d,0.005018
TMO,126,79,macro_breakeven_5y,0.011367
TMO,126,79,macro_inflation_fwd_5y5y,0.049936
TMO,126,79,macro_inflation_fwd_chg_21d,0.00488
TMO,126,79,macro_inflation_fwd_abs_chg_21d,0.005028
TMO,126,79,macro_inflation_fwd_chg_63d,0.009298
TMO,126,79,macro_inflation_fwd_zscore,0.025838
TMO,126,79,macro_dollar_ret,0.0
TMO,126,79,beta_spy,0.01543
TMO,126,79,res_vol,0.041439
TMO,126,79,res_vol_vel,0.004985
TMO,126,79,price_regime,0.043274
TMO,126,79,corr_sector_21d,0.021216
TMO,126,79,corr_sector_252d,0.029014
TMO,126,79,sector_wedge,0.018023
TMO,126,80,rv_5d,0.026042
TMO,126,80,rv_10d,0.0
TMO,126,80,rv_21d,0.0
TMO,126,80,rv_63d,0.017066
TMO,126,80,rv_126d,0.053924
TMO,126,80,ewma_vol,0.012135
TMO,126,80,garch_cond_vol,0.010192
TMO,126,80,ret_TARGET,0.0
TMO,126,80,tech_RSI,0.0
TMO,126,80,tech_MACD_hist,0.013151
TMO,126,80,ret_VIXY,0.0
TMO,126,80,mom21_VIXY,0.013778
TMO,126,80,ret_HYG,0.0
TMO,126,80,mom21_HYG,0.021145
TMO,126,80,ret_USO,0.0
TMO,126,80,mom21_USO,0.014387
TMO,126,80,ret_TLT,0.0
TMO,126,80,mom21_TLT,0.010303
TMO,126,80,ret_UUP,0.0
TMO,126,80,mom21_UUP,0.0
TMO,126,80,ret_SPY,0.0
TMO,126,80,mom21_SPY,0.0
TMO,126,80,vol_vel,0.0
TMO,126,80,vol_of_vol,0.009344
TMO,126,80,vol_regime_zscore,0.017429
TMO,126,80,vol_chg_21d,0.019743
TMO,126,80,event_fed_gravity,0.066271
TMO,126,80,event_earn_gravity,0.0
TMO,126,80,event_div_gravity,0.0
TMO,126,80,event_cpi_gravity,0.071725
TMO,126,80,event_nfp_gravity,0.101699
TMO,126,80,put_call_skew_30d,0.050495
TMO,126,80,term_structure_slope,0.0
TMO,126,80,vrp_wedge,0.008823
TMO,126,80,iv_atm_z_score,0.021308
TMO,126,80,macro_yield_curve_slope,0.086753
TMO,126,80,macro_hy_spread,0.041611
TMO,126,80,macro_hy_spread_chg_5d,0.005579
TMO,126,80,macro_breakeven_5y,0.012403
TMO,126,80,macro_inflation_fwd_5y5y,0.048099
TMO,126,80,macro_inflation_fwd_chg_21d,0.005126
TMO,126,80,macro_inflation_fwd_abs_chg_21d,0.0
TMO,126,80,macro_inflation_fwd_chg_63d,0.012713
TMO,126,80,macro_inflation_fwd_zscore,0.024438
TMO,126,80,macro_dollar_ret,0.0
TMO,126,80,beta_spy,0.015315
TMO,126,80,res_vol,0.04537
TMO,126,80,res_vol_vel,0.007155
TMO,126,80,price_regime,0.055963
TMO,126,80,corr_sector_21d,0.018749
TMO,126,80,corr_sector_252d,0.03634
TMO,126,80,sector_wedge,0.025427
TMO,126,81,rv_5d,0.009942
TMO,126,81,rv_10d,0.010172
TMO,126,81,rv_21d,0.00516
TMO,126,81,rv_63d,0.017356
TMO,126,81,rv_126d,0.051383
TMO,126,81,ewma_vol,0.009858
TMO,126,81,garch_cond_vol,0.007301
TMO,126,81,ret_TARGET,0.0
TMO,126,81,tech_RSI,0.0
TMO,126,81,tech_MACD_hist,0.0
TMO,126,81,ret_VIXY,0.0
TMO,126,81,mom21_VIXY,0.01234
TMO,126,81,ret_HYG,0.0
TMO,126,81,mom21_HYG,0.017547
TMO,126,81,ret_USO,0.0
TMO,126,81,mom21_USO,0.017844
TMO,126,81,ret_TLT,0.0
TMO,126,81,mom21_TLT,0.01171
TMO,126,81,ret_UUP,0.0
TMO,126,81,mom21_UUP,0.0
TMO,126,81,ret_SPY,0.0
TMO,126,81,mom21_SPY,0.0
TMO,126,81,vol_vel,0.0
TMO,126,81,vol_of_vol,0.008766
TMO,126,81,vol_regime_zscore,0.022216
TMO,126,81,vol_chg_21d,0.019285
TMO,126,81,event_fed_gravity,0.070262
TMO,126,81,event_earn_gravity,0.0
TMO,126,81,event_div_gravity,0.0
TMO,126,81,event_cpi_gravity,0.050529
TMO,126,81,event_nfp_gravity,0.090689
TMO,126,81,put_call_skew_30d,0.116273
TMO,126,81,term_structure_slope,0.0
TMO,126,81,vrp_wedge,0.014826
TMO,126,81,iv_atm_z_score,0.02214
TMO,126,81,macro_yield_curve_slope,0.080344
TMO,126,81,macro_hy_spread,0.038214
TMO,126,81,macro_hy_spread_chg_5d,0.006834
TMO,126,81,macro_breakeven_5y,0.011052
TMO,126,81,macro_inflation_fwd_5y5y,0.049794
TMO,126,81,macro_inflation_fwd_chg_21d,0.005272
TMO,126,81,macro_inflation_fwd_abs_chg_21d,0.0
TMO,126,81,macro_inflation_fwd_chg_63d,0.008624
TMO,126,81,macro_inflation_fwd_zscore,0.025489
TMO,126,81,macro_dollar_ret,0.0
TMO,126,81,beta_spy,0.016025
TMO,126,81,res_vol,0.036746
TMO,126,81,res_vol_vel,0.004996
TMO,126,81,price_regime,0.051217
TMO,126,81,corr_sector_21d,0.02179
TMO,126,81,corr_sector_252d,0.035062
TMO,126,81,sector_wedge,0.022944
TMO,126,82,rv_5d,0.0
TMO,126,82,rv_10d,0.011889
TMO,126,82,rv_21d,0.0064
TMO,126,82,rv_63d,0.015439
TMO,126,82,rv_126d,0.052678
TMO,126,82,ewma_vol,0.008911
TMO,126,82,garch_cond_vol,0.011119
TMO,126,82,ret_TARGET,0.0
TMO,126,82,tech_RSI,0.0
TMO,126,82,tech_MACD_hist,0.007032
TMO,126,82,ret_VIXY,0.0
TMO,126,82,mom21_VIXY,0.016395
TMO,126,82,ret_HYG,0.0
TMO,126,82,mom21_HYG,0.021029
TMO,126,82,ret_USO,0.0
TMO,126,82,mom21_USO,0.018724
TMO,126,82,ret_TLT,0.0
TMO,126,82,mom21_TLT,0.012815
TMO,126,82,ret_UUP,0.0
TMO,126,82,mom21_UUP,0.0
TMO,126,82,ret_SPY,0.0
TMO,126,82,mom21_SPY,0.0
TMO,126,82,vol_vel,0.005585
TMO,126,82,vol_of_vol,0.007568
TMO,126,82,vol_regime_zscore,0.014594
TMO,126,82,vol_chg_21d,0.01237
TMO,126,82,event_fed_gravity,0.060977
TMO,126,82,event_earn_gravity,0.0
TMO,126,82,event_div_gravity,0.0
TMO,126,82,event_cpi_gravity,0.067191
TMO,126,82,event_nfp_gravity,0.103682
TMO,126,82,put_call_skew_30d,0.127022
TMO,126,82,term_structure_slope,0.0
TMO,126,82,vrp_wedge,0.0
TMO,126,82,iv_atm_z_score,0.013908
TMO,126,82,macro_yield_curve_slope,0.079842
TMO,126,82,macro_hy_spread,0.0368
TMO,126,82,macro_hy_spread_chg_5d,0.006409
TMO,126,82,macro_breakeven_5y,0.01122
TMO,126,82,macro_inflation_fwd_5y5y,0.041837
TMO,126,82,macro_inflation_fwd_chg_21d,0.0
TMO,126,82,macro_inflation_fwd_abs_chg_21d,0.005401
TMO,126,82,macro_inflation_fwd_chg_63d,0.009864
TMO,126,82,macro_inflation_fwd_zscore,0.019653
TMO,126,82,macro_dollar_ret,0.0
TMO,126,82,beta_spy,0.018435
TMO,126,82,res_vol,0.038726
TMO,126,82,res_vol_vel,0.006304
TMO,126,82,price_regime,0.040524
TMO,126,82,corr_sector_21d,0.028131
TMO,126,82,corr_sector_252d,0.038245
TMO,126,82,sector_wedge,0.023282
TMO,126,83,rv_5d,0.0
TMO,126,83,rv_10d,0.0
TMO,126,83,rv_21d,0.0
TMO,126,83,rv_63d,0.016603
TMO,126,83,rv_126d,0.061693
TMO,126,83,ewma_vol,0.009871
TMO,126,83,garch_cond_vol,0.012622
TMO,126,83,ret_TARGET,0.0
TMO,126,83,tech_RSI,0.0
TMO,126,83,tech_MACD_hist,0.0
TMO,126,83,ret_VIXY,0.0
TMO,126,83,mom21_VIXY,0.017185
TMO,126,83,ret_HYG,0.0
TMO,126,83,mom21_HYG,0.018978
TMO,126,83,ret_USO,0.0
TMO,126,83,mom21_USO,0.015401
TMO,126,83,ret_TLT,0.0
TMO,126,83,mom21_TLT,0.012788
TMO,126,83,ret_UUP,0.0
TMO,126,83,mom21_UUP,0.0
TMO,126,83,ret_SPY,0.0
TMO,126,83,mom21_SPY,0.005072
TMO,126,83,vol_vel,0.0
TMO,126,83,vol_of_vol,0.008585
TMO,126,83,vol_regime_zscore,0.015261
TMO,126,83,vol_chg_21d,0.006519
TMO,126,83,event_fed_gravity,0.071182
TMO,126,83,event_earn_gravity,0.0
TMO,126,83,event_div_gravity,0.0
TMO,126,83,event_cpi_gravity,0.070805
TMO,126,83,event_nfp_gravity,0.064976
TMO,126,83,put_call_skew_30d,0.137187
TMO,126,83,term_structure_slope,0.0
TMO,126,83,vrp_wedge,0.020244
TMO,126,83,iv_atm_z_score,0.016067
TMO,126,83,macro_yield_curve_slope,0.087331
TMO,126,83,macro_hy_spread,0.036029
TMO,126,83,macro_hy_spread_chg_5d,0.006858
TMO,126,83,macro_breakeven_5y,0.011085
TMO,126,83,macro_inflation_fwd_5y5y,0.051628
TMO,126,83,macro_inflation_fwd_chg_21d,0.005002
TMO,126,83,macro_inflation_fwd_abs_chg_21d,0.005869
TMO,126,83,macro_inflation_fwd_chg_63d,0.008955
TMO,126,83,macro_inflation_fwd_zscore,0.021731
TMO,126,83,macro_dollar_ret,0.0
TMO,126,83,beta_spy,0.018805
TMO,126,83,res_vol,0.040102
TMO,126,83,res_vol_vel,0.007041
TMO,126,83,price_regime,0.037476
TMO,126,83,corr_sector_21d,0.025344
TMO,126,83,corr_sector_252d,0.037487
TMO,126,83,sector_wedge,0.01822
TMO,126,84,rv_5d,0.04966
TMO,126,84,rv_10d,0.0
TMO,126,84,rv_21d,0.011459
TMO,126,84,rv_63d,0.014919
TMO,126,84,rv_126d,0.056647
TMO,126,84,ewma_vol,0.008212
TMO,126,84,garch_cond_vol,0.007795
TMO,126,84,ret_TARGET,0.0
TMO,126,84,tech_RSI,0.0
TMO,126,84,tech_MACD_hist,0.0
TMO,126,84,ret_VIXY,0.0
TMO,126,84,mom21_VIXY,0.015237
TMO,126,84,ret_HYG,0.0
TMO,126,84,mom21_HYG,0.01778
TMO,126,84,ret_USO,0.0
TMO,126,84,mom21_USO,0.005561
TMO,126,84,ret_TLT,0.0
TMO,126,84,mom21_TLT,0.01272
TMO,126,84,ret_UUP,0.0
TMO,126,84,mom21_UUP,0.0
TMO,126,84,ret_SPY,0.0
TMO,126,84,mom21_SPY,0.0
TMO,126,84,vol_vel,0.0
TMO,126,84,vol_of_vol,0.008705
TMO,126,84,vol_regime_zscore,0.011321
TMO,126,84,vol_chg_21d,0.007455
TMO,126,84,event_fed_gravity,0.059468
TMO,126,84,event_earn_gravity,0.0
TMO,126,84,event_div_gravity,0.0
TMO,126,84,event_cpi_gravity,0.073141
TMO,126,84,event_nfp_gravity,0.081592
TMO,126,84,put_call_skew_30d,0.146798
TMO,126,84,term_structure_slope,0.0
TMO,126,84,vrp_wedge,0.007218
TMO,126,84,iv_atm_z_score,0.018328
TMO,126,84,macro_yield_curve_slope,0.081585
TMO,126,84,macro_hy_spread,0.026328
TMO,126,84,macro_hy_spread_chg_5d,0.006311
TMO,126,84,macro_breakeven_5y,0.009553
TMO,126,84,macro_inflation_fwd_5y5y,0.048894
TMO,126,84,macro_inflation_fwd_chg_21d,0.0
TMO,126,84,macro_inflation_fwd_abs_chg_21d,0.005678
TMO,126,84,macro_inflation_fwd_chg_63d,0.008026
TMO,126,84,macro_inflation_fwd_zscore,0.019496
TMO,126,84,macro_dollar_ret,0.0
TMO,126,84,beta_spy,0.022367
TMO,126,84,res_vol,0.040056
TMO,126,84,res_vol_vel,0.006712
TMO,126,84,price_regime,0.031749
TMO,126,84,corr_sector_21d,0.022645
TMO,126,84,corr_sector_252d,0.035862
TMO,126,84,sector_wedge,0.02072
TMO,126,85,rv_5d,0.052797
TMO,126,85,rv_10d,0.0
TMO,126,85,rv_21d,0.013371
TMO,126,85,rv_63d,0.019312
TMO,126,85,rv_126d,0.058089
TMO,126,85,ewma_vol,0.006345
TMO,126,85,garch_cond_vol,0.011504
TMO,126,85,ret_TARGET,0.0
TMO,126,85,tech_RSI,0.0
TMO,126,85,tech_MACD_hist,0.0
TMO,126,85,ret_VIXY,0.0
TMO,126,85,mom21_VIXY,0.018185
TMO,126,85,ret_HYG,0.0
TMO,126,85,mom21_HYG,0.018403
TMO,126,85,ret_USO,0.0
TMO,126,85,mom21_USO,0.007078
TMO,126,85,ret_TLT,0.0
TMO,126,85,mom21_TLT,0.013889
TMO,126,85,ret_UUP,0.0
TMO,126,85,mom21_UUP,0.0
TMO,126,85,ret_SPY,0.0
TMO,126,85,mom21_SPY,0.005769
TMO,126,85,vol_vel,0.0
TMO,126,85,vol_of_vol,0.00824
TMO,126,85,vol_regime_zscore,0.018818
TMO,126,85,vol_chg_21d,0.007633
TMO,126,85,event_fed_gravity,0.06202
TMO,126,85,event_earn_gravity,0.0
TMO,126,85,event_div_gravity,0.0
TMO,126,85,event_cpi_gravity,0.067126
TMO,126,85,event_nfp_gravity,0.096754
TMO,126,85,put_call_skew_30d,0.082085
TMO,126,85,term_structure_slope,0.0
TMO,126,85,vrp_wedge,0.0
TMO,126,85,iv_atm_z_score,0.01613
TMO,126,85,macro_yield_curve_slope,0.09502
TMO,126,85,macro_hy_spread,0.032852
TMO,126,85,macro_hy_spread_chg_5d,0.007192
TMO,126,85,macro_breakeven_5y,0.00978
TMO,126,85,macro_inflation_fwd_5y5y,0.047052
TMO,126,85,macro_inflation_fwd_chg_21d,0.005251
TMO,126,85,macro_inflation_fwd_abs_chg_21d,0.00691
TMO,126,85,macro_inflation_fwd_chg_63d,0.009289
TMO,126,85,macro_inflation_fwd_zscore,0.020656
TMO,126,85,macro_dollar_ret,0.0
TMO,126,85,beta_spy,0.024944
TMO,126,85,res_vol,0.044095
TMO,126,85,res_vol_vel,0.007425
TMO,126,85,price_regime,0.036956
TMO,126,85,corr_sector_21d,0.009755
TMO,126,85,corr_sector_252d,0.037458
TMO,126,85,sector_wedge,0.021818
TMO,126,86,rv_5d,0.049286
TMO,126,86,rv_10d,0.0
TMO,126,86,rv_21d,0.0
TMO,126,86,rv_63d,0.016687
TMO,126,86,rv_126d,0.055805
TMO,126,86,ewma_vol,0.008178
TMO,126,86,garch_cond_vol,0.005988
TMO,126,86,ret_TARGET,0.0
TMO,126,86,tech_RSI,0.0
TMO,126,86,tech_MACD_hist,0.0
TMO,126,86,ret_VIXY,0.0
TMO,126,86,mom21_VIXY,0.014857
TMO,126,86,ret_HYG,0.0
TMO,126,86,mom21_HYG,0.018469
TMO,126,86,ret_USO,0.0
TMO,126,86,mom21_USO,0.01875
TMO,126,86,ret_TLT,0.0
TMO,126,86,mom21_TLT,0.012371
TMO,126,86,ret_UUP,0.0
TMO,126,86,mom21_UUP,0.0
TMO,126,86,ret_SPY,0.0
TMO,126,86,mom21_SPY,0.0
TMO,126,86,vol_vel,0.0
TMO,126,86,vol_of_vol,0.007427
TMO,126,86,vol_regime_zscore,0.015043
TMO,126,86,vol_chg_21d,0.004895
TMO,126,86,event_fed_gravity,0.072526
TMO,126,86,event_earn_gravity,0.0
TMO,126,86,event_div_gravity,0.0
TMO,126,86,event_cpi_gravity,0.06423
TMO,126,86,event_nfp_gravity,0.078123
TMO,126,86,put_call_skew_30d,0.114042
TMO,126,86,term_structure_slope,0.0
TMO,126,86,vrp_wedge,0.005682
TMO,126,86,iv_atm_z_score,0.015892
TMO,126,86,macro_yield_curve_slope,0.084323
TMO,126,86,macro_hy_spread,0.033321
TMO,126,86,macro_hy_spread_chg_5d,0.006182
TMO,126,86,macro_breakeven_5y,0.010544
TMO,126,86,macro_inflation_fwd_5y5y,0.048762
TMO,126,86,macro_inflation_fwd_chg_21d,0.004991
TMO,126,86,macro_inflation_fwd_abs_chg_21d,0.006009
TMO,126,86,macro_inflation_fwd_chg_63d,0.009814
TMO,126,86,macro_inflation_fwd_zscore,0.017871
TMO,126,86,macro_dollar_ret,0.0
TMO,126,86,beta_spy,0.022287
TMO,126,86,res_vol,0.041736
TMO,126,86,res_vol_vel,0.006884
TMO,126,86,price_regime,0.046899
TMO,126,86,corr_sector_21d,0.026828
TMO,126,86,corr_sector_252d,0.036117
TMO,126,86,sector_wedge,0.019179
TMO,126,87,rv_5d,0.047469
TMO,126,87,rv_10d,0.0
TMO,126,87,rv_21d,0.008437
TMO,126,87,rv_63d,0.023725
TMO,126,87,rv_126d,0.051016
TMO,126,87,ewma_vol,0.008281
TMO,126,87,garch_cond_vol,0.00772
TMO,126,87,ret_TARGET,0.0
TMO,126,87,tech_RSI,0.0
TMO,126,87,tech_MACD_hist,0.0
TMO,126,87,ret_VIXY,0.0
TMO,126,87,mom21_VIXY,0.013837
TMO,126,87,ret_HYG,0.0
TMO,126,87,mom21_HYG,0.017098
TMO,126,87,ret_USO,0.0
TMO,126,87,mom21_USO,0.00864
TMO,126,87,ret_TLT,0.0
TMO,126,87,mom21_TLT,0.013387
TMO,126,87,ret_UUP,0.0
TMO,126,87,mom21_UUP,0.0
TMO,126,87,ret_SPY,0.0
TMO,126,87,mom21_SPY,0.005971
TMO,126,87,vol_vel,0.0
TMO,126,87,vol_of_vol,0.007734
TMO,126,87,vol_regime_zscore,0.015561
TMO,126,87,vol_chg_21d,0.0
TMO,126,87,event_fed_gravity,0.066674
TMO,126,87,event_earn_gravity,0.0
TMO,126,87,event_div_gravity,0.0
TMO,126,87,event_cpi_gravity,0.047232
TMO,126,87,event_nfp_gravity,0.098843
TMO,126,87,put_call_skew_30d,0.124617
TMO,126,87,term_structure_slope,0.0
TMO,126,87,vrp_wedge,0.0
TMO,126,87,iv_atm_z_score,0.014619
TMO,126,87,macro_yield_curve_slope,0.086337
TMO,126,87,macro_hy_spread,0.043776
TMO,126,87,macro_hy_spread_chg_5d,0.006528
TMO,126,87,macro_breakeven_5y,0.011416
TMO,126,87,macro_inflation_fwd_5y5y,0.043929
TMO,126,87,macro_inflation_fwd_chg_21d,0.004602
TMO,126,87,macro_inflation_fwd_abs_chg_21d,0.0
TMO,126,87,macro_inflation_fwd_chg_63d,0.009245
TMO,126,87,macro_inflation_fwd_zscore,0.015596
TMO,126,87,macro_dollar_ret,0.0
TMO,126,87,beta_spy,0.021064
TMO,126,87,res_vol,0.039222
TMO,126,87,res_vol_vel,0.00584
TMO,126,87,price_regime,0.046663
TMO,126,87,corr_sector_21d,0.019506
TMO,126,87,corr_sector_252d,0.044494
TMO,126,87,sector_wedge,0.02092
TMO,126,88,rv_5d,0.045479
TMO,126,88,rv_10d,0.0
TMO,126,88,rv_21d,0.012611
TMO,126,88,rv_63d,0.024499
TMO,126,88,rv_126d,0.05678
TMO,126,88,ewma_vol,0.007595
TMO,126,88,garch_cond_vol,0.006873
TMO,126,88,ret_TARGET,0.0
TMO,126,88,tech_RSI,0.0
TMO,126,88,tech_MACD_hist,0.006944
TMO,126,88,ret_VIXY,0.0
TMO,126,88,mom21_VIXY,0.013897
TMO,126,88,ret_HYG,0.0
TMO,126,88,mom21_HYG,0.016692
TMO,126,88,ret_USO,0.0
TMO,126,88,mom21_USO,0.011894
TMO,126,88,ret_TLT,0.0
TMO,126,88,mom21_TLT,0.013576
TMO,126,88,ret_UUP,0.0
TMO,126,88,mom21_UUP,0.0
TMO,126,88,ret_SPY,0.0
TMO,126,88,mom21_SPY,0.0
TMO,126,88,vol_vel,0.0
TMO,126,88,vol_of_vol,0.006923
TMO,126,88,vol_regime_zscore,0.017936
TMO,126,88,vol_chg_21d,0.006769
TMO,126,88,event_fed_gravity,0.051464
TMO,126,88,event_earn_gravity,0.0
TMO,126,88,event_div_gravity,0.0
TMO,126,88,event_cpi_gravity,0.077169
TMO,126,88,event_nfp_gravity,0.068811
TMO,126,88,put_call_skew_30d,0.119768
TMO,126,88,term_structure_slope,0.0
TMO,126,88,vrp_wedge,0.0
TMO,126,88,iv_atm_z_score,0.014498
TMO,126,88,macro_yield_curve_slope,0.083407
TMO,126,88,macro_hy_spread,0.047426
TMO,126,88,macro_hy_spread_chg_5d,0.006297
TMO,126,88,macro_breakeven_5y,0.010884
TMO,126,88,macro_inflation_fwd_5y5y,0.044284
TMO,126,88,macro_inflation_fwd_chg_21d,0.0
TMO,126,88,macro_inflation_fwd_abs_chg_21d,0.005493
TMO,126,88,macro_inflation_fwd_chg_63d,0.010627
TMO,126,88,macro_inflation_fwd_zscore,0.015659
TMO,126,88,macro_dollar_ret,0.0
TMO,126,88,beta_spy,0.023838
TMO,126,88,res_vol,0.037078
TMO,126,88,res_vol_vel,0.005377
TMO,126,88,price_regime,0.035874
TMO,126,88,corr_sector_21d,0.029742
TMO,126,88,corr_sector_252d,0.043928
TMO,126,88,sector_wedge,0.01991
TMO,126,89,rv_5d,0.043969
TMO,126,89,rv_10d,0.0
TMO,126,89,rv_21d,0.009507
TMO,126,89,rv_63d,0.027796
TMO,126,89,rv_126d,0.060911
TMO,126,89,ewma_vol,0.009503
TMO,126,89,garch_cond_vol,0.006428
TMO,126,89,ret_TARGET,0.0
TMO,126,89,tech_RSI,0.0
TMO,126,89,tech_MACD_hist,0.0
TMO,126,89,ret_VIXY,0.0
TMO,126,89,mom21_VIXY,0.014349
TMO,126,89,ret_HYG,0.0
TMO,126,89,mom21_HYG,0.017293
TMO,126,89,ret_USO,0.0
TMO,126,89,mom21_USO,0.007841
TMO,126,89,ret_TLT,0.0
TMO,126,89,mom21_TLT,0.011491
TMO,126,89,ret_UUP,0.0
TMO,126,89,mom21_UUP,0.0
TMO,126,89,ret_SPY,0.0
TMO,126,89,mom21_SPY,0.0
TMO,126,89,vol_vel,0.0
TMO,126,89,vol_of_vol,0.007104
TMO,126,89,vol_regime_zscore,0.019458
TMO,126,89,vol_chg_21d,0.006678
TMO,126,89,event_fed_gravity,0.043725
TMO,126,89,event_earn_gravity,0.0
TMO,126,89,event_div_gravity,0.0
TMO,126,89,event_cpi_gravity,0.071403
TMO,126,89,event_nfp_gravity,0.084121
TMO,126,89,put_call_skew_30d,0.128056
TMO,126,89,term_structure_slope,0.0
TMO,126,89,vrp_wedge,0.0
TMO,126,89,iv_atm_z_score,0.015237
TMO,126,89,macro_yield_curve_slope,0.085058
TMO,126,89,macro_hy_spread,0.043245
TMO,126,89,macro_hy_spread_chg_5d,0.007298
TMO,126,89,macro_breakeven_5y,0.01251
TMO,126,89,macro_inflation_fwd_5y5y,0.047431
TMO,126,89,macro_inflation_fwd_chg_21d,0.0
TMO,126,89,macro_inflation_fwd_abs_chg_21d,0.00575
TMO,126,89,macro_inflation_fwd_chg_63d,0.009852
TMO,126,89,macro_inflation_fwd_zscore,0.013171
TMO,126,89,macro_dollar_ret,0.0
TMO,126,89,beta_spy,0.024988
TMO,126,89,res_vol,0.041783
TMO,126,89,res_vol_vel,0.0
TMO,126,89,price_regime,0.039237
TMO,126,89,corr_sector_21d,0.026007
TMO,126,89,corr_sector_252d,0.034502
TMO,126,89,sector_wedge,0.024299
TMO,126,90,rv_5d,0.049837
TMO,126,90,rv_10d,0.0
TMO,126,90,rv_21d,0.006216
TMO,126,90,rv_63d,0.027463
TMO,126,90,rv_126d,0.057788
TMO,126,90,ewma_vol,0.008799
TMO,126,90,garch_cond_vol,0.009206
TMO,126,90,ret_TARGET,0.0
TMO,126,90,tech_RSI,0.0
TMO,126,90,tech_MACD_hist,0.0
TMO,126,90,ret_VIXY,0.0
TMO,126,90,mom21_VIXY,0.01417
TMO,126,90,ret_HYG,0.0
TMO,126,90,mom21_HYG,0.017407
TMO,126,90,ret_USO,0.0
TMO,126,90,mom21_USO,0.010043
TMO,126,90,ret_TLT,0.0
TMO,126,90,mom21_TLT,0.014301
TMO,126,90,ret_UUP,0.0
TMO,126,90,mom21_UUP,0.0
TMO,126,90,ret_SPY,0.0
TMO,126,90,mom21_SPY,0.00523
TMO,126,90,vol_vel,0.0
TMO,126,90,vol_of_vol,0.008034
TMO,126,90,vol_regime_zscore,0.014488
TMO,126,90,vol_chg_21d,0.005208
TMO,126,90,event_fed_gravity,0.062922
TMO,126,90,event_earn_gravity,0.0
TMO,126,90,event_div_gravity,0.0
TMO,126,90,event_cpi_gravity,0.069821
TMO,126,90,event_nfp_gravity,0.094621
TMO,126,90,put_call_skew_30d,0.080598
TMO,126,90,term_structure_slope,0.0
TMO,126,90,vrp_wedge,0.0
TMO,126,90,iv_atm_z_score,0.012423
TMO,126,90,macro_yield_curve_slope,0.08593
TMO,126,90,macro_hy_spread,0.03859
TMO,126,90,macro_hy_spread_chg_5d,0.007241
TMO,126,90,macro_breakeven_5y,0.009394
TMO,126,90,macro_inflation_fwd_5y5y,0.042237
TMO,126,90,macro_inflation_fwd_chg_21d,0.007258
TMO,126,90,macro_inflation_fwd_abs_chg_21d,0.0
TMO,126,90,macro_inflation_fwd_chg_63d,0.009418
TMO,126,90,macro_inflation_fwd_zscore,0.013969
TMO,126,90,macro_dollar_ret,0.0
TMO,126,90,beta_spy,0.023467
TMO,126,90,res_vol,0.036808
TMO,126,90,res_vol_vel,0.007263
TMO,126,90,price_regime,0.046534
TMO,126,90,corr_sector_21d,0.041169
TMO,126,90,corr_sector_252d,0.036645
TMO,126,90,sector_wedge,0.025502
TMO,126,91,rv_5d,0.030953
TMO,126,91,rv_10d,0.0
TMO,126,91,rv_21d,0.006444
TMO,126,91,rv_63d,0.024112
TMO,126,91,rv_126d,0.052399
TMO,126,91,ewma_vol,0.008875
TMO,126,91,garch_cond_vol,0.010027
TMO,126,91,ret_TARGET,0.0
TMO,126,91,tech_RSI,0.0
TMO,126,91,tech_MACD_hist,0.0
TMO,126,91,ret_VIXY,0.0
TMO,126,91,mom21_VIXY,0.012452
TMO,126,91,ret_HYG,0.0
TMO,126,91,mom21_HYG,0.017332
TMO,126,91,ret_USO,0.0
TMO,126,91,mom21_USO,0.013733
TMO,126,91,ret_TLT,0.0
TMO,126,91,mom21_TLT,0.012743
TMO,126,91,ret_UUP,0.0
TMO,126,91,mom21_UUP,0.0
TMO,126,91,ret_SPY,0.0
TMO,126,91,mom21_SPY,0.0
TMO,126,91,vol_vel,0.0
TMO,126,91,vol_of_vol,0.008187
TMO,126,91,vol_regime_zscore,0.01077
TMO,126,91,vol_chg_21d,0.004692
TMO,126,91,event_fed_gravity,0.062288
TMO,126,91,event_earn_gravity,0.0
TMO,126,91,event_div_gravity,0.0
TMO,126,91,event_cpi_gravity,0.081119
TMO,126,91,event_nfp_gravity,0.092285
TMO,126,91,put_call_skew_30d,0.123098
TMO,126,91,term_structure_slope,0.0
TMO,126,91,vrp_wedge,0.007306
TMO,126,91,iv_atm_z_score,0.015746
TMO,126,91,macro_yield_curve_slope,0.083208
TMO,126,91,macro_hy_spread,0.034244
TMO,126,91,macro_hy_spread_chg_5d,0.006701
TMO,126,91,macro_breakeven_5y,0.009159
TMO,126,91,macro_inflation_fwd_5y5y,0.039925
TMO,126,91,macro_inflation_fwd_chg_21d,0.004953
TMO,126,91,macro_inflation_fwd_abs_chg_21d,0.0
TMO,126,91,macro_inflation_fwd_chg_63d,0.010136
TMO,126,91,macro_inflation_fwd_zscore,0.015862
TMO,126,91,macro_dollar_ret,0.0
TMO,126,91,beta_spy,0.024981
TMO,126,91,res_vol,0.038755
TMO,126,91,res_vol_vel,0.0
TMO,126,91,price_regime,0.044892
TMO,126,91,corr_sector_21d,0.037242
TMO,126,91,corr_sector_252d,0.036768
TMO,126,91,sector_wedge,0.018613
TMO,126,92,rv_5d,0.046077
TMO,126,92,rv_10d,0.0
TMO,126,92,rv_21d,0.004459
TMO,126,92,rv_63d,0.032218
TMO,126,92,rv_126d,0.048036
TMO,126,92,ewma_vol,0.008144
TMO,126,92,garch_cond_vol,0.009701
TMO,126,92,ret_TARGET,0.0
TMO,126,92,tech_RSI,0.0
TMO,126,92,tech_MACD_hist,0.0
TMO,126,92,ret_VIXY,0.0
TMO,126,92,mom21_VIXY,0.013071
TMO,126,92,ret_HYG,0.0
TMO,126,92,mom21_HYG,0.016432
TMO,126,92,ret_USO,0.0
TMO,126,92,mom21_USO,0.013309
TMO,126,92,ret_TLT,0.0
TMO,126,92,mom21_TLT,0.013757
TMO,126,92,ret_UUP,0.0
TMO,126,92,mom21_UUP,0.0
TMO,126,92,ret_SPY,0.0
TMO,126,92,mom21_SPY,0.0
TMO,126,92,vol_vel,0.0
TMO,126,92,vol_of_vol,0.0078
TMO,126,92,vol_regime_zscore,0.011175
TMO,126,92,vol_chg_21d,0.005692
TMO,126,92,event_fed_gravity,0.084342
TMO,126,92,event_earn_gravity,0.0
TMO,126,92,event_div_gravity,0.0
TMO,126,92,event_cpi_gravity,0.064529
TMO,126,92,event_nfp_gravity,0.0753
TMO,126,92,put_call_skew_30d,0.099195
TMO,126,92,term_structure_slope,0.0
TMO,126,92,vrp_wedge,0.006392
TMO,126,92,iv_atm_z_score,0.011624
TMO,126,92,macro_yield_curve_slope,0.085358
TMO,126,92,macro_hy_spread,0.035044
TMO,126,92,macro_hy_spread_chg_5d,0.006469
TMO,126,92,macro_breakeven_5y,0.0085
TMO,126,92,macro_inflation_fwd_5y5y,0.047395
TMO,126,92,macro_inflation_fwd_chg_21d,0.004428
TMO,126,92,macro_inflation_fwd_abs_chg_21d,0.0
TMO,126,92,macro_inflation_fwd_chg_63d,0.009783
TMO,126,92,macro_inflation_fwd_zscore,0.014438
TMO,126,92,macro_dollar_ret,0.0
TMO,126,92,beta_spy,0.023421
TMO,126,92,res_vol,0.032179
TMO,126,92,res_vol_vel,0.0
TMO,126,92,price_regime,0.037186
TMO,126,92,corr_sector_21d,0.066679
TMO,126,92,corr_sector_252d,0.036671
TMO,126,92,sector_wedge,0.021196
TMO,126,93,rv_5d,0.024643
TMO,126,93,rv_10d,0.0
TMO,126,93,rv_21d,0.004742
TMO,126,93,rv_63d,0.027926
TMO,126,93,rv_126d,0.048846
TMO,126,93,ewma_vol,0.009406
TMO,126,93,garch_cond_vol,0.009117
TMO,126,93,ret_TARGET,0.0
TMO,126,93,tech_RSI,0.004478
TMO,126,93,tech_MACD_hist,0.0
TMO,126,93,ret_VIXY,0.0
TMO,126,93,mom21_VIXY,0.014826
TMO,126,93,ret_HYG,0.0
TMO,126,93,mom21_HYG,0.015202
TMO,126,93,ret_USO,0.0
TMO,126,93,mom21_USO,0.016103
TMO,126,93,ret_TLT,0.0
TMO,126,93,mom21_TLT,0.014417
TMO,126,93,ret_UUP,0.0
TMO,126,93,mom21_UUP,0.0
TMO,126,93,ret_SPY,0.0
TMO,126,93,mom21_SPY,0.0
TMO,126,93,vol_vel,0.0
TMO,126,93,vol_of_vol,0.006945
TMO,126,93,vol_regime_zscore,0.011026
TMO,126,93,vol_chg_21d,0.004503
TMO,126,93,event_fed_gravity,0.065361
TMO,126,93,event_earn_gravity,0.0
TMO,126,93,event_div_gravity,0.0
TMO,126,93,event_cpi_gravity,0.059771
TMO,126,93,event_nfp_gravity,0.125769
TMO,126,93,put_call_skew_30d,0.120261
TMO,126,93,term_structure_slope,0.0
TMO,126,93,vrp_wedge,0.00635
TMO,126,93,iv_atm_z_score,0.012428
TMO,126,93,macro_yield_curve_slope,0.080142
TMO,126,93,macro_hy_spread,0.031768
TMO,126,93,macro_hy_spread_chg_5d,0.006901
TMO,126,93,macro_breakeven_5y,0.009307
TMO,126,93,macro_inflation_fwd_5y5y,0.04081
TMO,126,93,macro_inflation_fwd_chg_21d,0.0
TMO,126,93,macro_inflation_fwd_abs_chg_21d,0.0
TMO,126,93,macro_inflation_fwd_chg_63d,0.010293
TMO,126,93,macro_inflation_fwd_zscore,0.015195
TMO,126,93,macro_dollar_ret,0.0
TMO,126,93,beta_spy,0.024906
TMO,126,93,res_vol,0.03397
TMO,126,93,res_vol_vel,0.006097
TMO,126,93,price_regime,0.044187
TMO,126,93,corr_sector_21d,0.036162
TMO,126,93,corr_sector_252d,0.03751
TMO,126,93,sector_wedge,0.020629
TMO,126,94,rv_5d,0.0
TMO,126,94,rv_10d,0.0
TMO,126,94,rv_21d,0.04618
TMO,126,94,rv_63d,0.029186
TMO,126,94,rv_126d,0.047441
TMO,126,94,ewma_vol,0.006979
TMO,126,94,garch_cond_vol,0.007906
TMO,126,94,ret_TARGET,0.0
TMO,126,94,tech_RSI,0.006996
TMO,126,94,tech_MACD_hist,0.006671
TMO,126,94,ret_VIXY,0.0
TMO,126,94,mom21_VIXY,0.013825
TMO,126,94,ret_HYG,0.0
TMO,126,94,mom21_HYG,0.015141
TMO,126,94,ret_USO,0.0
TMO,126,94,mom21_USO,0.013737
TMO,126,94,ret_TLT,0.0
TMO,126,94,mom21_TLT,0.012893
TMO,126,94,ret_UUP,0.0
TMO,126,94,mom21_UUP,0.0
TMO,126,94,ret_SPY,0.0
TMO,126,94,mom21_SPY,0.0
TMO,126,94,vol_vel,0.004604
TMO,126,94,vol_of_vol,0.007698
TMO,126,94,vol_regime_zscore,0.012743
TMO,126,94,vol_chg_21d,0.006009
TMO,126,94,event_fed_gravity,0.057112
TMO,126,94,event_earn_gravity,0.0
TMO,126,94,event_div_gravity,0.0
TMO,126,94,event_cpi_gravity,0.070711
TMO,126,94,event_nfp_gravity,0.117274
TMO,126,94,put_call_skew_30d,0.097032
TMO,126,94,term_structure_slope,0.0
TMO,126,94,vrp_wedge,0.006078
TMO,126,94,iv_atm_z_score,0.009433
TMO,126,94,macro_yield_curve_slope,0.0829
TMO,126,94,macro_hy_spread,0.039468
TMO,126,94,macro_hy_spread_chg_5d,0.006407
TMO,126,94,macro_breakeven_5y,0.009302
TMO,126,94,macro_inflation_fwd_5y5y,0.046634
TMO,126,94,macro_inflation_fwd_chg_21d,0.0
TMO,126,94,macro_inflation_fwd_abs_chg_21d,0.0
TMO,126,94,macro_inflation_fwd_chg_63d,0.010354
TMO,126,94,macro_inflation_fwd_zscore,0.013566
TMO,126,94,macro_dollar_ret,0.0
TMO,126,94,beta_spy,0.02703
TMO,126,94,res_vol,0.030729
TMO,126,94,res_vol_vel,0.006198
TMO,126,94,price_regime,0.035806
TMO,126,94,corr_sector_21d,0.036267
TMO,126,94,corr_sector_252d,0.039768
TMO,126,94,sector_wedge,0.019924
TMO,126,95,rv_5d,0.036232
TMO,126,95,rv_10d,0.0
TMO,126,95,rv_21d,0.007084
TMO,126,95,rv_63d,0.033943
TMO,126,95,rv_126d,0.048442
TMO,126,95,ewma_vol,0.007783
TMO,126,95,garch_cond_vol,0.007727
TMO,126,95,ret_TARGET,0.0
TMO,126,95,tech_RSI,0.007021
TMO,126,95,tech_MACD_hist,0.007971
TMO,126,95,ret_VIXY,0.0
TMO,126,95,mom21_VIXY,0.012671
TMO,126,95,ret_HYG,0.0
TMO,126,95,mom21_HYG,0.018088
TMO,126,95,ret_USO,0.0
TMO,126,95,mom21_USO,0.015565
TMO,126,95,ret_TLT,0.0
TMO,126,95,mom21_TLT,0.015032
TMO,126,95,ret_UUP,0.0
TMO,126,95,mom21_UUP,0.0
TMO,126,95,ret_SPY,0.0
TMO,126,95,mom21_SPY,0.0
TMO,126,95,vol_vel,0.0
TMO,126,95,vol_of_vol,0.008752
TMO,126,95,vol_regime_zscore,0.015173
TMO,126,95,vol_chg_21d,0.007937
TMO,126,95,event_fed_gravity,0.073498
TMO,126,95,event_earn_gravity,0.0
TMO,126,95,event_div_gravity,0.0
TMO,126,95,event_cpi_gravity,0.070553
TMO,126,95,event_nfp_gravity,0.091496
TMO,126,95,put_call_skew_30d,0.084663
TMO,126,95,term_structure_slope,0.0
TMO,126,95,vrp_wedge,0.007146
TMO,126,95,iv_atm_z_score,0.016357
TMO,126,95,macro_yield_curve_slope,0.083563
TMO,126,95,macro_hy_spread,0.040059
TMO,126,95,macro_hy_spread_chg_5d,0.006311
TMO,126,95,macro_breakeven_5y,0.010045
TMO,126,95,macro_inflation_fwd_5y5y,0.051476
TMO,126,95,macro_inflation_fwd_chg_21d,0.0
TMO,126,95,macro_inflation_fwd_abs_chg_21d,0.0
TMO,126,95,macro_inflation_fwd_chg_63d,0.010197
TMO,126,95,macro_inflation_fwd_zscore,0.016265
TMO,126,95,macro_dollar_ret,0.0
TMO,126,95,beta_spy,0.025744
TMO,126,95,res_vol,0.036222
TMO,126,95,res_vol_vel,0.0
TMO,126,95,price_regime,0.049411
TMO,126,95,corr_sector_21d,0.008088
TMO,126,95,corr_sector_252d,0.046199
TMO,126,95,sector_wedge,0.02329
TMO,126,96,rv_5d,0.020942
TMO,126,96,rv_10d,0.0
TMO,126,96,rv_21d,0.006939
TMO,126,96,rv_63d,0.028298
TMO,126,96,rv_126d,0.057778
TMO,126,96,ewma_vol,0.00721
TMO,126,96,garch_cond_vol,0.006624
TMO,126,96,ret_TARGET,0.0
TMO,126,96,tech_RSI,0.0
TMO,126,96,tech_MACD_hist,0.007297
TMO,126,96,ret_VIXY,0.0
TMO,126,96,mom21_VIXY,0.011619
TMO,126,96,ret_HYG,0.0
TMO,126,96,mom21_HYG,0.019493
TMO,126,96,ret_USO,0.0
TMO,126,96,mom21_USO,0.014749
TMO,126,96,ret_TLT,0.0
TMO,126,96,mom21_TLT,0.013135
TMO,126,96,ret_UUP,0.0
TMO,126,96,mom21_UUP,0.0
TMO,126,96,ret_SPY,0.0
TMO,126,96,mom21_SPY,0.0
TMO,126,96,vol_vel,0.0
TMO,126,96,vol_of_vol,0.007318
TMO,126,96,vol_regime_zscore,0.011824
TMO,126,96,vol_chg_21d,0.00828
TMO,126,96,event_fed_gravity,0.086767
TMO,126,96,event_earn_gravity,0.0
TMO,126,96,event_div_gravity,0.0
TMO,126,96,event_cpi_gravity,0.050812
TMO,126,96,event_nfp_gravity,0.081904
TMO,126,96,put_call_skew_30d,0.118696
TMO,126,96,term_structure_slope,0.0
TMO,126,96,vrp_wedge,0.006621
TMO,126,96,iv_atm_z_score,0.018993
TMO,126,96,macro_yield_curve_slope,0.083632
TMO,126,96,macro_hy_spread,0.04222
TMO,126,96,macro_hy_spread_chg_5d,0.007163
TMO,126,96,macro_breakeven_5y,0.011638
TMO,126,96,macro_inflation_fwd_5y5y,0.057502
TMO,126,96,macro_inflation_fwd_chg_21d,0.0
TMO,126,96,macro_inflation_fwd_abs_chg_21d,0.0
TMO,126,96,macro_inflation_fwd_chg_63d,0.010394
TMO,126,96,macro_inflation_fwd_zscore,0.015313
TMO,126,96,macro_dollar_ret,0.0
TMO,126,96,beta_spy,0.022413
TMO,126,96,res_vol,0.033966
TMO,126,96,res_vol_vel,0.0
TMO,126,96,price_regime,0.054508
TMO,126,96,corr_sector_21d,0.007016
TMO,126,96,corr_sector_252d,0.047343
TMO,126,96,sector_wedge,0.021593
TMO,126,97,rv_5d,0.025156
TMO,126,97,rv_10d,0.005258
TMO,126,97,rv_21d,0.007615
TMO,126,97,rv_63d,0.028478
TMO,126,97,rv_126d,0.058635
TMO,126,97,ewma_vol,0.006702
TMO,126,97,garch_cond_vol,0.006945
TMO,126,97,ret_TARGET,0.0
TMO,126,97,tech_RSI,0.0
TMO,126,97,tech_MACD_hist,0.007727
TMO,126,97,ret_VIXY,0.0
TMO,126,97,mom21_VIXY,0.014408
TMO,126,97,ret_HYG,0.0
TMO,126,97,mom21_HYG,0.015767
TMO,126,97,ret_USO,0.0
TMO,126,97,mom21_USO,0.014164
TMO,126,97,ret_TLT,0.0
TMO,126,97,mom21_TLT,0.014262
TMO,126,97,ret_UUP,0.0
TMO,126,97,mom21_UUP,0.0
TMO,126,97,ret_SPY,0.0
TMO,126,97,mom21_SPY,0.0
TMO,126,97,vol_vel,0.0
TMO,126,97,vol_of_vol,0.007736
TMO,126,97,vol_regime_zscore,0.014474
TMO,126,97,vol_chg_21d,0.006388
TMO,126,97,event_fed_gravity,0.041493
TMO,126,97,event_earn_gravity,0.0
TMO,126,97,event_div_gravity,0.0
TMO,126,97,event_cpi_gravity,0.090115
TMO,126,97,event_nfp_gravity,0.085882
TMO,126,97,put_call_skew_30d,0.114728
TMO,126,97,term_structure_slope,0.0
TMO,126,97,vrp_wedge,0.004852
TMO,126,97,iv_atm_z_score,0.01568
TMO,126,97,macro_yield_curve_slope,0.075394
TMO,126,97,macro_hy_spread,0.043173
TMO,126,97,macro_hy_spread_chg_5d,0.007541
TMO,126,97,macro_breakeven_5y,0.014165
TMO,126,97,macro_inflation_fwd_5y5y,0.048985
TMO,126,97,macro_inflation_fwd_chg_21d,0.004689
TMO,126,97,macro_inflation_fwd_abs_chg_21d,0.0
TMO,126,97,macro_inflation_fwd_chg_63d,0.009853
TMO,126,97,macro_inflation_fwd_zscore,0.015027
TMO,126,97,macro_dollar_ret,0.0
TMO,126,97,beta_spy,0.029093
TMO,126,97,res_vol,0.029475
TMO,126,97,res_vol_vel,0.0
TMO,126,97,price_regime,0.05664
TMO,126,97,corr_sector_21d,0.005656
TMO,126,97,corr_sector_252d,0.054879
TMO,126,97,sector_wedge,0.018967
TMO,126,98,rv_5d,0.012319
TMO,126,98,rv_10d,0.022413
TMO,126,98,rv_21d,0.005546
TMO,126,98,rv_63d,0.037574
TMO,126,98,rv_126d,0.061907
TMO,126,98,ewma_vol,0.005216
TMO,126,98,garch_cond_vol,0.008495
TMO,126,98,ret_TARGET,0.0
TMO,126,98,tech_RSI,0.0
TMO,126,98,tech_MACD_hist,0.007873
TMO,126,98,ret_VIXY,0.0
TMO,126,98,mom21_VIXY,0.010817
TMO,126,98,ret_HYG,0.0
TMO,126,98,mom21_HYG,0.017951
TMO,126,98,ret_USO,0.0
TMO,126,98,mom21_USO,0.009535
TMO,126,98,ret_TLT,0.0
TMO,126,98,mom21_TLT,0.016809
TMO,126,98,ret_UUP,0.0
TMO,126,98,mom21_UUP,0.0
TMO,126,98,ret_SPY,0.0
TMO,126,98,mom21_SPY,0.0
TMO,126,98,vol_vel,0.0
TMO,126,98,vol_of_vol,0.007727
TMO,126,98,vol_regime_zscore,0.019468
TMO,126,98,vol_chg_21d,0.00583
TMO,126,98,event_fed_gravity,0.040733
TMO,126,98,event_earn_gravity,0.0
TMO,126,98,event_div_gravity,0.0
TMO,126,98,event_cpi_gravity,0.079026
TMO,126,98,event_nfp_gravity,0.08742
TMO,126,98,put_call_skew_30d,0.117061
TMO,126,98,term_structure_slope,0.0
TMO,126,98,vrp_wedge,0.0
TMO,126,98,iv_atm_z_score,0.011584
TMO,126,98,macro_yield_curve_slope,0.077353
TMO,126,98,macro_hy_spread,0.042235
TMO,126,98,macro_hy_spread_chg_5d,0.008715
TMO,126,98,macro_breakeven_5y,0.014328
TMO,126,98,macro_inflation_fwd_5y5y,0.046521
TMO,126,98,macro_inflation_fwd_chg_21d,0.004816
TMO,126,98,macro_inflation_fwd_abs_chg_21d,0.00607
TMO,126,98,macro_inflation_fwd_chg_63d,0.015066
TMO,126,98,macro_inflation_fwd_zscore,0.017654
TMO,126,98,macro_dollar_ret,0.0
TMO,126,98,beta_spy,0.034386
TMO,126,98,res_vol,0.030021
TMO,126,98,res_vol_vel,0.005061
TMO,126,98,price_regime,0.039906
TMO,126,98,corr_sector_21d,0.007093
TMO,126,98,corr_sector_252d,0.043885
TMO,126,98,sector_wedge,0.021584
TMO,126,99,rv_5d,0.016101
TMO,126,99,rv_10d,0.036775
TMO,126,99,rv_21d,0.006622
TMO,126,99,rv_63d,0.037656
TMO,126,99,rv_126d,0.057643
TMO,126,99,ewma_vol,0.007938
TMO,126,99,garch_cond_vol,0.008602
TMO,126,99,ret_TARGET,0.0
TMO,126,99,tech_RSI,0.0
TMO,126,99,tech_MACD_hist,0.007611
TMO,126,99,ret_VIXY,0.0
TMO,126,99,mom21_VIXY,0.011754
TMO,126,99,ret_HYG,0.0
TMO,126,99,mom21_HYG,0.018052
TMO,126,99,ret_USO,0.0
TMO,126,99,mom21_USO,0.00975
TMO,126,99,ret_TLT,0.0
TMO,126,99,mom21_TLT,0.016728
TMO,126,99,ret_UUP,0.0
TMO,126,99,mom21_UUP,0.0
TMO,126,99,ret_SPY,0.0
TMO,126,99,mom21_SPY,0.0
TMO,126,99,vol_vel,0.0
TMO,126,99,vol_of_vol,0.008194
TMO,126,99,vol_regime_zscore,0.015383
TMO,126,99,vol_chg_21d,0.005406
TMO,126,99,event_fed_gravity,0.066212
TMO,126,99,event_earn_gravity,0.0
TMO,126,99,event_div_gravity,0.0
TMO,126,99,event_cpi_gravity,0.06134
TMO,126,99,event_nfp_gravity,0.064047
TMO,126,99,put_call_skew_30d,0.110144
TMO,126,99,term_structure_slope,0.010774
TMO,126,99,vrp_wedge,0.005339
TMO,126,99,iv_atm_z_score,0.01224
TMO,126,99,macro_yield_curve_slope,0.077128
TMO,126,99,macro_hy_spread,0.038973
TMO,126,99,macro_hy_spread_chg_5d,0.007718
TMO,126,99,macro_breakeven_5y,0.014606
TMO,126,99,macro_inflation_fwd_5y5y,0.041562
TMO,126,99,macro_inflation_fwd_chg_21d,0.005594
TMO,126,99,macro_inflation_fwd_abs_chg_21d,0.0
TMO,126,99,macro_inflation_fwd_chg_63d,0.010407
TMO,126,99,macro_inflation_fwd_zscore,0.016694
TMO,126,99,macro_dollar_ret,0.0
TMO,126,99,beta_spy,0.040149
TMO,126,99,res_vol,0.032887
TMO,126,99,res_vol_vel,0.005116
TMO,126,99,price_regime,0.033425
TMO,126,99,corr_sector_21d,0.010172
TMO,126,99,corr_sector_252d,0.049679
TMO,126,99,sector_wedge,0.021581
TMO,126,100,rv_5d,0.021711
TMO,126,100,rv_10d,0.0
TMO,126,100,rv_21d,0.006865
TMO,126,100,rv_63d,0.047065
TMO,126,100,rv_126d,0.055161
TMO,126,100,ewma_vol,0.007139
TMO,126,100,garch_cond_vol,0.010626
TMO,126,100,ret_TARGET,0.0
TMO,126,100,tech_RSI,0.0
TMO,126,100,tech_MACD_hist,0.008272
TMO,126,100,ret_VIXY,0.0
TMO,126,100,mom21_VIXY,0.014377
TMO,126,100,ret_HYG,0.0
TMO,126,100,mom21_HYG,0.020046
TMO,126,100,ret_USO,0.0
TMO,126,100,mom21_USO,0.008606
TMO,126,100,ret_TLT,0.0
TMO,126,100,mom21_TLT,0.014694
TMO,126,100,ret_UUP,0.0
TMO,126,100,mom21_UUP,0.0
TMO,126,100,ret_SPY,0.0
TMO,126,100,mom21_SPY,0.0
TMO,126,100,vol_vel,0.0
TMO,126,100,vol_of_vol,0.009154
TMO,126,100,vol_regime_zscore,0.01484
TMO,126,100,vol_chg_21d,0.004725
TMO,126,100,event_fed_gravity,0.079891
TMO,126,100,event_earn_gravity,0.0
TMO,126,100,event_div_gravity,0.0
TMO,126,100,event_cpi_gravity,0.043146
TMO,126,100,event_nfp_gravity,0.086171
TMO,126,100,put_call_skew_30d,0.109218
TMO,126,100,term_structure_slope,0.0
TMO,126,100,vrp_wedge,0.00673
TMO,126,100,iv_atm_z_score,0.016265
TMO,126,100,macro_yield_curve_slope,0.079161
TMO,126,100,macro_hy_spread,0.038693
TMO,126,100,macro_hy_spread_chg_5d,0.005983
TMO,126,100,macro_breakeven_5y,0.018191
TMO,126,100,macro_inflation_fwd_5y5y,0.044737
TMO,126,100,macro_inflation_fwd_chg_21d,0.005847
TMO,126,100,macro_inflation_fwd_abs_chg_21d,0.0
TMO,126,100,macro_inflation_fwd_chg_63d,0.01433
TMO,126,100,macro_inflation_fwd_zscore,0.017878
TMO,126,100,macro_dollar_ret,0.0
TMO,126,100,beta_spy,0.035397
TMO,126,100,res_vol,0.029992
TMO,126,100,res_vol_vel,0.0
TMO,126,100,price_regime,0.041814
TMO,126,100,corr_sector_21d,0.007698
TMO,126,100,corr_sector_252d,0.053069
TMO,126,100,sector_wedge,0.022506
TMO,126,101,rv_5d,0.00828
TMO,126,101,rv_10d,0.015928
TMO,126,101,rv_21d,0.0
TMO,126,101,rv_63d,0.041092
TMO,126,101,rv_126d,0.064561
TMO,126,101,ewma_vol,0.00755
TMO,126,101,garch_cond_vol,0.014428
TMO,126,101,ret_TARGET,0.0
TMO,126,101,tech_RSI,0.0
TMO,126,101,tech_MACD_hist,0.008104
TMO,126,101,ret_VIXY,0.0
TMO,126,101,mom21_VIXY,0.014097
TMO,126,101,ret_HYG,0.0
TMO,126,101,mom21_HYG,0.019337
TMO,126,101,ret_USO,0.0
TMO,126,101,mom21_USO,0.008675
TMO,126,101,ret_TLT,0.0
TMO,126,101,mom21_TLT,0.015483
TMO,126,101,ret_UUP,0.0
TMO,126,101,mom21_UUP,0.0
TMO,126,101,ret_SPY,0.0
TMO,126,101,mom21_SPY,0.0
TMO,126,101,vol_vel,0.0
TMO,126,101,vol_of_vol,0.008626
TMO,126,101,vol_regime_zscore,0.033869
TMO,126,101,vol_chg_21d,0.005069
TMO,126,101,event_fed_gravity,0.057697
TMO,126,101,event_earn_gravity,0.0
TMO,126,101,event_div_gravity,0.0
TMO,126,101,event_cpi_gravity,0.073567
TMO,126,101,event_nfp_gravity,0.086948
TMO,126,101,put_call_skew_30d,0.058967
TMO,126,101,term_structure_slope,0.0
TMO,126,101,vrp_wedge,0.006377
TMO,126,101,iv_atm_z_score,0.016035
TMO,126,101,macro_yield_curve_slope,0.079012
TMO,126,101,macro_hy_spread,0.045208
TMO,126,101,macro_hy_spread_chg_5d,0.007014
TMO,126,101,macro_breakeven_5y,0.022688
TMO,126,101,macro_inflation_fwd_5y5y,0.043918
TMO,126,101,macro_inflation_fwd_chg_21d,0.005651
TMO,126,101,macro_inflation_fwd_abs_chg_21d,0.0
TMO,126,101,macro_inflation_fwd_chg_63d,0.015598
TMO,126,101,macro_inflation_fwd_zscore,0.017145
TMO,126,101,macro_dollar_ret,0.0
TMO,126,101,beta_spy,0.039449
TMO,126,101,res_vol,0.029861
TMO,126,101,res_vol_vel,0.006019
TMO,126,101,price_regime,0.038172
TMO,126,101,corr_sector_21d,0.007862
TMO,126,101,corr_sector_252d,0.057968
TMO,126,101,sector_wedge,0.019744
TMO,126,102,rv_5d,0.012994
TMO,126,102,rv_10d,0.0
TMO,126,102,rv_21d,0.034086
TMO,126,102,rv_63d,0.040954
TMO,126,102,rv_126d,0.058889
TMO,126,102,ewma_vol,0.011293
TMO,126,102,garch_cond_vol,0.015337
TMO,126,102,ret_TARGET,0.0
TMO,126,102,tech_RSI,0.0
TMO,126,102,tech_MACD_hist,0.009089
TMO,126,102,ret_VIXY,0.0
TMO,126,102,mom21_VIXY,0.012576
TMO,126,102,ret_HYG,0.0
TMO,126,102,mom21_HYG,0.021881
TMO,126,102,ret_USO,0.0
TMO,126,102,mom21_USO,0.008251
TMO,126,102,ret_TLT,0.0
TMO,126,102,mom21_TLT,0.016021
TMO,126,102,ret_UUP,0.0
TMO,126,102,mom21_UUP,0.0
TMO,126,102,ret_SPY,0.0
TMO,126,102,mom21_SPY,0.0
TMO,126,102,vol_vel,0.0
TMO,126,102,vol_of_vol,0.008429
TMO,126,102,vol_regime_zscore,0.016964
TMO,126,102,vol_chg_21d,0.005004
TMO,126,102,event_fed_gravity,0.074816
TMO,126,102,event_earn_gravity,0.0
TMO,126,102,event_div_gravity,0.0
TMO,126,102,event_cpi_gravity,0.08002
TMO,126,102,event_nfp_gravity,0.102066
TMO,126,102,put_call_skew_30d,0.006375
TMO,126,102,term_structure_slope,0.025894
TMO,126,102,vrp_wedge,0.008711
TMO,126,102,iv_atm_z_score,0.016447
TMO,126,102,macro_yield_curve_slope,0.072476
TMO,126,102,macro_hy_spread,0.037029
TMO,126,102,macro_hy_spread_chg_5d,0.006417
TMO,126,102,macro_breakeven_5y,0.024866
TMO,126,102,macro_inflation_fwd_5y5y,0.03892
TMO,126,102,macro_inflation_fwd_chg_21d,0.005546
TMO,126,102,macro_inflation_fwd_abs_chg_21d,0.005249
TMO,126,102,macro_inflation_fwd_chg_63d,0.010426
TMO,126,102,macro_inflation_fwd_zscore,0.017941
TMO,126,102,macro_dollar_ret,0.0
TMO,126,102,beta_spy,0.050065
TMO,126,102,res_vol,0.024337
TMO,126,102,res_vol_vel,0.0
TMO,126,102,price_regime,0.034981
TMO,126,102,corr_sector_21d,0.007749
TMO,126,102,corr_sector_252d,0.057865
TMO,126,102,sector_wedge,0.020035
TMO,126,103,rv_5d,0.017711
TMO,126,103,rv_10d,0.005416
TMO,126,103,rv_21d,0.044433
TMO,126,103,rv_63d,0.038886
TMO,126,103,rv_126d,0.057934
TMO,126,103,ewma_vol,0.010888
TMO,126,103,garch_cond_vol,0.018246
TMO,126,103,ret_TARGET,0.0
TMO,126,103,tech_RSI,0.0
TMO,126,103,tech_MACD_hist,0.007647
TMO,126,103,ret_VIXY,0.0
TMO,126,103,mom21_VIXY,0.012897
TMO,126,103,ret_HYG,0.0
TMO,126,103,mom21_HYG,0.022371
TMO,126,103,ret_USO,0.0
TMO,126,103,mom21_USO,0.007288
TMO,126,103,ret_TLT,0.0
TMO,126,103,mom21_TLT,0.016978
TMO,126,103,ret_UUP,0.0
TMO,126,103,mom21_UUP,0.0
TMO,126,103,ret_SPY,0.0
TMO,126,103,mom21_SPY,0.0
TMO,126,103,vol_vel,0.0
TMO,126,103,vol_of_vol,0.009042
TMO,126,103,vol_regime_zscore,0.019997
TMO,126,103,vol_chg_21d,0.005627
TMO,126,103,event_fed_gravity,0.051837
TMO,126,103,event_earn_gravity,0.0
TMO,126,103,event_div_gravity,0.0
TMO,126,103,event_cpi_gravity,0.089887
TMO,126,103,event_nfp_gravity,0.052332
TMO,126,103,put_call_skew_30d,0.0
TMO,126,103,term_structure_slope,0.026196
TMO,126,103,vrp_wedge,0.010658
TMO,126,103,iv_atm_z_score,0.007176
TMO,126,103,macro_yield_curve_slope,0.07532
TMO,126,103,macro_hy_spread,0.04687
TMO,126,103,macro_hy_spread_chg_5d,0.006543
TMO,126,103,macro_breakeven_5y,0.030895
TMO,126,103,macro_inflation_fwd_5y5y,0.04133
TMO,126,103,macro_inflation_fwd_chg_21d,0.005456
TMO,126,103,macro_inflation_fwd_abs_chg_21d,0.0
TMO,126,103,macro_inflation_fwd_chg_63d,0.011386
TMO,126,103,macro_inflation_fwd_zscore,0.017089
TMO,126,103,macro_dollar_ret,0.0
TMO,126,103,beta_spy,0.055395
TMO,126,103,res_vol,0.028185
TMO,126,103,res_vol_vel,0.006467
TMO,126,103,price_regime,0.04853
TMO,126,103,corr_sector_21d,0.026619
TMO,126,103,corr_sector_252d,0.051464
TMO,126,103,sector_wedge,0.015002
TMO,126,104,rv_5d,0.021972
TMO,126,104,rv_10d,0.007191
TMO,126,104,rv_21d,0.030932
TMO,126,104,rv_63d,0.037908
TMO,126,104,rv_126d,0.063719
TMO,126,104,ewma_vol,0.012907
TMO,126,104,garch_cond_vol,0.01687
TMO,126,104,ret_TARGET,0.0
TMO,126,104,tech_RSI,0.0
TMO,126,104,tech_MACD_hist,0.013411
TMO,126,104,ret_VIXY,0.0
TMO,126,104,mom21_VIXY,0.013198
TMO,126,104,ret_HYG,0.0
TMO,126,104,mom21_HYG,0.023253
TMO,126,104,ret_USO,0.0
TMO,126,104,mom21_USO,0.008264
TMO,126,104,ret_TLT,0.0
TMO,126,104,mom21_TLT,0.010845
TMO,126,104,ret_UUP,0.0
TMO,126,104,mom21_UUP,0.0
TMO,126,104,ret_SPY,0.0
TMO,126,104,mom21_SPY,0.006245
TMO,126,104,vol_vel,0.0
TMO,126,104,vol_of_vol,0.008835
TMO,126,104,vol_regime_zscore,0.016041
TMO,126,104,vol_chg_21d,0.014583
TMO,126,104,event_fed_gravity,0.054899
TMO,126,104,event_earn_gravity,0.0
TMO,126,104,event_div_gravity,0.0
TMO,126,104,event_cpi_gravity,0.068458
TMO,126,104,event_nfp_gravity,0.092128
TMO,126,104,put_call_skew_30d,0.004802
TMO,126,104,term_structure_slope,0.023743
TMO,126,104,vrp_wedge,0.0
TMO,126,104,iv_atm_z_score,0.008055
TMO,126,104,macro_yield_curve_slope,0.076282
TMO,126,104,macro_hy_spread,0.036702
TMO,126,104,macro_hy_spread_chg_5d,0.007079
TMO,126,104,macro_breakeven_5y,0.030749
TMO,126,104,macro_inflation_fwd_5y5y,0.039501
TMO,126,104,macro_inflation_fwd_chg_21d,0.006061
TMO,126,104,macro_inflation_fwd_abs_chg_21d,0.0
TMO,126,104,macro_inflation_fwd_chg_63d,0.009786
TMO,126,104,macro_inflation_fwd_zscore,0.016918
TMO,126,104,macro_dollar_ret,0.0
TMO,126,104,beta_spy,0.050222
TMO,126,104,res_vol,0.025459
TMO,126,104,res_vol_vel,0.006331
TMO,126,104,price_regime,0.048807
TMO,126,104,corr_sector_21d,0.019506
TMO,126,104,corr_sector_252d,0.044624
TMO,126,104,sector_wedge,0.023713
TMO,126,105,rv_5d,0.0084
TMO,126,105,rv_10d,0.013438
TMO,126,105,rv_21d,0.028524
TMO,126,105,rv_63d,0.048144
TMO,126,105,rv_126d,0.060831
TMO,126,105,ewma_vol,0.014983
TMO,126,105,garch_cond_vol,0.018829
TMO,126,105,ret_TARGET,0.0
TMO,126,105,tech_RSI,0.0
TMO,126,105,tech_MACD_hist,0.0
TMO,126,105,ret_VIXY,0.0
TMO,126,105,mom21_VIXY,0.00698
TMO,126,105,ret_HYG,0.0
TMO,126,105,mom21_HYG,0.021258
TMO,126,105,ret_USO,0.0
TMO,126,105,mom21_USO,0.00749
TMO,126,105,ret_TLT,0.0
TMO,126,105,mom21_TLT,0.011295
TMO,126,105,ret_UUP,0.0
TMO,126,105,mom21_UUP,0.0
TMO,126,105,ret_SPY,0.0
TMO,126,105,mom21_SPY,0.0
TMO,126,105,vol_vel,0.0
TMO,126,105,vol_of_vol,0.008602
TMO,126,105,vol_regime_zscore,0.018979
TMO,126,105,vol_chg_21d,0.0
TMO,126,105,event_fed_gravity,0.060894
TMO,126,105,event_earn_gravity,0.0
TMO,126,105,event_div_gravity,0.0
TMO,126,105,event_cpi_gravity,0.048919
TMO,126,105,event_nfp_gravity,0.082966
TMO,126,105,put_call_skew_30d,0.010192
TMO,126,105,term_structure_slope,0.023564
TMO,126,105,vrp_wedge,0.00722
TMO,126,105,iv_atm_z_score,0.007609
TMO,126,105,macro_yield_curve_slope,0.078023
TMO,126,105,macro_hy_spread,0.041333
TMO,126,105,macro_hy_spread_chg_5d,0.006667
TMO,126,105,macro_breakeven_5y,0.029596
TMO,126,105,macro_inflation_fwd_5y5y,0.048046
TMO,126,105,macro_inflation_fwd_chg_21d,0.005836
TMO,126,105,macro_inflation_fwd_abs_chg_21d,0.0
TMO,126,105,macro_inflation_fwd_chg_63d,0.010057
TMO,126,105,macro_inflation_fwd_zscore,0.018201
TMO,126,105,macro_dollar_ret,0.0
TMO,126,105,beta_spy,0.054091
TMO,126,105,res_vol,0.032319
TMO,126,105,res_vol_vel,0.007091
TMO,126,105,price_regime,0.056403
TMO,126,105,corr_sector_21d,0.025979
TMO,126,105,corr_sector_252d,0.054716
TMO,126,105,sector_wedge,0.022526
TMO,126,106,rv_5d,0.021392
TMO,126,106,rv_10d,0.006691
TMO,126,106,rv_21d,0.051103
TMO,126,106,rv_63d,0.025093
TMO,126,106,rv_126d,0.0539
TMO,126,106,ewma_vol,0.014728
TMO,126,106,garch_cond_vol,0.021412
TMO,126,106,ret_TARGET,0.0
TMO,126,106,tech_RSI,0.0
TMO,126,106,tech_MACD_hist,0.0
TMO,126,106,ret_VIXY,0.0
TMO,126,106,mom21_VIXY,0.010536
TMO,126,106,ret_HYG,0.0
TMO,126,106,mom21_HYG,0.02168
TMO,126,106,ret_USO,0.0
TMO,126,106,mom21_USO,0.008505
TMO,126,106,ret_TLT,0.0
TMO,126,106,mom21_TLT,0.011521
TMO,126,106,ret_UUP,0.0
TMO,126,106,mom21_UUP,0.0
TMO,126,106,ret_SPY,0.0
TMO,126,106,mom21_SPY,0.007966
TMO,126,106,vol_vel,0.0
TMO,126,106,vol_of_vol,0.008947
TMO,126,106,vol_regime_zscore,0.020167
TMO,126,106,vol_chg_21d,0.009506
TMO,126,106,event_fed_gravity,0.058231
TMO,126,106,event_earn_gravity,0.0
TMO,126,106,event_div_gravity,0.0
TMO,126,106,event_cpi_gravity,0.036956
TMO,126,106,event_nfp_gravity,0.070503
TMO,126,106,put_call_skew_30d,0.041354
TMO,126,106,term_structure_slope,0.022441
TMO,126,106,vrp_wedge,0.007013
TMO,126,106,iv_atm_z_score,0.00823
TMO,126,106,macro_yield_curve_slope,0.069475
TMO,126,106,macro_hy_spread,0.042664
TMO,126,106,macro_hy_spread_chg_5d,0.006218
TMO,126,106,macro_breakeven_5y,0.037242
TMO,126,106,macro_inflation_fwd_5y5y,0.036012
TMO,126,106,macro_inflation_fwd_chg_21d,0.00523
TMO,126,106,macro_inflation_fwd_abs_chg_21d,0.004987
TMO,126,106,macro_inflation_fwd_chg_63d,0.010052
TMO,126,106,macro_inflation_fwd_zscore,0.015819
TMO,126,106,macro_dollar_ret,0.0
TMO,126,106,beta_spy,0.039574
TMO,126,106,res_vol,0.035511
TMO,126,106,res_vol_vel,0.005812
TMO,126,106,price_regime,0.054769
TMO,126,106,corr_sector_21d,0.019131
TMO,126,106,corr_sector_252d,0.047285
TMO,126,106,sector_wedge,0.032343
TMO,126,107,rv_5d,0.014142
TMO,126,107,rv_10d,0.004867
TMO,126,107,rv_21d,0.107834
TMO,126,107,rv_63d,0.026048
TMO,126,107,rv_126d,0.052121
TMO,126,107,ewma_vol,0.020338
TMO,126,107,garch_cond_vol,0.010919
TMO,126,107,ret_TARGET,0.0
TMO,126,107,tech_RSI,0.0
TMO,126,107,tech_MACD_hist,0.008823
TMO,126,107,ret_VIXY,0.0
TMO,126,107,mom21_VIXY,0.0
TMO,126,107,ret_HYG,0.0
TMO,126,107,mom21_HYG,0.019231
TMO,126,107,ret_USO,0.0
TMO,126,107,mom21_USO,0.006844
TMO,126,107,ret_TLT,0.0
TMO,126,107,mom21_TLT,0.010038
TMO,126,107,ret_UUP,0.0
TMO,126,107,mom21_UUP,0.0
TMO,126,107,ret_SPY,0.0
TMO,126,107,mom21_SPY,0.009132
TMO,126,107,vol_vel,0.005249
TMO,126,107,vol_of_vol,0.008524
TMO,126,107,vol_regime_zscore,0.022011
TMO,126,107,vol_chg_21d,0.005865
TMO,126,107,event_fed_gravity,0.046872
TMO,126,107,event_earn_gravity,0.0
TMO,126,107,event_div_gravity,0.0
TMO,126,107,event_cpi_gravity,0.026268
TMO,126,107,event_nfp_gravity,0.115498
TMO,126,107,put_call_skew_30d,0.017989
TMO,126,107,term_structure_slope,0.017584
TMO,126,107,vrp_wedge,0.0
TMO,126,107,iv_atm_z_score,0.007084
TMO,126,107,macro_yield_curve_slope,0.061481
TMO,126,107,macro_hy_spread,0.037813
TMO,126,107,macro_hy_spread_chg_5d,0.006641
TMO,126,107,macro_breakeven_5y,0.036339
TMO,126,107,macro_inflation_fwd_5y5y,0.033389
TMO,126,107,macro_inflation_fwd_chg_21d,0.004471
TMO,126,107,macro_inflation_fwd_abs_chg_21d,0.005274
TMO,126,107,macro_inflation_fwd_chg_63d,0.010621
TMO,126,107,macro_inflation_fwd_zscore,0.01452
TMO,126,107,macro_dollar_ret,0.0
TMO,126,107,beta_spy,0.036113
TMO,126,107,res_vol,0.034833
TMO,126,107,res_vol_vel,0.0
TMO,126,107,price_regime,0.057246
TMO,126,107,corr_sector_21d,0.019968
TMO,126,107,corr_sector_252d,0.04328
TMO,126,107,sector_wedge,0.03473
TMO,126,108,rv_5d,0.020347
TMO,126,108,rv_10d,0.0
TMO,126,108,rv_21d,0.092691
TMO,126,108,rv_63d,0.021212
TMO,126,108,rv_126d,0.056591
TMO,126,108,ewma_vol,0.014242
TMO,126,108,garch_cond_vol,0.011154
TMO,126,108,ret_TARGET,0.0
TMO,126,108,tech_RSI,0.0
TMO,126,108,tech_MACD_hist,0.009141
TMO,126,108,ret_VIXY,0.0
TMO,126,108,mom21_VIXY,0.013657
TMO,126,108,ret_HYG,0.0
TMO,126,108,mom21_HYG,0.020646
TMO,126,108,ret_USO,0.0
TMO,126,108,mom21_USO,0.007123
TMO,126,108,ret_TLT,0.0
TMO,126,108,mom21_TLT,0.011127
TMO,126,108,ret_UUP,0.0
TMO,126,108,mom21_UUP,0.0
TMO,126,108,ret_SPY,0.0
TMO,126,108,mom21_SPY,0.008698
TMO,126,108,vol_vel,0.0
TMO,126,108,vol_of_vol,0.008933
TMO,126,108,vol_regime_zscore,0.020405
TMO,126,108,vol_chg_21d,0.010434
TMO,126,108,event_fed_gravity,0.035433
TMO,126,108,event_earn_gravity,0.0
TMO,126,108,event_div_gravity,0.0
TMO,126,108,event_cpi_gravity,0.068313
TMO,126,108,event_nfp_gravity,0.071918
TMO,126,108,put_call_skew_30d,0.025958
TMO,126,108,term_structure_slope,0.016606
TMO,126,108,vrp_wedge,0.009063
TMO,126,108,iv_atm_z_score,0.007554
TMO,126,108,macro_yield_curve_slope,0.065878
TMO,126,108,macro_hy_spread,0.034415
TMO,126,108,macro_hy_spread_chg_5d,0.006052
TMO,126,108,macro_breakeven_5y,0.04169
TMO,126,108,macro_inflation_fwd_5y5y,0.034592
TMO,126,108,macro_inflation_fwd_chg_21d,0.00502
TMO,126,108,macro_inflation_fwd_abs_chg_21d,0.0
TMO,126,108,macro_inflation_fwd_chg_63d,0.009269
TMO,126,108,macro_inflation_fwd_zscore,0.016027
TMO,126,108,macro_dollar_ret,0.0
TMO,126,108,beta_spy,0.038188
TMO,126,108,res_vol,0.036943
TMO,126,108,res_vol_vel,0.0
TMO,126,108,price_regime,0.057108
TMO,126,108,corr_sector_21d,0.014652
TMO,126,108,corr_sector_252d,0.041434
TMO,126,108,sector_wedge,0.037485
TMO,126,109,rv_5d,0.01282
TMO,126,109,rv_10d,0.0
TMO,126,109,rv_21d,0.094936
TMO,126,109,rv_63d,0.023344
TMO,126,109,rv_126d,0.05262
TMO,126,109,ewma_vol,0.014348
TMO,126,109,garch_cond_vol,0.014491
TMO,126,109,ret_TARGET,0.0
TMO,126,109,tech_RSI,0.0
TMO,126,109,tech_MACD_hist,0.0
TMO,126,109,ret_VIXY,0.0
TMO,126,109,mom21_VIXY,0.005189
TMO,126,109,ret_HYG,0.0
TMO,126,109,mom21_HYG,0.021092
TMO,126,109,ret_USO,0.0
TMO,126,109,mom21_USO,0.008191
TMO,126,109,ret_TLT,0.0
TMO,126,109,mom21_TLT,0.011504
TMO,126,109,ret_UUP,0.0
TMO,126,109,mom21_UUP,0.0
TMO,126,109,ret_SPY,0.0
TMO,126,109,mom21_SPY,0.009032
TMO,126,109,vol_vel,0.005696
TMO,126,109,vol_of_vol,0.008309
TMO,126,109,vol_regime_zscore,0.020484
TMO,126,109,vol_chg_21d,0.006019
TMO,126,109,event_fed_gravity,0.049628
TMO,126,109,event_earn_gravity,0.0
TMO,126,109,event_div_gravity,0.0
TMO,126,109,event_cpi_gravity,0.041961
TMO,126,109,event_nfp_gravity,0.083472
TMO,126,109,put_call_skew_30d,0.010368
TMO,126,109,term_structure_slope,0.018161
TMO,126,109,vrp_wedge,0.004527
TMO,126,109,iv_atm_z_score,0.011834
TMO,126,109,macro_yield_curve_slope,0.069199
TMO,126,109,macro_hy_spread,0.040667
TMO,126,109,macro_hy_spread_chg_5d,0.007828
TMO,126,109,macro_breakeven_5y,0.044809
TMO,126,109,macro_inflation_fwd_5y5y,0.034138
TMO,126,109,macro_inflation_fwd_chg_21d,0.004841
TMO,126,109,macro_inflation_fwd_abs_chg_21d,0.0
TMO,126,109,macro_inflation_fwd_chg_63d,0.010571
TMO,126,109,macro_inflation_fwd_zscore,0.014038
TMO,126,109,macro_dollar_ret,0.0
TMO,126,109,beta_spy,0.038512
TMO,126,109,res_vol,0.042228
TMO,126,109,res_vol_vel,0.0
TMO,126,109,price_regime,0.065261
TMO,126,109,corr_sector_21d,0.020067
TMO,126,109,corr_sector_252d,0.042945
TMO,126,109,sector_wedge,0.03687
TMO,126,110,rv_5d,0.020329
TMO,126,110,rv_10d,0.0
TMO,126,110,rv_21d,0.03904
TMO,126,110,rv_63d,0.032355
TMO,126,110,rv_126d,0.063093
TMO,126,110,ewma_vol,0.013075
TMO,126,110,garch_cond_vol,0.010045
TMO,126,110,ret_TARGET,0.0
TMO,126,110,tech_RSI,0.0
TMO,126,110,tech_MACD_hist,0.005126
TMO,126,110,ret_VIXY,0.0
TMO,126,110,mom21_VIXY,0.012597
TMO,126,110,ret_HYG,0.0
TMO,126,110,mom21_HYG,0.023059
TMO,126,110,ret_USO,0.0
TMO,126,110,mom21_USO,0.008298
TMO,126,110,ret_TLT,0.0
TMO,126,110,mom21_TLT,0.012082
TMO,126,110,ret_UUP,0.0
TMO,126,110,mom21_UUP,0.0
TMO,126,110,ret_SPY,0.0
TMO,126,110,mom21_SPY,0.0
TMO,126,110,vol_vel,0.004868
TMO,126,110,vol_of_vol,0.008921
TMO,126,110,vol_regime_zscore,0.024174
TMO,126,110,vol_chg_21d,0.007646
TMO,126,110,event_fed_gravity,0.054499
TMO,126,110,event_earn_gravity,0.0
TMO,126,110,event_div_gravity,0.0
TMO,126,110,event_cpi_gravity,0.053556
TMO,126,110,event_nfp_gravity,0.073501
TMO,126,110,put_call_skew_30d,0.016423
TMO,126,110,term_structure_slope,0.018687
TMO,126,110,vrp_wedge,0.0
TMO,126,110,iv_atm_z_score,0.013897
TMO,126,110,macro_yield_curve_slope,0.072103
TMO,126,110,macro_hy_spread,0.035387
TMO,126,110,macro_hy_spread_chg_5d,0.007325
TMO,126,110,macro_breakeven_5y,0.041281
TMO,126,110,macro_inflation_fwd_5y5y,0.037318
TMO,126,110,macro_inflation_fwd_chg_21d,0.005518
TMO,126,110,macro_inflation_fwd_abs_chg_21d,0.0
TMO,126,110,macro_inflation_fwd_chg_63d,0.009375
TMO,126,110,macro_inflation_fwd_zscore,0.013986
TMO,126,110,macro_dollar_ret,0.0
TMO,126,110,beta_spy,0.042488
TMO,126,110,res_vol,0.036433
TMO,126,110,res_vol_vel,0.006241
TMO,126,110,price_regime,0.059795
TMO,126,110,corr_sector_21d,0.034178
TMO,126,110,corr_sector_252d,0.044912
TMO,126,110,sector_wedge,0.038387
TMO,126,111,rv_5d,0.014383
TMO,126,111,rv_10d,0.0
TMO,126,111,rv_21d,0.056276
TMO,126,111,rv_63d,0.037151
TMO,126,111,rv_126d,0.057169
TMO,126,111,ewma_vol,0.013111
TMO,126,111,garch_cond_vol,0.010386
TMO,126,111,ret_TARGET,0.0
TMO,126,111,tech_RSI,0.0
TMO,126,111,tech_MACD_hist,0.008187
TMO,126,111,ret_VIXY,0.0
TMO,126,111,mom21_VIXY,0.006427
TMO,126,111,ret_HYG,0.0
TMO,126,111,mom21_HYG,0.023327
TMO,126,111,ret_USO,0.0
TMO,126,111,mom21_USO,0.007733
TMO,126,111,ret_TLT,0.0
TMO,126,111,mom21_TLT,0.010678
TMO,126,111,ret_UUP,0.0
TMO,126,111,mom21_UUP,0.0
TMO,126,111,ret_SPY,0.0
TMO,126,111,mom21_SPY,0.008478
TMO,126,111,vol_vel,0.005426
TMO,126,111,vol_of_vol,0.007852
TMO,126,111,vol_regime_zscore,0.019345
TMO,126,111,vol_chg_21d,0.014243
TMO,126,111,event_fed_gravity,0.064098
TMO,126,111,event_earn_gravity,0.0
TMO,126,111,event_div_gravity,0.0
TMO,126,111,event_cpi_gravity,0.032983
TMO,126,111,event_nfp_gravity,0.088904
TMO,126,111,put_call_skew_30d,0.011747
TMO,126,111,term_structure_slope,0.017233
TMO,126,111,vrp_wedge,0.004518
TMO,126,111,iv_atm_z_score,0.014191
TMO,126,111,macro_yield_curve_slope,0.068753
TMO,126,111,macro_hy_spread,0.037897
TMO,126,111,macro_hy_spread_chg_5d,0.007327
TMO,126,111,macro_breakeven_5y,0.03815
TMO,126,111,macro_inflation_fwd_5y5y,0.036438
TMO,126,111,macro_inflation_fwd_chg_21d,0.005389
TMO,126,111,macro_inflation_fwd_abs_chg_21d,0.0
TMO,126,111,macro_inflation_fwd_chg_63d,0.008976
TMO,126,111,macro_inflation_fwd_zscore,0.014962
TMO,126,111,macro_dollar_ret,0.0
TMO,126,111,beta_spy,0.036182
TMO,126,111,res_vol,0.037839
TMO,126,111,res_vol_vel,0.005424
TMO,126,111,price_regime,0.059584
TMO,126,111,corr_sector_21d,0.026961
TMO,126,111,corr_sector_252d,0.042671
TMO,126,111,sector_wedge,0.039602
TMO,126,112,rv_5d,0.019382
TMO,126,112,rv_10d,0.004302
TMO,126,112,rv_21d,0.028975
TMO,126,112,rv_63d,0.036378
TMO,126,112,rv_126d,0.057149
TMO,126,112,ewma_vol,0.013266
TMO,126,112,garch_cond_vol,0.012467
TMO,126,112,ret_TARGET,0.0
TMO,126,112,tech_RSI,0.0
TMO,126,112,tech_MACD_hist,0.0
TMO,126,112,ret_VIXY,0.0
TMO,126,112,mom21_VIXY,0.007219
TMO,126,112,ret_HYG,0.0
TMO,126,112,mom21_HYG,0.023466
TMO,126,112,ret_USO,0.0
TMO,126,112,mom21_USO,0.007385
TMO,126,112,ret_TLT,0.0
TMO,126,112,mom21_TLT,0.009482
TMO,126,112,ret_UUP,0.0
TMO,126,112,mom21_UUP,0.0
TMO,126,112,ret_SPY,0.0
TMO,126,112,mom21_SPY,0.00896
TMO,126,112,vol_vel,0.005756
TMO,126,112,vol_of_vol,0.008342
TMO,126,112,vol_regime_zscore,0.017393
TMO,126,112,vol_chg_21d,0.009434
TMO,126,112,event_fed_gravity,0.065377
TMO,126,112,event_earn_gravity,0.0
TMO,126,112,event_div_gravity,0.0
TMO,126,112,event_cpi_gravity,0.028613
TMO,126,112,event_nfp_gravity,0.095058
TMO,126,112,put_call_skew_30d,0.045212
TMO,126,112,term_structure_slope,0.0
TMO,126,112,vrp_wedge,0.0
TMO,126,112,iv_atm_z_score,0.012244
TMO,126,112,macro_yield_curve_slope,0.069139
TMO,126,112,macro_hy_spread,0.040363
TMO,126,112,macro_hy_spread_chg_5d,0.006956
TMO,126,112,macro_breakeven_5y,0.038084
TMO,126,112,macro_inflation_fwd_5y5y,0.039182
TMO,126,112,macro_inflation_fwd_chg_21d,0.004948
TMO,126,112,macro_inflation_fwd_abs_chg_21d,0.0
TMO,126,112,macro_inflation_fwd_chg_63d,0.008871
TMO,126,112,macro_inflation_fwd_zscore,0.017387
TMO,126,112,macro_dollar_ret,0.0
TMO,126,112,beta_spy,0.039744
TMO,126,112,res_vol,0.043967
TMO,126,112,res_vol_vel,0.006253
TMO,126,112,price_regime,0.069469
TMO,126,112,corr_sector_21d,0.016304
TMO,126,112,corr_sector_252d,0.046709
TMO,126,112,sector_wedge,0.036765
TMO,126,113,rv_5d,0.01356
TMO,126,113,rv_10d,0.0
TMO,126,113,rv_21d,0.040834
TMO,126,113,rv_63d,0.040505
TMO,126,113,rv_126d,0.056308
TMO,126,113,ewma_vol,0.011717
TMO,126,113,garch_cond_vol,0.01321
TMO,126,113,ret_TARGET,0.0
TMO,126,113,tech_RSI,0.0
TMO,126,113,tech_MACD_hist,0.0
TMO,126,113,ret_VIXY,0.004364
TMO,126,113,mom21_VIXY,0.005762
TMO,126,113,ret_HYG,0.0
TMO,126,113,mom21_HYG,0.022972
TMO,126,113,ret_USO,0.0
TMO,126,113,mom21_USO,0.008402
TMO,126,113,ret_TLT,0.0
TMO,126,113,mom21_TLT,0.012776
TMO,126,113,ret_UUP,0.0
TMO,126,113,mom21_UUP,0.0
TMO,126,113,ret_SPY,0.0
TMO,126,113,mom21_SPY,0.009877
TMO,126,113,vol_vel,0.005879
TMO,126,113,vol_of_vol,0.01007
TMO,126,113,vol_regime_zscore,0.018978
TMO,126,113,vol_chg_21d,0.0
TMO,126,113,event_fed_gravity,0.051772
TMO,126,113,event_earn_gravity,0.0
TMO,126,113,event_div_gravity,0.0
TMO,126,113,event_cpi_gravity,0.048365
TMO,126,113,event_nfp_gravity,0.07728
TMO,126,113,put_call_skew_30d,0.0
TMO,126,113,term_structure_slope,0.012584
TMO,126,113,vrp_wedge,0.004921
TMO,126,113,iv_atm_z_score,0.014955
TMO,126,113,macro_yield_curve_slope,0.07062
TMO,126,113,macro_hy_spread,0.045634
TMO,126,113,macro_hy_spread_chg_5d,0.007616
TMO,126,113,macro_breakeven_5y,0.046338
TMO,126,113,macro_inflation_fwd_5y5y,0.034065
TMO,126,113,macro_inflation_fwd_chg_21d,0.005352
TMO,126,113,macro_inflation_fwd_abs_chg_21d,0.0
TMO,126,113,macro_inflation_fwd_chg_63d,0.010862
TMO,126,113,macro_inflation_fwd_zscore,0.019419
TMO,126,113,macro_dollar_ret,0.0
TMO,126,113,beta_spy,0.03863
TMO,126,113,res_vol,0.041032
TMO,126,113,res_vol_vel,0.006125
TMO,126,113,price_regime,0.079392
TMO,126,113,corr_sector_21d,0.028106
TMO,126,113,corr_sector_252d,0.043795
TMO,126,113,sector_wedge,0.037925
TMO,126,114,rv_5d,0.0
TMO,126,114,rv_10d,0.0
TMO,126,114,rv_21d,0.0402
TMO,126,114,rv_63d,0.036971
TMO,126,114,rv_126d,0.049359
TMO,126,114,ewma_vol,0.013862
TMO,126,114,garch_cond_vol,0.015248
TMO,126,114,ret_TARGET,0.0
TMO,126,114,tech_RSI,0.0
TMO,126,114,tech_MACD_hist,0.007279
TMO,126,114,ret_VIXY,0.0
TMO,126,114,mom21_VIXY,0.011023
TMO,126,114,ret_HYG,0.0
TMO,126,114,mom21_HYG,0.021946
TMO,126,114,ret_USO,0.0
TMO,126,114,mom21_USO,0.008561
TMO,126,114,ret_TLT,0.0
TMO,126,114,mom21_TLT,0.012266
TMO,126,114,ret_UUP,0.0
TMO,126,114,mom21_UUP,0.0
TMO,126,114,ret_SPY,0.0
TMO,126,114,mom21_SPY,0.009409
TMO,126,114,vol_vel,0.005554
TMO,126,114,vol_of_vol,0.008747
TMO,126,114,vol_regime_zscore,0.01685
TMO,126,114,vol_chg_21d,0.009893
TMO,126,114,event_fed_gravity,0.031239
TMO,126,114,event_earn_gravity,0.0
TMO,126,114,event_div_gravity,0.0
TMO,126,114,event_cpi_gravity,0.07107
TMO,126,114,event_nfp_gravity,0.087155
TMO,126,114,put_call_skew_30d,0.024852
TMO,126,114,term_structure_slope,0.014657
TMO,126,114,vrp_wedge,0.0
TMO,126,114,iv_atm_z_score,0.01026
TMO,126,114,macro_yield_curve_slope,0.079805
TMO,126,114,macro_hy_spread,0.044184
TMO,126,114,macro_hy_spread_chg_5d,0.006408
TMO,126,114,macro_breakeven_5y,0.040655
TMO,126,114,macro_inflation_fwd_5y5y,0.037405
TMO,126,114,macro_inflation_fwd_chg_21d,0.004686
TMO,126,114,macro_inflation_fwd_abs_chg_21d,0.0
TMO,126,114,macro_inflation_fwd_chg_63d,0.008915
TMO,126,114,macro_inflation_fwd_zscore,0.015898
TMO,126,114,macro_dollar_ret,0.0
TMO,126,114,beta_spy,0.038696
TMO,126,114,res_vol,0.0435
TMO,126,114,res_vol_vel,0.0
TMO,126,114,price_regime,0.076367
TMO,126,114,corr_sector_21d,0.017156
TMO,126,114,corr_sector_252d,0.048111
TMO,126,114,sector_wedge,0.031811
TMO,126,115,rv_5d,0.012991
TMO,126,115,rv_10d,0.0
TMO,126,115,rv_21d,0.057843
TMO,126,115,rv_63d,0.037321
TMO,126,115,rv_126d,0.05297
TMO,126,115,ewma_vol,0.020708
TMO,126,115,garch_cond_vol,0.013131
TMO,126,115,ret_TARGET,0.0
TMO,126,115,tech_RSI,0.0
TMO,126,115,tech_MACD_hist,0.00856
TMO,126,115,ret_VIXY,0.0
TMO,126,115,mom21_VIXY,0.008431
TMO,126,115,ret_HYG,0.0
TMO,126,115,mom21_HYG,0.020758
TMO,126,115,ret_USO,0.0
TMO,126,115,mom21_USO,0.008592
TMO,126,115,ret_TLT,0.0
TMO,126,115,mom21_TLT,0.008735
TMO,126,115,ret_UUP,0.0
TMO,126,115,mom21_UUP,0.0
TMO,126,115,ret_SPY,0.0
TMO,126,115,mom21_SPY,0.007848
TMO,126,115,vol_vel,0.005348
TMO,126,115,vol_of_vol,0.008914
TMO,126,115,vol_regime_zscore,0.021519
TMO,126,115,vol_chg_21d,0.007529
TMO,126,115,event_fed_gravity,0.0496
TMO,126,115,event_earn_gravity,0.0
TMO,126,115,event_div_gravity,0.0
TMO,126,115,event_cpi_gravity,0.045829
TMO,126,115,event_nfp_gravity,0.076302
TMO,126,115,put_call_skew_30d,0.007069
TMO,126,115,term_structure_slope,0.020271
TMO,126,115,vrp_wedge,0.00475
TMO,126,115,iv_atm_z_score,0.015898
TMO,126,115,macro_yield_curve_slope,0.076046
TMO,126,115,macro_hy_spread,0.039725
TMO,126,115,macro_hy_spread_chg_5d,0.006984
TMO,126,115,macro_breakeven_5y,0.043019
TMO,126,115,macro_inflation_fwd_5y5y,0.03891
TMO,126,115,macro_inflation_fwd_chg_21d,0.0049
TMO,126,115,macro_inflation_fwd_abs_chg_21d,0.0
TMO,126,115,macro_inflation_fwd_chg_63d,0.009448
TMO,126,115,macro_inflation_fwd_zscore,0.018362
TMO,126,115,macro_dollar_ret,0.0
TMO,126,115,beta_spy,0.03686
TMO,126,115,res_vol,0.037905
TMO,126,115,res_vol_vel,0.0
TMO,126,115,price_regime,0.063383
TMO,126,115,corr_sector_21d,0.027128
TMO,126,115,corr_sector_252d,0.04337
TMO,126,115,sector_wedge,0.033042
TMO,126,116,rv_5d,0.007782
TMO,126,116,rv_10d,0.005506
TMO,126,116,rv_21d,0.03707
TMO,126,116,rv_63d,0.039526
TMO,126,116,rv_126d,0.057855
TMO,126,116,ewma_vol,0.018663
TMO,126,116,garch_cond_vol,0.011171
TMO,126,116,ret_TARGET,0.0
TMO,126,116,tech_RSI,0.0
TMO,126,116,tech_MACD_hist,0.0
TMO,126,116,ret_VIXY,0.0
TMO,126,116,mom21_VIXY,0.01184
TMO,126,116,ret_HYG,0.0
TMO,126,116,mom21_HYG,0.022105
TMO,126,116,ret_USO,0.0
TMO,126,116,mom21_USO,0.009179
TMO,126,116,ret_TLT,0.0
TMO,126,116,mom21_TLT,0.010845
TMO,126,116,ret_UUP,0.0
TMO,126,116,mom21_UUP,0.0
TMO,126,116,ret_SPY,0.0
TMO,126,116,mom21_SPY,0.011978
TMO,126,116,vol_vel,0.0
TMO,126,116,vol_of_vol,0.008551
TMO,126,116,vol_regime_zscore,0.020054
TMO,126,116,vol_chg_21d,0.009183
TMO,126,116,event_fed_gravity,0.053807
TMO,126,116,event_earn_gravity,0.0
TMO,126,116,event_div_gravity,0.0
TMO,126,116,event_cpi_gravity,0.048746
TMO,126,116,event_nfp_gravity,0.070069
TMO,126,116,put_call_skew_30d,0.007217
TMO,126,116,term_structure_slope,0.012728
TMO,126,116,vrp_wedge,0.0
TMO,126,116,iv_atm_z_score,0.017655
TMO,126,116,macro_yield_curve_slope,0.077135
TMO,126,116,macro_hy_spread,0.045442
TMO,126,116,macro_hy_spread_chg_5d,0.006837
TMO,126,116,macro_breakeven_5y,0.044674
TMO,126,116,macro_inflation_fwd_5y5y,0.041438
TMO,126,116,macro_inflation_fwd_chg_21d,0.005121
TMO,126,116,macro_inflation_fwd_abs_chg_21d,0.0
TMO,126,116,macro_inflation_fwd_chg_63d,0.010309
TMO,126,116,macro_inflation_fwd_zscore,0.018126
TMO,126,116,macro_dollar_ret,0.0
TMO,126,116,beta_spy,0.035001
TMO,126,116,res_vol,0.044454
TMO,126,116,res_vol_vel,0.004745
TMO,126,116,price_regime,0.072733
TMO,126,116,corr_sector_21d,0.024827
TMO,126,116,corr_sector_252d,0.041539
TMO,126,116,sector_wedge,0.03609
TMO,126,117,rv_5d,0.013587
TMO,126,117,rv_10d,0.006271
TMO,126,117,rv_21d,0.04527
TMO,126,117,rv_63d,0.040851
TMO,126,117,rv_126d,0.048465
TMO,126,117,ewma_vol,0.020411
TMO,126,117,garch_cond_vol,0.010522
TMO,126,117,ret_TARGET,0.0
TMO,126,117,tech_RSI,0.0
TMO,126,117,tech_MACD_hist,0.007883
TMO,126,117,ret_VIXY,0.0
TMO,126,117,mom21_VIXY,0.011416
TMO,126,117,ret_HYG,0.0
TMO,126,117,mom21_HYG,0.020853
TMO,126,117,ret_USO,0.0
TMO,126,117,mom21_USO,0.007042
TMO,126,117,ret_TLT,0.0
TMO,126,117,mom21_TLT,0.012442
TMO,126,117,ret_UUP,0.0
TMO,126,117,mom21_UUP,0.0
TMO,126,117,ret_SPY,0.0
TMO,126,117,mom21_SPY,0.010545
TMO,126,117,vol_vel,0.005438
TMO,126,117,vol_of_vol,0.008095
TMO,126,117,vol_regime_zscore,0.01799
TMO,126,117,vol_chg_21d,0.004875
TMO,126,117,event_fed_gravity,0.055651
TMO,126,117,event_earn_gravity,0.0
TMO,126,117,event_div_gravity,0.0
TMO,126,117,event_cpi_gravity,0.029463
TMO,126,117,event_nfp_gravity,0.081182
TMO,126,117,put_call_skew_30d,0.026385
TMO,126,117,term_structure_slope,0.019091
TMO,126,117,vrp_wedge,0.005378
TMO,126,117,iv_atm_z_score,0.011773
TMO,126,117,macro_yield_curve_slope,0.070035
TMO,126,117,macro_hy_spread,0.043992
TMO,126,117,macro_hy_spread_chg_5d,0.005622
TMO,126,117,macro_breakeven_5y,0.040955
TMO,126,117,macro_inflation_fwd_5y5y,0.038955
TMO,126,117,macro_inflation_fwd_chg_21d,0.005093
TMO,126,117,macro_inflation_fwd_abs_chg_21d,0.0
TMO,126,117,macro_inflation_fwd_chg_63d,0.010613
TMO,126,117,macro_inflation_fwd_zscore,0.016666
TMO,126,117,macro_dollar_ret,0.0
TMO,126,117,beta_spy,0.037368
TMO,126,117,res_vol,0.04497
TMO,126,117,res_vol_vel,0.0
TMO,126,117,price_regime,0.061782
TMO,126,117,corr_sector_21d,0.023804
TMO,126,117,corr_sector_252d,0.040491
TMO,126,117,sector_wedge,0.038774
TMO,126,118,rv_5d,0.012642
TMO,126,118,rv_10d,0.0
TMO,126,118,rv_21d,0.040995
TMO,126,118,rv_63d,0.037546
TMO,126,118,rv_126d,0.059274
TMO,126,118,ewma_vol,0.013028
TMO,126,118,garch_cond_vol,0.009505
TMO,126,118,ret_TARGET,0.0
TMO,126,118,tech_RSI,0.0
TMO,126,118,tech_MACD_hist,0.00509
TMO,126,118,ret_VIXY,0.0
TMO,126,118,mom21_VIXY,0.008522
TMO,126,118,ret_HYG,0.0
TMO,126,118,mom21_HYG,0.024616
TMO,126,118,ret_USO,0.0
TMO,126,118,mom21_USO,0.007397
TMO,126,118,ret_TLT,0.0
TMO,126,118,mom21_TLT,0.010785
TMO,126,118,ret_UUP,0.0
TMO,126,118,mom21_UUP,0.0
TMO,126,118,ret_SPY,0.0
TMO,126,118,mom21_SPY,0.012457
TMO,126,118,vol_vel,0.006049
TMO,126,118,vol_of_vol,0.009687
TMO,126,118,vol_regime_zscore,0.017523
TMO,126,118,vol_chg_21d,0.010622
TMO,126,118,event_fed_gravity,0.069162
TMO,126,118,event_earn_gravity,0.0
TMO,126,118,event_div_gravity,0.0
TMO,126,118,event_cpi_gravity,0.03056
TMO,126,118,event_nfp_gravity,0.078332
TMO,126,118,put_call_skew_30d,0.027267
TMO,126,118,term_structure_slope,0.005323
TMO,126,118,vrp_wedge,0.005478
TMO,126,118,iv_atm_z_score,0.010153
TMO,126,118,macro_yield_curve_slope,0.073081
TMO,126,118,macro_hy_spread,0.041853
TMO,126,118,macro_hy_spread_chg_5d,0.007293
TMO,126,118,macro_breakeven_5y,0.041297
TMO,126,118,macro_inflation_fwd_5y5y,0.044695
TMO,126,118,macro_inflation_fwd_chg_21d,0.005187
TMO,126,118,macro_inflation_fwd_abs_chg_21d,0.0
TMO,126,118,macro_inflation_fwd_chg_63d,0.009312
TMO,126,118,macro_inflation_fwd_zscore,0.017313
TMO,126,118,macro_dollar_ret,0.0
TMO,126,118,beta_spy,0.039001
TMO,126,118,res_vol,0.048762
TMO,126,118,res_vol_vel,0.0
TMO,126,118,price_regime,0.06482
TMO,126,118,corr_sector_21d,0.008606
TMO,126,118,corr_sector_252d,0.043013
TMO,126,118,sector_wedge,0.043753
TMO,126,119,rv_5d,0.018764
TMO,126,119,rv_10d,0.005448
TMO,126,119,rv_21d,0.014147
TMO,126,119,rv_63d,0.044241
TMO,126,119,rv_126d,0.059398
TMO,126,119,ewma_vol,0.012812
TMO,126,119,garch_cond_vol,0.00871
TMO,126,119,ret_TARGET,0.0
TMO,126,119,tech_RSI,0.0
TMO,126,119,tech_MACD_hist,0.0
TMO,126,119,ret_VIXY,0.0
TMO,126,119,mom21_VIXY,0.009343
TMO,126,119,ret_HYG,0.0
TMO,126,119,mom21_HYG,0.025793
TMO,126,119,ret_USO,0.0
TMO,126,119,mom21_USO,0.007643
TMO,126,119,ret_TLT,0.0
TMO,126,119,mom21_TLT,0.011367
TMO,126,119,ret_UUP,0.0
TMO,126,119,mom21_UUP,0.0
TMO,126,119,ret_SPY,0.0
TMO,126,119,mom21_SPY,0.012578
TMO,126,119,vol_vel,0.005963
TMO,126,119,vol_of_vol,0.009189
TMO,126,119,vol_regime_zscore,0.022489
TMO,126,119,vol_chg_21d,0.005841
TMO,126,119,event_fed_gravity,0.061633
TMO,126,119,event_earn_gravity,0.0
TMO,126,119,event_div_gravity,0.0
TMO,126,119,event_cpi_gravity,0.028807
TMO,126,119,event_nfp_gravity,0.08922
TMO,126,119,put_call_skew_30d,0.004984
TMO,126,119,term_structure_slope,0.005499
TMO,126,119,vrp_wedge,0.005246
TMO,126,119,iv_atm_z_score,0.016932
TMO,126,119,macro_yield_curve_slope,0.078158
TMO,126,119,macro_hy_spread,0.047407
TMO,126,119,macro_hy_spread_chg_5d,0.009474
TMO,126,119,macro_breakeven_5y,0.046651
TMO,126,119,macro_inflation_fwd_5y5y,0.044203
TMO,126,119,macro_inflation_fwd_chg_21d,0.004979
TMO,126,119,macro_inflation_fwd_abs_chg_21d,0.0
TMO,126,119,macro_inflation_fwd_chg_63d,0.012269
TMO,126,119,macro_inflation_fwd_zscore,0.019625
TMO,126,119,macro_dollar_ret,0.0
TMO,126,119,beta_spy,0.037197
TMO,126,119,res_vol,0.040348
TMO,126,119,res_vol_vel,0.0
TMO,126,119,price_regime,0.062077
TMO,126,119,corr_sector_21d,0.026093
TMO,126,119,corr_sector_252d,0.045081
TMO,126,119,sector_wedge,0.040389
TMO,126,120,rv_5d,0.0122
TMO,126,120,rv_10d,0.005373
TMO,126,120,rv_21d,0.013318
TMO,126,120,rv_63d,0.041678
TMO,126,120,rv_126d,0.052889
TMO,126,120,ewma_vol,0.011121
TMO,126,120,garch_cond_vol,0.00937
TMO,126,120,ret_TARGET,0.0
TMO,126,120,tech_RSI,0.0
TMO,126,120,tech_MACD_hist,0.0
TMO,126,120,ret_VIXY,0.0
TMO,126,120,mom21_VIXY,0.009721
TMO,126,120,ret_HYG,0.0
TMO,126,120,mom21_HYG,0.019895
TMO,126,120,ret_USO,0.0
TMO,126,120,mom21_USO,0.006631
TMO,126,120,ret_TLT,0.0
TMO,126,120,mom21_TLT,0.010701
TMO,126,120,ret_UUP,0.0
TMO,126,120,mom21_UUP,0.0
TMO,126,120,ret_SPY,0.0
TMO,126,120,mom21_SPY,0.013758
TMO,126,120,vol_vel,0.00536
TMO,126,120,vol_of_vol,0.008023
TMO,126,120,vol_regime_zscore,0.019693
TMO,126,120,vol_chg_21d,0.005345
TMO,126,120,event_fed_gravity,0.048307
TMO,126,120,event_earn_gravity,0.0
TMO,126,120,event_div_gravity,0.0
TMO,126,120,event_cpi_gravity,0.046934
TMO,126,120,event_nfp_gravity,0.103215
TMO,126,120,put_call_skew_30d,0.039371
TMO,126,120,term_structure_slope,0.015916
TMO,126,120,vrp_wedge,0.004583
TMO,126,120,iv_atm_z_score,0.01289
TMO,126,120,macro_yield_curve_slope,0.075605
TMO,126,120,macro_hy_spread,0.041878
TMO,126,120,macro_hy_spread_chg_5d,0.006974
TMO,126,120,macro_breakeven_5y,0.042147
TMO,126,120,macro_inflation_fwd_5y5y,0.043966
TMO,126,120,macro_inflation_fwd_chg_21d,0.004564
TMO,126,120,macro_inflation_fwd_abs_chg_21d,0.005245
TMO,126,120,macro_inflation_fwd_chg_63d,0.010917
TMO,126,120,macro_inflation_fwd_zscore,0.018723
TMO,126,120,macro_dollar_ret,0.0
TMO,126,120,beta_spy,0.034302
TMO,126,120,res_vol,0.036969
TMO,126,120,res_vol_vel,0.0
TMO,126,120,price_regime,0.057736
TMO,126,120,corr_sector_21d,0.028317
TMO,126,120,corr_sector_252d,0.042592
TMO,126,120,sector_wedge,0.033771
TMO,126,121,rv_5d,0.008329
TMO,126,121,rv_10d,0.0
TMO,126,121,rv_21d,0.016282
TMO,126,121,rv_63d,0.042234
TMO,126,121,rv_126d,0.056978
TMO,126,121,ewma_vol,0.012096
TMO,126,121,garch_cond_vol,0.011497
TMO,126,121,ret_TARGET,0.0
TMO,126,121,tech_RSI,0.0
TMO,126,121,tech_MACD_hist,0.009477
TMO,126,121,ret_VIXY,0.0
TMO,126,121,mom21_VIXY,0.012864
TMO,126,121,ret_HYG,0.0
TMO,126,121,mom21_HYG,0.020724
TMO,126,121,ret_USO,0.0
TMO,126,121,mom21_USO,0.007335
TMO,126,121,ret_TLT,0.0
TMO,126,121,mom21_TLT,0.00857
TMO,126,121,ret_UUP,0.0
TMO,126,121,mom21_UUP,0.0
TMO,126,121,ret_SPY,0.0
TMO,126,121,mom21_SPY,0.011765
TMO,126,121,vol_vel,0.005025
TMO,126,121,vol_of_vol,0.007956
TMO,126,121,vol_regime_zscore,0.019843
TMO,126,121,vol_chg_21d,0.00532
TMO,126,121,event_fed_gravity,0.0559
TMO,126,121,event_earn_gravity,0.0
TMO,126,121,event_div_gravity,0.0
TMO,126,121,event_cpi_gravity,0.052114
TMO,126,121,event_nfp_gravity,0.076327
TMO,126,121,put_call_skew_30d,0.046635
TMO,126,121,term_structure_slope,0.011912
TMO,126,121,vrp_wedge,0.0
TMO,126,121,iv_atm_z_score,0.010735
TMO,126,121,macro_yield_curve_slope,0.077353
TMO,126,121,macro_hy_spread,0.046828
TMO,126,121,macro_hy_spread_chg_5d,0.007513
TMO,126,121,macro_breakeven_5y,0.0475
TMO,126,121,macro_inflation_fwd_5y5y,0.041241
TMO,126,121,macro_inflation_fwd_chg_21d,0.005592
TMO,126,121,macro_inflation_fwd_abs_chg_21d,0.0
TMO,126,121,macro_inflation_fwd_chg_63d,0.018152
TMO,126,121,macro_inflation_fwd_zscore,0.01587
TMO,126,121,macro_dollar_ret,0.0
TMO,126,121,beta_spy,0.037031
TMO,126,121,res_vol,0.039951
TMO,126,121,res_vol_vel,0.0
TMO,126,121,price_regime,0.058382
TMO,126,121,corr_sector_21d,0.018955
TMO,126,121,corr_sector_252d,0.041331
TMO,126,121,sector_wedge,0.034385
TMO,126,122,rv_5d,0.014418
TMO,126,122,rv_10d,0.004729
TMO,126,122,rv_21d,0.016493
TMO,126,122,rv_63d,0.047696
TMO,126,122,rv_126d,0.051472
TMO,126,122,ewma_vol,0.013363
TMO,126,122,garch_cond_vol,0.011481
TMO,126,122,ret_TARGET,0.0
TMO,126,122,tech_RSI,0.0
TMO,126,122,tech_MACD_hist,0.009042
TMO,126,122,ret_VIXY,0.0
TMO,126,122,mom21_VIXY,0.009219
TMO,126,122,ret_HYG,0.0
TMO,126,122,mom21_HYG,0.021134
TMO,126,122,ret_USO,0.0
TMO,126,122,mom21_USO,0.006734
TMO,126,122,ret_TLT,0.0
TMO,126,122,mom21_TLT,0.006611
TMO,126,122,ret_UUP,0.0
TMO,126,122,mom21_UUP,0.0
TMO,126,122,ret_SPY,0.0
TMO,126,122,mom21_SPY,0.012837
TMO,126,122,vol_vel,0.006216
TMO,126,122,vol_of_vol,0.008302
TMO,126,122,vol_regime_zscore,0.020184
TMO,126,122,vol_chg_21d,0.006677
TMO,126,122,event_fed_gravity,0.046826
TMO,126,122,event_earn_gravity,0.0
TMO,126,122,event_div_gravity,0.0
TMO,126,122,event_cpi_gravity,0.05419
TMO,126,122,event_nfp_gravity,0.104464
TMO,126,122,put_call_skew_30d,0.008593
TMO,126,122,term_structure_slope,0.011006
TMO,126,122,vrp_wedge,0.005204
TMO,126,122,iv_atm_z_score,0.015757
TMO,126,122,macro_yield_curve_slope,0.07501
TMO,126,122,macro_hy_spread,0.047154
TMO,126,122,macro_hy_spread_chg_5d,0.007176
TMO,126,122,macro_breakeven_5y,0.043939
TMO,126,122,macro_inflation_fwd_5y5y,0.045826
TMO,126,122,macro_inflation_fwd_chg_21d,0.00496
TMO,126,122,macro_inflation_fwd_abs_chg_21d,0.004894
TMO,126,122,macro_inflation_fwd_chg_63d,0.016351
TMO,126,122,macro_inflation_fwd_zscore,0.016518
TMO,126,122,macro_dollar_ret,0.0
TMO,126,122,beta_spy,0.02951
TMO,126,122,res_vol,0.032203
TMO,126,122,res_vol_vel,0.005635
TMO,126,122,price_regime,0.059668
TMO,126,122,corr_sector_21d,0.019089
TMO,126,122,corr_sector_252d,0.041568
TMO,126,122,sector_wedge,0.037851
TMO,126,123,rv_5d,0.015002
TMO,126,123,rv_10d,0.005498
TMO,126,123,rv_21d,0.012925
TMO,126,123,rv_63d,0.048498
TMO,126,123,rv_126d,0.052816
TMO,126,123,ewma_vol,0.011512
TMO,126,123,garch_cond_vol,0.013843
TMO,126,123,ret_TARGET,0.0
TMO,126,123,tech_RSI,0.0
TMO,126,123,tech_MACD_hist,0.0
TMO,126,123,ret_VIXY,0.0
TMO,126,123,mom21_VIXY,0.013858
TMO,126,123,ret_HYG,0.0
TMO,126,123,mom21_HYG,0.021278
TMO,126,123,ret_USO,0.0
TMO,126,123,mom21_USO,0.007549
TMO,126,123,ret_TLT,0.0
TMO,126,123,mom21_TLT,0.012686
TMO,126,123,ret_UUP,0.0
TMO,126,123,mom21_UUP,0.0
TMO,126,123,ret_SPY,0.0
TMO,126,123,mom21_SPY,0.012244
TMO,126,123,vol_vel,0.005699
TMO,126,123,vol_of_vol,0.008663
TMO,126,123,vol_regime_zscore,0.018168
TMO,126,123,vol_chg_21d,0.005216
TMO,126,123,event_fed_gravity,0.046643
TMO,126,123,event_earn_gravity,0.0
TMO,126,123,event_div_gravity,0.0
TMO,126,123,event_cpi_gravity,0.046066
TMO,126,123,event_nfp_gravity,0.089124
TMO,126,123,put_call_skew_30d,0.009019
TMO,126,123,term_structure_slope,0.0
TMO,126,123,vrp_wedge,0.007363
TMO,126,123,iv_atm_z_score,0.013373
TMO,126,123,macro_yield_curve_slope,0.079602
TMO,126,123,macro_hy_spread,0.052874
TMO,126,123,macro_hy_spread_chg_5d,0.00657
TMO,126,123,macro_breakeven_5y,0.043807
TMO,126,123,macro_inflation_fwd_5y5y,0.043743
TMO,126,123,macro_inflation_fwd_chg_21d,0.005698
TMO,126,123,macro_inflation_fwd_abs_chg_21d,0.0
TMO,126,123,macro_inflation_fwd_chg_63d,0.010715
TMO,126,123,macro_inflation_fwd_zscore,0.015146
TMO,126,123,macro_dollar_ret,0.0
TMO,126,123,beta_spy,0.03671
TMO,126,123,res_vol,0.044114
TMO,126,123,res_vol_vel,0.005777
TMO,126,123,price_regime,0.061879
TMO,126,123,corr_sector_21d,0.03443
TMO,126,123,corr_sector_252d,0.045426
TMO,126,123,sector_wedge,0.036467
TMO,126,124,rv_5d,0.010857
TMO,126,124,rv_10d,0.005098
TMO,126,124,rv_21d,0.016051
TMO,126,124,rv_63d,0.041374
TMO,126,124,rv_126d,0.05849
TMO,126,124,ewma_vol,0.012136
TMO,126,124,garch_cond_vol,0.01207
TMO,126,124,ret_TARGET,0.0
TMO,126,124,tech_RSI,0.0
TMO,126,124,tech_MACD_hist,0.0
TMO,126,124,ret_VIXY,0.0
TMO,126,124,mom21_VIXY,0.009822
TMO,126,124,ret_HYG,0.0
TMO,126,124,mom21_HYG,0.023186
TMO,126,124,ret_USO,0.0
TMO,126,124,mom21_USO,0.007915
TMO,126,124,ret_TLT,0.0
TMO,126,124,mom21_TLT,0.0
TMO,126,124,ret_UUP,0.0
TMO,126,124,mom21_UUP,0.0
TMO,126,124,ret_SPY,0.0
TMO,126,124,mom21_SPY,0.011699
TMO,126,124,vol_vel,0.0
TMO,126,124,vol_of_vol,0.00876
TMO,126,124,vol_regime_zscore,0.014574
TMO,126,124,vol_chg_21d,0.009067
TMO,126,124,event_fed_gravity,0.068419
TMO,126,124,event_earn_gravity,0.0
TMO,126,124,event_div_gravity,0.0
TMO,126,124,event_cpi_gravity,0.024335
TMO,126,124,event_nfp_gravity,0.079539
TMO,126,124,put_call_skew_30d,0.020179
TMO,126,124,term_structure_slope,0.019933
TMO,126,124,vrp_wedge,0.007878
TMO,126,124,iv_atm_z_score,0.013293
TMO,126,124,macro_yield_curve_slope,0.080472
TMO,126,124,macro_hy_spread,0.05485
TMO,126,124,macro_hy_spread_chg_5d,0.007244
TMO,126,124,macro_breakeven_5y,0.043249
TMO,126,124,macro_inflation_fwd_5y5y,0.049197
TMO,126,124,macro_inflation_fwd_chg_21d,0.006064
TMO,126,124,macro_inflation_fwd_abs_chg_21d,0.0
TMO,126,124,macro_inflation_fwd_chg_63d,0.010452
TMO,126,124,macro_inflation_fwd_zscore,0.015693
TMO,126,124,macro_dollar_ret,0.0
TMO,126,124,beta_spy,0.036964
TMO,126,124,res_vol,0.04817
TMO,126,124,res_vol_vel,0.006347
TMO,126,124,price_regime,0.074334
TMO,126,124,corr_sector_21d,0.007605
TMO,126,124,corr_sector_252d,0.048368
TMO,126,124,sector_wedge,0.036314
TMO,126,125,rv_5d,0.015765
TMO,126,125,rv_10d,0.012765
TMO,126,125,rv_21d,0.018085
TMO,126,125,rv_63d,0.040233
TMO,126,125,rv_126d,0.053036
TMO,126,125,ewma_vol,0.012776
TMO,126,125,garch_cond_vol,0.012051
TMO,126,125,ret_TARGET,0.0
TMO,126,125,tech_RSI,0.0
TMO,126,125,tech_MACD_hist,0.0
TMO,126,125,ret_VIXY,0.0
TMO,126,125,mom21_VIXY,0.008042
TMO,126,125,ret_HYG,0.0
TMO,126,125,mom21_HYG,0.022525
TMO,126,125,ret_USO,0.0
TMO,126,125,mom21_USO,0.006861
TMO,126,125,ret_TLT,0.0
TMO,126,125,mom21_TLT,0.007748
TMO,126,125,ret_UUP,0.0
TMO,126,125,mom21_UUP,0.0
TMO,126,125,ret_SPY,0.0
TMO,126,125,mom21_SPY,0.011964
TMO,126,125,vol_vel,0.004534
TMO,126,125,vol_of_vol,0.009246
TMO,126,125,vol_regime_zscore,0.016571
TMO,126,125,vol_chg_21d,0.005468
TMO,126,125,event_fed_gravity,0.06329
TMO,126,125,event_earn_gravity,0.0
TMO,126,125,event_div_gravity,0.0
TMO,126,125,event_cpi_gravity,0.017166
TMO,126,125,event_nfp_gravity,0.073423
TMO,126,125,put_call_skew_30d,0.041737
TMO,126,125,term_structure_slope,0.01313
TMO,126,125,vrp_wedge,0.005841
TMO,126,125,iv_atm_z_score,0.018311
TMO,126,125,macro_yield_curve_slope,0.069134
TMO,126,125,macro_hy_spread,0.053058
TMO,126,125,macro_hy_spread_chg_5d,0.007163
TMO,126,125,macro_breakeven_5y,0.046621
TMO,126,125,macro_inflation_fwd_5y5y,0.044747
TMO,126,125,macro_inflation_fwd_chg_21d,0.005227
TMO,126,125,macro_inflation_fwd_abs_chg_21d,0.0
TMO,126,125,macro_inflation_fwd_chg_63d,0.014734
TMO,126,125,macro_inflation_fwd_zscore,0.012712
TMO,126,125,macro_dollar_ret,0.0
TMO,126,125,beta_spy,0.032579
TMO,126,125,res_vol,0.040997
TMO,126,125,res_vol_vel,0.005977
TMO,126,125,price_regime,0.067406
TMO,126,125,corr_sector_21d,0.02511
TMO,126,125,corr_sector_252d,0.047629
TMO,126,125,sector_wedge,0.036338
TMO,126,126,rv_5d,0.016732
TMO,126,126,rv_10d,0.005275
TMO,126,126,rv_21d,0.014389
TMO,126,126,rv_63d,0.04609
TMO,126,126,rv_126d,0.046766
TMO,126,126,ewma_vol,0.015317
TMO,126,126,garch_cond_vol,0.01042
TMO,126,126,ret_TARGET,0.0
TMO,126,126,tech_RSI,0.0
TMO,126,126,tech_MACD_hist,0.0
TMO,126,126,ret_VIXY,0.0
TMO,126,126,mom21_VIXY,0.008774
TMO,126,126,ret_HYG,0.0
TMO,126,126,mom21_HYG,0.023757
TMO,126,126,ret_USO,0.0
TMO,126,126,mom21_USO,0.007976
TMO,126,126,ret_TLT,0.0
TMO,126,126,mom21_TLT,0.008647
TMO,126,126,ret_UUP,0.0
TMO,126,126,mom21_UUP,0.0
TMO,126,126,ret_SPY,0.0
TMO,126,126,mom21_SPY,0.011255
TMO,126,126,vol_vel,0.005481
TMO,126,126,vol_of_vol,0.009138
TMO,126,126,vol_regime_zscore,0.020304
TMO,126,126,vol_chg_21d,0.007769
TMO,126,126,event_fed_gravity,0.052395
TMO,126,126,event_earn_gravity,0.0
TMO,126,126,event_div_gravity,0.0
TMO,126,126,event_cpi_gravity,0.028878
TMO,126,126,event_nfp_gravity,0.109263
TMO,126,126,put_call_skew_30d,0.010143
TMO,126,126,term_structure_slope,0.020703
TMO,126,126,vrp_wedge,0.006121
TMO,126,126,iv_atm_z_score,0.010756
TMO,126,126,macro_yield_curve_slope,0.073489
TMO,126,126,macro_hy_spread,0.045923
TMO,126,126,macro_hy_spread_chg_5d,0.007523
TMO,126,126,macro_breakeven_5y,0.046509
TMO,126,126,macro_inflation_fwd_5y5y,0.047958
TMO,126,126,macro_inflation_fwd_chg_21d,0.005987
TMO,126,126,macro_inflation_fwd_abs_chg_21d,0.0
TMO,126,126,macro_inflation_fwd_chg_63d,0.014566
TMO,126,126,macro_inflation_fwd_zscore,0.015988
TMO,126,126,macro_dollar_ret,0.0
TMO,126,126,beta_spy,0.032296
TMO,126,126,res_vol,0.038923
TMO,126,126,res_vol_vel,0.0
TMO,126,126,price_regime,0.071564
TMO,126,126,corr_sector_21d,0.013023
TMO,126,126,corr_sector_252d,0.048786
TMO,126,126,sector_wedge,0.041116
TMO,126,127,rv_5d,0.012406
TMO,126,127,rv_10d,0.005949
TMO,126,127,rv_21d,0.033774
TMO,126,127,rv_63d,0.042547
TMO,126,127,rv_126d,0.050383
TMO,126,127,ewma_vol,0.010039
TMO,126,127,garch_cond_vol,0.008918
TMO,126,127,ret_TARGET,0.0
TMO,126,127,tech_RSI,0.0
TMO,126,127,tech_MACD_hist,0.0
TMO,126,127,ret_VIXY,0.0
TMO,126,127,mom21_VIXY,0.0097
TMO,126,127,ret_HYG,0.0
TMO,126,127,mom21_HYG,0.023749
TMO,126,127,ret_USO,0.0
TMO,126,127,mom21_USO,0.007614
TMO,126,127,ret_TLT,0.0
TMO,126,127,mom21_TLT,0.004557
TMO,126,127,ret_UUP,0.0
TMO,126,127,mom21_UUP,0.0
TMO,126,127,ret_SPY,0.0
TMO,126,127,mom21_SPY,0.010342
TMO,126,127,vol_vel,0.0
TMO,126,127,vol_of_vol,0.00822
TMO,126,127,vol_regime_zscore,0.021735
TMO,126,127,vol_chg_21d,0.005401
TMO,126,127,event_fed_gravity,0.046461
TMO,126,127,event_earn_gravity,0.0
TMO,126,127,event_div_gravity,0.0
TMO,126,127,event_cpi_gravity,0.045095
TMO,126,127,event_nfp_gravity,0.090399
TMO,126,127,put_call_skew_30d,0.020966
TMO,126,127,term_structure_slope,0.017523
TMO,126,127,vrp_wedge,0.005566
TMO,126,127,iv_atm_z_score,0.014919
TMO,126,127,macro_yield_curve_slope,0.072793
TMO,126,127,macro_hy_spread,0.047052
TMO,126,127,macro_hy_spread_chg_5d,0.008288
TMO,126,127,macro_breakeven_5y,0.046438
TMO,126,127,macro_inflation_fwd_5y5y,0.052307
TMO,126,127,macro_inflation_fwd_chg_21d,0.006004
TMO,126,127,macro_inflation_fwd_abs_chg_21d,0.0
TMO,126,127,macro_inflation_fwd_chg_63d,0.010361
TMO,126,127,macro_inflation_fwd_zscore,0.013813
TMO,126,127,macro_dollar_ret,0.0
TMO,126,127,beta_spy,0.037266
TMO,126,127,res_vol,0.036621
TMO,126,127,res_vol_vel,0.007024
TMO,126,127,price_regime,0.069029
TMO,126,127,corr_sector_21d,0.020628
TMO,126,127,corr_sector_252d,0.039184
TMO,126,127,sector_wedge,0.036928
TMO,126,128,rv_5d,0.013405
TMO,126,128,rv_10d,0.004741
TMO,126,128,rv_21d,0.013634
TMO,126,128,rv_63d,0.043805
TMO,126,128,rv_126d,0.047396
TMO,126,128,ewma_vol,0.010976
TMO,126,128,garch_cond_vol,0.015178
TMO,126,128,ret_TARGET,0.0
TMO,126,128,tech_RSI,0.0
TMO,126,128,tech_MACD_hist,0.0
TMO,126,128,ret_VIXY,0.0
TMO,126,128,mom21_VIXY,0.011173
TMO,126,128,ret_HYG,0.0
TMO,126,128,mom21_HYG,0.023333
TMO,126,128,ret_USO,0.0
TMO,126,128,mom21_USO,0.006846
TMO,126,128,ret_TLT,0.0
TMO,126,128,mom21_TLT,0.00579
TMO,126,128,ret_UUP,0.0
TMO,126,128,mom21_UUP,0.0
TMO,126,128,ret_SPY,0.0
TMO,126,128,mom21_SPY,0.012493
TMO,126,128,vol_vel,0.0
TMO,126,128,vol_of_vol,0.0096
TMO,126,128,vol_regime_zscore,0.016464
TMO,126,128,vol_chg_21d,0.005885
TMO,126,128,event_fed_gravity,0.05514
TMO,126,128,event_earn_gravity,0.0
TMO,126,128,event_div_gravity,0.0
TMO,126,128,event_cpi_gravity,0.052479
TMO,126,128,event_nfp_gravity,0.078405
TMO,126,128,put_call_skew_30d,0.017623
TMO,126,128,term_structure_slope,0.018946
TMO,126,128,vrp_wedge,0.005014
TMO,126,128,iv_atm_z_score,0.011217
TMO,126,128,macro_yield_curve_slope,0.073602
TMO,126,128,macro_hy_spread,0.053376
TMO,126,128,macro_hy_spread_chg_5d,0.008434
TMO,126,128,macro_breakeven_5y,0.047538
TMO,126,128,macro_inflation_fwd_5y5y,0.051659
TMO,126,128,macro_inflation_fwd_chg_21d,0.005364
TMO,126,128,macro_inflation_fwd_abs_chg_21d,0.0
TMO,126,128,macro_inflation_fwd_chg_63d,0.011575
TMO,126,128,macro_inflation_fwd_zscore,0.015646
TMO,126,128,macro_dollar_ret,0.0
TMO,126,128,beta_spy,0.036052
TMO,126,128,res_vol,0.035185
TMO,126,128,res_vol_vel,0.005773
TMO,126,128,price_regime,0.067729
TMO,126,128,corr_sector_21d,0.027022
TMO,126,128,corr_sector_252d,0.046639
TMO,126,128,sector_wedge,0.034863
TMO,126,129,rv_5d,0.01397
TMO,126,129,rv_10d,0.004816
TMO,126,129,rv_21d,0.030317
TMO,126,129,rv_63d,0.035315
TMO,126,129,rv_126d,0.053503
TMO,126,129,ewma_vol,0.016212
TMO,126,129,garch_cond_vol,0.021993
TMO,126,129,ret_TARGET,0.0
TMO,126,129,tech_RSI,0.0
TMO,126,129,tech_MACD_hist,0.004632
TMO,126,129,ret_VIXY,0.0
TMO,126,129,mom21_VIXY,0.010955
TMO,126,129,ret_HYG,0.0
TMO,126,129,mom21_HYG,0.023509
TMO,126,129,ret_USO,0.0
TMO,126,129,mom21_USO,0.007712
TMO,126,129,ret_TLT,0.0
TMO,126,129,mom21_TLT,0.0
TMO,126,129,ret_UUP,0.0
TMO,126,129,mom21_UUP,0.0
TMO,126,129,ret_SPY,0.0
TMO,126,129,mom21_SPY,0.012716
TMO,126,129,vol_vel,0.005082
TMO,126,129,vol_of_vol,0.008577
TMO,126,129,vol_regime_zscore,0.020859
TMO,126,129,vol_chg_21d,0.008542
TMO,126,129,event_fed_gravity,0.051092
TMO,126,129,event_earn_gravity,0.0
TMO,126,129,event_div_gravity,0.0
TMO,126,129,event_cpi_gravity,0.064988
TMO,126,129,event_nfp_gravity,0.049397
TMO,126,129,put_call_skew_30d,0.04611
TMO,126,129,term_structure_slope,0.0
TMO,126,129,vrp_wedge,0.006182
TMO,126,129,iv_atm_z_score,0.012388
TMO,126,129,macro_yield_curve_slope,0.070566
TMO,126,129,macro_hy_spread,0.049078
TMO,126,129,macro_hy_spread_chg_5d,0.007814
TMO,126,129,macro_breakeven_5y,0.04922
TMO,126,129,macro_inflation_fwd_5y5y,0.055419
TMO,126,129,macro_inflation_fwd_chg_21d,0.006201
TMO,126,129,macro_inflation_fwd_abs_chg_21d,0.0
TMO,126,129,macro_inflation_fwd_chg_63d,0.010314
TMO,126,129,macro_inflation_fwd_zscore,0.015351
TMO,126,129,macro_dollar_ret,0.0
TMO,126,129,beta_spy,0.032839
TMO,126,129,res_vol,0.03737
TMO,126,129,res_vol_vel,0.0
TMO,126,129,price_regime,0.072832
TMO,126,129,corr_sector_21d,0.007579
TMO,126,129,corr_sector_252d,0.045994
TMO,126,129,sector_wedge,0.030555
TMO,126,130,rv_5d,0.015193
TMO,126,130,rv_10d,0.0
TMO,126,130,rv_21d,0.012019
TMO,126,130,rv_63d,0.043996
TMO,126,130,rv_126d,0.056207
TMO,126,130,ewma_vol,0.019658
TMO,126,130,garch_cond_vol,0.013672
TMO,126,130,ret_TARGET,0.0
TMO,126,130,tech_RSI,0.0
TMO,126,130,tech_MACD_hist,0.00567
TMO,126,130,ret_VIXY,0.0
TMO,126,130,mom21_VIXY,0.013463
TMO,126,130,ret_HYG,0.0
TMO,126,130,mom21_HYG,0.021616
TMO,126,130,ret_USO,0.0
TMO,126,130,mom21_USO,0.008075
TMO,126,130,ret_TLT,0.0
TMO,126,130,mom21_TLT,0.008838
TMO,126,130,ret_UUP,0.0
TMO,126,130,mom21_UUP,0.0
TMO,126,130,ret_SPY,0.0
TMO,126,130,mom21_SPY,0.011472
TMO,126,130,vol_vel,0.005393
TMO,126,130,vol_of_vol,0.008444
TMO,126,130,vol_regime_zscore,0.01744
TMO,126,130,vol_chg_21d,0.006559
TMO,126,130,event_fed_gravity,0.066308
TMO,126,130,event_earn_gravity,0.0
TMO,126,130,event_div_gravity,0.0
TMO,126,130,event_cpi_gravity,0.047734
TMO,126,130,event_nfp_gravity,0.052677
TMO,126,130,put_call_skew_30d,0.026037
TMO,126,130,term_structure_slope,0.0
TMO,126,130,vrp_wedge,0.005989
TMO,126,130,iv_atm_z_score,0.01512
TMO,126,130,macro_yield_curve_slope,0.073515
TMO,126,130,macro_hy_spread,0.058709
TMO,126,130,macro_hy_spread_chg_5d,0.00678
TMO,126,130,macro_breakeven_5y,0.058712
TMO,126,130,macro_inflation_fwd_5y5y,0.055467
TMO,126,130,macro_inflation_fwd_chg_21d,0.0
TMO,126,130,macro_inflation_fwd_abs_chg_21d,0.0
TMO,126,130,macro_inflation_fwd_chg_63d,0.013542
TMO,126,130,macro_inflation_fwd_zscore,0.015026
TMO,126,130,macro_dollar_ret,0.0
TMO,126,130,beta_spy,0.034901
TMO,126,130,res_vol,0.035652
TMO,126,130,res_vol_vel,0.0
TMO,126,130,price_regime,0.061353
TMO,126,130,corr_sector_21d,0.0242
TMO,126,130,corr_sector_252d,0.044125
TMO,126,130,sector_wedge,0.036436
TMO,126,131,rv_5d,0.019516
TMO,126,131,rv_10d,0.0
TMO,126,131,rv_21d,0.045733
TMO,126,131,rv_63d,0.032493
TMO,126,131,rv_126d,0.047123
TMO,126,131,ewma_vol,0.013885
TMO,126,131,garch_cond_vol,0.026771
TMO,126,131,ret_TARGET,0.0
TMO,126,131,tech_RSI,0.0
TMO,126,131,tech_MACD_hist,0.0
TMO,126,131,ret_VIXY,0.004576
TMO,126,131,mom21_VIXY,0.010576
TMO,126,131,ret_HYG,0.0
TMO,126,131,mom21_HYG,0.020199
TMO,126,131,ret_USO,0.0
TMO,126,131,mom21_USO,0.006714
TMO,126,131,ret_TLT,0.0
TMO,126,131,mom21_TLT,0.006215
TMO,126,131,ret_UUP,0.0
TMO,126,131,mom21_UUP,0.0
TMO,126,131,ret_SPY,0.0
TMO,126,131,mom21_SPY,0.012589
TMO,126,131,vol_vel,0.005069
TMO,126,131,vol_of_vol,0.006847
TMO,126,131,vol_regime_zscore,0.016422
TMO,126,131,vol_chg_21d,0.005337
TMO,126,131,event_fed_gravity,0.061579
TMO,126,131,event_earn_gravity,0.0
TMO,126,131,event_div_gravity,0.0
TMO,126,131,event_cpi_gravity,0.03626
TMO,126,131,event_nfp_gravity,0.067614
TMO,126,131,put_call_skew_30d,0.037192
TMO,126,131,term_structure_slope,0.022552
TMO,126,131,vrp_wedge,0.00554
TMO,126,131,iv_atm_z_score,0.011886
TMO,126,131,macro_yield_curve_slope,0.06931
TMO,126,131,macro_hy_spread,0.04936
TMO,126,131,macro_hy_spread_chg_5d,0.007719
TMO,126,131,macro_breakeven_5y,0.045057
TMO,126,131,macro_inflation_fwd_5y5y,0.052033
TMO,126,131,macro_inflation_fwd_chg_21d,0.005865
TMO,126,131,macro_inflation_fwd_abs_chg_21d,0.0
TMO,126,131,macro_inflation_fwd_chg_63d,0.010102
TMO,126,131,macro_inflation_fwd_zscore,0.013256
TMO,126,131,macro_dollar_ret,0.0
TMO,126,131,beta_spy,0.031718
TMO,126,131,res_vol,0.031548
TMO,126,131,res_vol_vel,0.005429
TMO,126,131,price_regime,0.057422
TMO,126,131,corr_sector_21d,0.020924
TMO,126,131,corr_sector_252d,0.043041
TMO,126,131,sector_wedge,0.034529
TMO,126,132,rv_5d,0.014105
TMO,126,132,rv_10d,0.0
TMO,126,132,rv_21d,0.037593
TMO,126,132,rv_63d,0.03553
TMO,126,132,rv_126d,0.050594
TMO,126,132,ewma_vol,0.019996
TMO,126,132,garch_cond_vol,0.010663
TMO,126,132,ret_TARGET,0.0
TMO,126,132,tech_RSI,0.0
TMO,126,132,tech_MACD_hist,0.0
TMO,126,132,ret_VIXY,0.0
TMO,126,132,mom21_VIXY,0.009665
TMO,126,132,ret_HYG,0.0
TMO,126,132,mom21_HYG,0.02077
TMO,126,132,ret_USO,0.0
TMO,126,132,mom21_USO,0.006276
TMO,126,132,ret_TLT,0.0
TMO,126,132,mom21_TLT,0.006679
TMO,126,132,ret_UUP,0.0
TMO,126,132,mom21_UUP,0.0
TMO,126,132,ret_SPY,0.0
TMO,126,132,mom21_SPY,0.012773
TMO,126,132,vol_vel,0.006048
TMO,126,132,vol_of_vol,0.00829
TMO,126,132,vol_regime_zscore,0.013596
TMO,126,132,vol_chg_21d,0.009275
TMO,126,132,event_fed_gravity,0.059583
TMO,126,132,event_earn_gravity,0.0
TMO,126,132,event_div_gravity,0.0
TMO,126,132,event_cpi_gravity,0.035209
TMO,126,132,event_nfp_gravity,0.07155
TMO,126,132,put_call_skew_30d,0.046371
TMO,126,132,term_structure_slope,0.022598
TMO,126,132,vrp_wedge,0.005615
TMO,126,132,iv_atm_z_score,0.010721
TMO,126,132,macro_yield_curve_slope,0.067962
TMO,126,132,macro_hy_spread,0.051843
TMO,126,132,macro_hy_spread_chg_5d,0.007101
TMO,126,132,macro_breakeven_5y,0.048487
TMO,126,132,macro_inflation_fwd_5y5y,0.060233
TMO,126,132,macro_inflation_fwd_chg_21d,0.00576
TMO,126,132,macro_inflation_fwd_abs_chg_21d,0.0
TMO,126,132,macro_inflation_fwd_chg_63d,0.009942
TMO,126,132,macro_inflation_fwd_zscore,0.014009
TMO,126,132,macro_dollar_ret,0.0
TMO,126,132,beta_spy,0.032674
TMO,126,132,res_vol,0.034917
TMO,126,132,res_vol_vel,0.0
TMO,126,132,price_regime,0.060147
TMO,126,132,corr_sector_21d,0.01209
TMO,126,132,corr_sector_252d,0.040813
TMO,126,132,sector_wedge,0.040524
TMO,126,133,rv_5d,0.014533
TMO,126,133,rv_10d,0.0
TMO,126,133,rv_21d,0.045496
TMO,126,133,rv_63d,0.032061
TMO,126,133,rv_126d,0.051605
TMO,126,133,ewma_vol,0.017552
TMO,126,133,garch_cond_vol,0.010117
TMO,126,133,ret_TARGET,0.0
TMO,126,133,tech_RSI,0.0
TMO,126,133,tech_MACD_hist,0.007369
TMO,126,133,ret_VIXY,0.0
TMO,126,133,mom21_VIXY,0.01151
TMO,126,133,ret_HYG,0.0
TMO,126,133,mom21_HYG,0.019197
TMO,126,133,ret_USO,0.0
TMO,126,133,mom21_USO,0.008985
TMO,126,133,ret_TLT,0.0
TMO,126,133,mom21_TLT,0.006281
TMO,126,133,ret_UUP,0.0
TMO,126,133,mom21_UUP,0.0
TMO,126,133,ret_SPY,0.0
TMO,126,133,mom21_SPY,0.011561
TMO,126,133,vol_vel,0.006101
TMO,126,133,vol_of_vol,0.007888
TMO,126,133,vol_regime_zscore,0.015965
TMO,126,133,vol_chg_21d,0.004646
TMO,126,133,event_fed_gravity,0.058141
TMO,126,133,event_earn_gravity,0.0
TMO,126,133,event_div_gravity,0.0
TMO,126,133,event_cpi_gravity,0.031521
TMO,126,133,event_nfp_gravity,0.061131
TMO,126,133,put_call_skew_30d,0.036152
TMO,126,133,term_structure_slope,0.023257
TMO,126,133,vrp_wedge,0.005209
TMO,126,133,iv_atm_z_score,0.017938
TMO,126,133,macro_yield_curve_slope,0.065299
TMO,126,133,macro_hy_spread,0.043606
TMO,126,133,macro_hy_spread_chg_5d,0.007746
TMO,126,133,macro_breakeven_5y,0.048324
TMO,126,133,macro_inflation_fwd_5y5y,0.055951
TMO,126,133,macro_inflation_fwd_chg_21d,0.005129
TMO,126,133,macro_inflation_fwd_abs_chg_21d,0.0
TMO,126,133,macro_inflation_fwd_chg_63d,0.012456
TMO,126,133,macro_inflation_fwd_zscore,0.013212
TMO,126,133,macro_dollar_ret,0.0
TMO,126,133,beta_spy,0.028794
TMO,126,133,res_vol,0.036995
TMO,126,133,res_vol_vel,0.005288
TMO,126,133,price_regime,0.066234
TMO,126,133,corr_sector_21d,0.029672
TMO,126,133,corr_sector_252d,0.039488
TMO,126,133,sector_wedge,0.037592
TMO,126,134,rv_5d,0.01697
TMO,126,134,rv_10d,0.0
TMO,126,134,rv_21d,0.022814
TMO,126,134,rv_63d,0.03766
TMO,126,134,rv_126d,0.065594
TMO,126,134,ewma_vol,0.013979
TMO,126,134,garch_cond_vol,0.009874
TMO,126,134,ret_TARGET,0.0
TMO,126,134,tech_RSI,0.0
TMO,126,134,tech_MACD_hist,0.0
TMO,126,134,ret_VIXY,0.0
TMO,126,134,mom21_VIXY,0.010528
TMO,126,134,ret_HYG,0.0
TMO,126,134,mom21_HYG,0.021749
TMO,126,134,ret_USO,0.0
TMO,126,134,mom21_USO,0.009919
TMO,126,134,ret_TLT,0.0
TMO,126,134,mom21_TLT,0.00913
TMO,126,134,ret_UUP,0.0
TMO,126,134,mom21_UUP,0.0
TMO,126,134,ret_SPY,0.0
TMO,126,134,mom21_SPY,0.018302
TMO,126,134,vol_vel,0.0
TMO,126,134,vol_of_vol,0.009722
TMO,126,134,vol_regime_zscore,0.019718
TMO,126,134,vol_chg_21d,0.006265
TMO,126,134,event_fed_gravity,0.051713
TMO,126,134,event_earn_gravity,0.0
TMO,126,134,event_div_gravity,0.0
TMO,126,134,event_cpi_gravity,0.061203
TMO,126,134,event_nfp_gravity,0.053449
TMO,126,134,put_call_skew_30d,0.047076
TMO,126,134,term_structure_slope,0.0
TMO,126,134,vrp_wedge,0.005604
TMO,126,134,iv_atm_z_score,0.015736
TMO,126,134,macro_yield_curve_slope,0.073566
TMO,126,134,macro_hy_spread,0.041643
TMO,126,134,macro_hy_spread_chg_5d,0.007237
TMO,126,134,macro_breakeven_5y,0.050212
TMO,126,134,macro_inflation_fwd_5y5y,0.070913
TMO,126,134,macro_inflation_fwd_chg_21d,0.006014
TMO,126,134,macro_inflation_fwd_abs_chg_21d,0.0
TMO,126,134,macro_inflation_fwd_chg_63d,0.011533
TMO,126,134,macro_inflation_fwd_zscore,0.015513
TMO,126,134,macro_dollar_ret,0.0
TMO,126,134,beta_spy,0.032067
TMO,126,134,res_vol,0.035524
TMO,126,134,res_vol_vel,0.0
TMO,126,134,price_regime,0.06345
TMO,126,134,corr_sector_21d,0.006908
TMO,126,134,corr_sector_252d,0.042882
TMO,126,134,sector_wedge,0.035531
TMO,126,135,rv_5d,0.015359
TMO,126,135,rv_10d,0.004628
TMO,126,135,rv_21d,0.048622
TMO,126,135,rv_63d,0.032224
TMO,126,135,rv_126d,0.051591
TMO,126,135,ewma_vol,0.014571
TMO,126,135,garch_cond_vol,0.029549
TMO,126,135,ret_TARGET,0.0
TMO,126,135,tech_RSI,0.0
TMO,126,135,tech_MACD_hist,0.010006
TMO,126,135,ret_VIXY,0.0
TMO,126,135,mom21_VIXY,0.006662
TMO,126,135,ret_HYG,0.0
TMO,126,135,mom21_HYG,0.02075
TMO,126,135,ret_USO,0.0
TMO,126,135,mom21_USO,0.006446
TMO,126,135,ret_TLT,0.0
TMO,126,135,mom21_TLT,0.004924
TMO,126,135,ret_UUP,0.0
TMO,126,135,mom21_UUP,0.0
TMO,126,135,ret_SPY,0.0
TMO,126,135,mom21_SPY,0.013124
TMO,126,135,vol_vel,0.005234
TMO,126,135,vol_of_vol,0.008154
TMO,126,135,vol_regime_zscore,0.020453
TMO,126,135,vol_chg_21d,0.005188
TMO,126,135,event_fed_gravity,0.041953
TMO,126,135,event_earn_gravity,0.0
TMO,126,135,event_div_gravity,0.0
TMO,126,135,event_cpi_gravity,0.067276
TMO,126,135,event_nfp_gravity,0.070913
TMO,126,135,put_call_skew_30d,0.041073
TMO,126,135,term_structure_slope,0.0
TMO,126,135,vrp_wedge,0.005389
TMO,126,135,iv_atm_z_score,0.011173
TMO,126,135,macro_yield_curve_slope,0.069038
TMO,126,135,macro_hy_spread,0.038188
TMO,126,135,macro_hy_spread_chg_5d,0.008148
TMO,126,135,macro_breakeven_5y,0.04959
TMO,126,135,macro_inflation_fwd_5y5y,0.054767
TMO,126,135,macro_inflation_fwd_chg_21d,0.004953
TMO,126,135,macro_inflation_fwd_abs_chg_21d,0.0
TMO,126,135,macro_inflation_fwd_chg_63d,0.009037
TMO,126,135,macro_inflation_fwd_zscore,0.014715
TMO,126,135,macro_dollar_ret,0.0
TMO,126,135,beta_spy,0.029548
TMO,126,135,res_vol,0.037318
TMO,126,135,res_vol_vel,0.0
TMO,126,135,price_regime,0.05878
TMO,126,135,corr_sector_21d,0.012488
TMO,126,135,corr_sector_252d,0.041776
TMO,126,135,sector_wedge,0.036392
TMO,126,136,rv_5d,0.01413
TMO,126,136,rv_10d,0.00467
TMO,126,136,rv_21d,0.016481
TMO,126,136,rv_63d,0.034854
TMO,126,136,rv_126d,0.049665
TMO,126,136,ewma_vol,0.010364
TMO,126,136,garch_cond_vol,0.011662
TMO,126,136,ret_TARGET,0.0
TMO,126,136,tech_RSI,0.0
TMO,126,136,tech_MACD_hist,0.005525
TMO,126,136,ret_VIXY,0.0
TMO,126,136,mom21_VIXY,0.006436
TMO,126,136,ret_HYG,0.0
TMO,126,136,mom21_HYG,0.021888
TMO,126,136,ret_USO,0.0
TMO,126,136,mom21_USO,0.006953
TMO,126,136,ret_TLT,0.0
TMO,126,136,mom21_TLT,0.006119
TMO,126,136,ret_UUP,0.0
TMO,126,136,mom21_UUP,0.0
TMO,126,136,ret_SPY,0.0
TMO,126,136,mom21_SPY,0.011733
TMO,126,136,vol_vel,0.004829
TMO,126,136,vol_of_vol,0.007147
TMO,126,136,vol_regime_zscore,0.019097
TMO,126,136,vol_chg_21d,0.005638
TMO,126,136,event_fed_gravity,0.056936
TMO,126,136,event_earn_gravity,0.0
TMO,126,136,event_div_gravity,0.0
TMO,126,136,event_cpi_gravity,0.057356
TMO,126,136,event_nfp_gravity,0.07918
TMO,126,136,put_call_skew_30d,0.035842
TMO,126,136,term_structure_slope,0.018735
TMO,126,136,vrp_wedge,0.004932
TMO,126,136,iv_atm_z_score,0.015855
TMO,126,136,macro_yield_curve_slope,0.070487
TMO,126,136,macro_hy_spread,0.037216
TMO,126,136,macro_hy_spread_chg_5d,0.00828
TMO,126,136,macro_breakeven_5y,0.048808
TMO,126,136,macro_inflation_fwd_5y5y,0.060302
TMO,126,136,macro_inflation_fwd_chg_21d,0.005643
TMO,126,136,macro_inflation_fwd_abs_chg_21d,0.0
TMO,126,136,macro_inflation_fwd_chg_63d,0.017706
TMO,126,136,macro_inflation_fwd_zscore,0.016284
TMO,126,136,macro_dollar_ret,0.0
TMO,126,136,beta_spy,0.029237
TMO,126,136,res_vol,0.034535
TMO,126,136,res_vol_vel,0.0
TMO,126,136,price_regime,0.077574
TMO,126,136,corr_sector_21d,0.007352
TMO,126,136,corr_sector_252d,0.040455
TMO,126,136,sector_wedge,0.040093
TMO,126,137,rv_5d,0.015498
TMO,126,137,rv_10d,0.005224
TMO,126,137,rv_21d,0.071013
TMO,126,137,rv_63d,0.028027
TMO,126,137,rv_126d,0.052762
TMO,126,137,ewma_vol,0.013087
TMO,126,137,garch_cond_vol,0.010836
TMO,126,137,ret_TARGET,0.0
TMO,126,137,tech_RSI,0.0
TMO,126,137,tech_MACD_hist,0.007577
TMO,126,137,ret_VIXY,0.00498
TMO,126,137,mom21_VIXY,0.006105
TMO,126,137,ret_HYG,0.0
TMO,126,137,mom21_HYG,0.022941
TMO,126,137,ret_USO,0.0
TMO,126,137,mom21_USO,0.006389
TMO,126,137,ret_TLT,0.0
TMO,126,137,mom21_TLT,0.017617
TMO,126,137,ret_UUP,0.0
TMO,126,137,mom21_UUP,0.0
TMO,126,137,ret_SPY,0.0
TMO,126,137,mom21_SPY,0.011527
TMO,126,137,vol_vel,0.0
TMO,126,137,vol_of_vol,0.007292
TMO,126,137,vol_regime_zscore,0.020952
TMO,126,137,vol_chg_21d,0.00821
TMO,126,137,event_fed_gravity,0.046172
TMO,126,137,event_earn_gravity,0.0
TMO,126,137,event_div_gravity,0.0
TMO,126,137,event_cpi_gravity,0.051582
TMO,126,137,event_nfp_gravity,0.060232
TMO,126,137,put_call_skew_30d,0.037593
TMO,126,137,term_structure_slope,0.007501
TMO,126,137,vrp_wedge,0.004892
TMO,126,137,iv_atm_z_score,0.009356
TMO,126,137,macro_yield_curve_slope,0.061429
TMO,126,137,macro_hy_spread,0.038065
TMO,126,137,macro_hy_spread_chg_5d,0.00696
TMO,126,137,macro_breakeven_5y,0.045078
TMO,126,137,macro_inflation_fwd_5y5y,0.054901
TMO,126,137,macro_inflation_fwd_chg_21d,0.004835
TMO,126,137,macro_inflation_fwd_abs_chg_21d,0.006055
TMO,126,137,macro_inflation_fwd_chg_63d,0.011009
TMO,126,137,macro_inflation_fwd_zscore,0.017005
TMO,126,137,macro_dollar_ret,0.0
TMO,126,137,beta_spy,0.026388
TMO,126,137,res_vol,0.042812
TMO,126,137,res_vol_vel,0.0
TMO,126,137,price_regime,0.064005
TMO,126,137,corr_sector_21d,0.011307
TMO,126,137,corr_sector_252d,0.043505
TMO,126,137,sector_wedge,0.039281
TMO,126,138,rv_5d,0.013815
TMO,126,138,rv_10d,0.124939
TMO,126,138,rv_21d,0.020863
TMO,126,138,rv_63d,0.027098
TMO,126,138,rv_126d,0.051732
TMO,126,138,ewma_vol,0.007109
TMO,126,138,garch_cond_vol,0.005231
TMO,126,138,ret_TARGET,0.0
TMO,126,138,tech_RSI,0.0
TMO,126,138,tech_MACD_hist,0.006225
TMO,126,138,ret_VIXY,0.0
TMO,126,138,mom21_VIXY,0.006188
TMO,126,138,ret_HYG,0.0
TMO,126,138,mom21_HYG,0.021106
TMO,126,138,ret_USO,0.0
TMO,126,138,mom21_USO,0.007421
TMO,126,138,ret_TLT,0.0
TMO,126,138,mom21_TLT,0.006067
TMO,126,138,ret_UUP,0.0
TMO,126,138,mom21_UUP,0.0
TMO,126,138,ret_SPY,0.0
TMO,126,138,mom21_SPY,0.018889
TMO,126,138,vol_vel,0.005112
TMO,126,138,vol_of_vol,0.006096
TMO,126,138,vol_regime_zscore,0.018579
TMO,126,138,vol_chg_21d,0.00629
TMO,126,138,event_fed_gravity,0.052261
TMO,126,138,event_earn_gravity,0.0
TMO,126,138,event_div_gravity,0.0
TMO,126,138,event_cpi_gravity,0.048462
TMO,126,138,event_nfp_gravity,0.05268
TMO,126,138,put_call_skew_30d,0.024628
TMO,126,138,term_structure_slope,0.010243
TMO,126,138,vrp_wedge,0.004979
TMO,126,138,iv_atm_z_score,0.00908
TMO,126,138,macro_yield_curve_slope,0.064515
TMO,126,138,macro_hy_spread,0.037758
TMO,126,138,macro_hy_spread_chg_5d,0.006126
TMO,126,138,macro_breakeven_5y,0.044583
TMO,126,138,macro_inflation_fwd_5y5y,0.047842
TMO,126,138,macro_inflation_fwd_chg_21d,0.005067
TMO,126,138,macro_inflation_fwd_abs_chg_21d,0.005071
TMO,126,138,macro_inflation_fwd_chg_63d,0.011002
TMO,126,138,macro_inflation_fwd_zscore,0.013337
TMO,126,138,macro_dollar_ret,0.0
TMO,126,138,beta_spy,0.028308
TMO,126,138,res_vol,0.042704
TMO,126,138,res_vol_vel,0.0
TMO,126,138,price_regime,0.05335
TMO,126,138,corr_sector_21d,0.008687
TMO,126,138,corr_sector_252d,0.04187
TMO,126,138,sector_wedge,0.034687
TMO,126,139,rv_5d,0.012153
TMO,126,139,rv_10d,0.0
TMO,126,139,rv_21d,0.021216
TMO,126,139,rv_63d,0.028407
TMO,126,139,rv_126d,0.056843
TMO,126,139,ewma_vol,0.011736
TMO,126,139,garch_cond_vol,0.00754
TMO,126,139,ret_TARGET,0.0
TMO,126,139,tech_RSI,0.0
TMO,126,139,tech_MACD_hist,0.004768
TMO,126,139,ret_VIXY,0.0
TMO,126,139,mom21_VIXY,0.008398
TMO,126,139,ret_HYG,0.0
TMO,126,139,mom21_HYG,0.021972
TMO,126,139,ret_USO,0.0
TMO,126,139,mom21_USO,0.007635
TMO,126,139,ret_TLT,0.0
TMO,126,139,mom21_TLT,0.009369
TMO,126,139,ret_UUP,0.0
TMO,126,139,mom21_UUP,0.0
TMO,126,139,ret_SPY,0.0
TMO,126,139,mom21_SPY,0.0
TMO,126,139,vol_vel,0.0
TMO,126,139,vol_of_vol,0.006654
TMO,126,139,vol_regime_zscore,0.017038
TMO,126,139,vol_chg_21d,0.006886
TMO,126,139,event_fed_gravity,0.047357
TMO,126,139,event_earn_gravity,0.0
TMO,126,139,event_div_gravity,0.0
TMO,126,139,event_cpi_gravity,0.049485
TMO,126,139,event_nfp_gravity,0.082037
TMO,126,139,put_call_skew_30d,0.052354
TMO,126,139,term_structure_slope,0.022889
TMO,126,139,vrp_wedge,0.007161
TMO,126,139,iv_atm_z_score,0.008871
TMO,126,139,macro_yield_curve_slope,0.072881
TMO,126,139,macro_hy_spread,0.051174
TMO,126,139,macro_hy_spread_chg_5d,0.006571
TMO,126,139,macro_breakeven_5y,0.045665
TMO,126,139,macro_inflation_fwd_5y5y,0.05418
TMO,126,139,macro_inflation_fwd_chg_21d,0.005592
TMO,126,139,macro_inflation_fwd_abs_chg_21d,0.005494
TMO,126,139,macro_inflation_fwd_chg_63d,0.011423
TMO,126,139,macro_inflation_fwd_zscore,0.015427
TMO,126,139,macro_dollar_ret,0.0
TMO,126,139,beta_spy,0.026407
TMO,126,139,res_vol,0.048242
TMO,126,139,res_vol_vel,0.0
TMO,126,139,price_regime,0.067678
TMO,126,139,corr_sector_21d,0.009195
TMO,126,139,corr_sector_252d,0.045645
TMO,126,139,sector_wedge,0.043655
TMO,126,140,rv_5d,0.015864
TMO,126,140,rv_10d,0.0
TMO,126,140,rv_21d,0.055937
TMO,126,140,rv_63d,0.025545
TMO,126,140,rv_126d,0.058227
TMO,126,140,ewma_vol,0.007584
TMO,126,140,garch_cond_vol,0.008847
TMO,126,140,ret_TARGET,0.0
TMO,126,140,tech_RSI,0.0
TMO,126,140,tech_MACD_hist,0.010278
TMO,126,140,ret_VIXY,0.0
TMO,126,140,mom21_VIXY,0.010121
TMO,126,140,ret_HYG,0.0
TMO,126,140,mom21_HYG,0.020045
TMO,126,140,ret_USO,0.0
TMO,126,140,mom21_USO,0.007531
TMO,126,140,ret_TLT,0.0
TMO,126,140,mom21_TLT,0.005958
TMO,126,140,ret_UUP,0.0
TMO,126,140,mom21_UUP,0.0
TMO,126,140,ret_SPY,0.0
TMO,126,140,mom21_SPY,0.0
TMO,126,140,vol_vel,0.0
TMO,126,140,vol_of_vol,0.00793
TMO,126,140,vol_regime_zscore,0.019541
TMO,126,140,vol_chg_21d,0.006289
TMO,126,140,event_fed_gravity,0.047869
TMO,126,140,event_earn_gravity,0.0
TMO,126,140,event_div_gravity,0.0
TMO,126,140,event_cpi_gravity,0.045959
TMO,126,140,event_nfp_gravity,0.073059
TMO,126,140,put_call_skew_30d,0.025861
TMO,126,140,term_structure_slope,0.0083
TMO,126,140,vrp_wedge,0.006093
TMO,126,140,iv_atm_z_score,0.007851
TMO,126,140,macro_yield_curve_slope,0.075513
TMO,126,140,macro_hy_spread,0.03921
TMO,126,140,macro_hy_spread_chg_5d,0.00992
TMO,126,140,macro_breakeven_5y,0.043025
TMO,126,140,macro_inflation_fwd_5y5y,0.05265
TMO,126,140,macro_inflation_fwd_chg_21d,0.004715
TMO,126,140,macro_inflation_fwd_abs_chg_21d,0.0
TMO,126,140,macro_inflation_fwd_chg_63d,0.01156
TMO,126,140,macro_inflation_fwd_zscore,0.015234
TMO,126,140,macro_dollar_ret,0.0
TMO,126,140,beta_spy,0.030685
TMO,126,140,res_vol,0.05792
TMO,126,140,res_vol_vel,0.0
TMO,126,140,price_regime,0.076595
TMO,126,140,corr_sector_21d,0.009154
TMO,126,140,corr_sector_252d,0.052198
TMO,126,140,sector_wedge,0.046931
TMO,126,141,rv_5d,0.014779
TMO,126,141,rv_10d,0.0
TMO,126,141,rv_21d,0.085578
TMO,126,141,rv_63d,0.026992
TMO,126,141,rv_126d,0.059297
TMO,126,141,ewma_vol,0.009985
TMO,126,141,garch_cond_vol,0.011072
TMO,126,141,ret_TARGET,0.0
TMO,126,141,tech_RSI,0.0
TMO,126,141,tech_MACD_hist,0.004888
TMO,126,141,ret_VIXY,0.0
TMO,126,141,mom21_VIXY,0.004373
TMO,126,141,ret_HYG,0.0
TMO,126,141,mom21_HYG,0.019922
TMO,126,141,ret_USO,0.0
TMO,126,141,mom21_USO,0.007796
TMO,126,141,ret_TLT,0.0
TMO,126,141,mom21_TLT,0.005338
TMO,126,141,ret_UUP,0.0
TMO,126,141,mom21_UUP,0.0
TMO,126,141,ret_SPY,0.0
TMO,126,141,mom21_SPY,0.011935
TMO,126,141,vol_vel,0.0
TMO,126,141,vol_of_vol,0.007107
TMO,126,141,vol_regime_zscore,0.017327
TMO,126,141,vol_chg_21d,0.008982
TMO,126,141,event_fed_gravity,0.05358
TMO,126,141,event_earn_gravity,0.0
TMO,126,141,event_div_gravity,0.0
TMO,126,141,event_cpi_gravity,0.042192
TMO,126,141,event_nfp_gravity,0.049129
TMO,126,141,put_call_skew_30d,0.075877
TMO,126,141,term_structure_slope,0.00542
TMO,126,141,vrp_wedge,0.005831
TMO,126,141,iv_atm_z_score,0.011954
TMO,126,141,macro_yield_curve_slope,0.076613
TMO,126,141,macro_hy_spread,0.03465
TMO,126,141,macro_hy_spread_chg_5d,0.009024
TMO,126,141,macro_breakeven_5y,0.041642
TMO,126,141,macro_inflation_fwd_5y5y,0.04881
TMO,126,141,macro_inflation_fwd_chg_21d,0.005139
TMO,126,141,macro_inflation_fwd_abs_chg_21d,0.005733
TMO,126,141,macro_inflation_fwd_chg_63d,0.010251
TMO,126,141,macro_inflation_fwd_zscore,0.016642
TMO,126,141,macro_dollar_ret,0.0
TMO,126,141,beta_spy,0.024771
TMO,126,141,res_vol,0.033393
TMO,126,141,res_vol_vel,0.0
TMO,126,141,price_regime,0.05681
TMO,126,141,corr_sector_21d,0.00766
TMO,126,141,corr_sector_252d,0.053143
TMO,126,141,sector_wedge,0.036364
TMO,126,142,rv_5d,0.011643
TMO,126,142,rv_10d,0.014194
TMO,126,142,rv_21d,0.061705
TMO,126,142,rv_63d,0.0255
TMO,126,142,rv_126d,0.058015
TMO,126,142,ewma_vol,0.009641
TMO,126,142,garch_cond_vol,0.009917
TMO,126,142,ret_TARGET,0.0
TMO,126,142,tech_RSI,0.0
TMO,126,142,tech_MACD_hist,0.0
TMO,126,142,ret_VIXY,0.0
TMO,126,142,mom21_VIXY,0.014191
TMO,126,142,ret_HYG,0.0
TMO,126,142,mom21_HYG,0.019413
TMO,126,142,ret_USO,0.0
TMO,126,142,mom21_USO,0.008215
TMO,126,142,ret_TLT,0.0
TMO,126,142,mom21_TLT,0.006935
TMO,126,142,ret_UUP,0.0
TMO,126,142,mom21_UUP,0.0
TMO,126,142,ret_SPY,0.0
TMO,126,142,mom21_SPY,0.005063
TMO,126,142,vol_vel,0.0
TMO,126,142,vol_of_vol,0.006909
TMO,126,142,vol_regime_zscore,0.016014
TMO,126,142,vol_chg_21d,0.005608
TMO,126,142,event_fed_gravity,0.043612
TMO,126,142,event_earn_gravity,0.0
TMO,126,142,event_div_gravity,0.0
TMO,126,142,event_cpi_gravity,0.053419
TMO,126,142,event_nfp_gravity,0.067267
TMO,126,142,put_call_skew_30d,0.097498
TMO,126,142,term_structure_slope,0.014
TMO,126,142,vrp_wedge,0.00446
TMO,126,142,iv_atm_z_score,0.010185
TMO,126,142,macro_yield_curve_slope,0.079633
TMO,126,142,macro_hy_spread,0.034586
TMO,126,142,macro_hy_spread_chg_5d,0.008222
TMO,126,142,macro_breakeven_5y,0.038685
TMO,126,142,macro_inflation_fwd_5y5y,0.040068
TMO,126,142,macro_inflation_fwd_chg_21d,0.004776
TMO,126,142,macro_inflation_fwd_abs_chg_21d,0.0
TMO,126,142,macro_inflation_fwd_chg_63d,0.012309
TMO,126,142,macro_inflation_fwd_zscore,0.014704
TMO,126,142,macro_dollar_ret,0.0
TMO,126,142,beta_spy,0.027386
TMO,126,142,res_vol,0.031053
TMO,126,142,res_vol_vel,0.0
TMO,126,142,price_regime,0.052019
TMO,126,142,corr_sector_21d,0.006684
TMO,126,142,corr_sector_252d,0.051853
TMO,126,142,sector_wedge,0.034619
TMO,126,143,rv_5d,0.009781
TMO,126,143,rv_10d,0.028855
TMO,126,143,rv_21d,0.044535
TMO,126,143,rv_63d,0.028982
TMO,126,143,rv_126d,0.067708
TMO,126,143,ewma_vol,0.007904
TMO,126,143,garch_cond_vol,0.012824
TMO,126,143,ret_TARGET,0.0
TMO,126,143,tech_RSI,0.0
TMO,126,143,tech_MACD_hist,0.009474
TMO,126,143,ret_VIXY,0.0
TMO,126,143,mom21_VIXY,0.009819
TMO,126,143,ret_HYG,0.0
TMO,126,143,mom21_HYG,0.020428
TMO,126,143,ret_USO,0.0
TMO,126,143,mom21_USO,0.006252
TMO,126,143,ret_TLT,0.0
TMO,126,143,mom21_TLT,0.006977
TMO,126,143,ret_UUP,0.0
TMO,126,143,mom21_UUP,0.0
TMO,126,143,ret_SPY,0.0
TMO,126,143,mom21_SPY,0.0
TMO,126,143,vol_vel,0.0
TMO,126,143,vol_of_vol,0.007428
TMO,126,143,vol_regime_zscore,0.016647
TMO,126,143,vol_chg_21d,0.00602
TMO,126,143,event_fed_gravity,0.044966
TMO,126,143,event_earn_gravity,0.0
TMO,126,143,event_div_gravity,0.0
TMO,126,143,event_cpi_gravity,0.053298
TMO,126,143,event_nfp_gravity,0.060543
TMO,126,143,put_call_skew_30d,0.098814
TMO,126,143,term_structure_slope,0.009132
TMO,126,143,vrp_wedge,0.004288
TMO,126,143,iv_atm_z_score,0.00978
TMO,126,143,macro_yield_curve_slope,0.081844
TMO,126,143,macro_hy_spread,0.029625
TMO,126,143,macro_hy_spread_chg_5d,0.00877
TMO,126,143,macro_breakeven_5y,0.042833
TMO,126,143,macro_inflation_fwd_5y5y,0.035838
TMO,126,143,macro_inflation_fwd_chg_21d,0.005368
TMO,126,143,macro_inflation_fwd_abs_chg_21d,0.0
TMO,126,143,macro_inflation_fwd_chg_63d,0.010382
TMO,126,143,macro_inflation_fwd_zscore,0.015516
TMO,126,143,macro_dollar_ret,0.0
TMO,126,143,beta_spy,0.025558
TMO,126,143,res_vol,0.031003
TMO,126,143,res_vol_vel,0.0
TMO,126,143,price_regime,0.0538
TMO,126,143,corr_sector_21d,0.009722
TMO,126,143,corr_sector_252d,0.052686
TMO,126,143,sector_wedge,0.032599
TMO,126,144,rv_5d,0.010558
TMO,126,144,rv_10d,0.0
TMO,126,144,rv_21d,0.014354
TMO,126,144,rv_63d,0.025138
TMO,126,144,rv_126d,0.066398
TMO,126,144,ewma_vol,0.009018
TMO,126,144,garch_cond_vol,0.008914
TMO,126,144,ret_TARGET,0.0
TMO,126,144,tech_RSI,0.0
TMO,126,144,tech_MACD_hist,0.012661
TMO,126,144,ret_VIXY,0.0
TMO,126,144,mom21_VIXY,0.009261
TMO,126,144,ret_HYG,0.0
TMO,126,144,mom21_HYG,0.017457
TMO,126,144,ret_USO,0.0
TMO,126,144,mom21_USO,0.007289
TMO,126,144,ret_TLT,0.0
TMO,126,144,mom21_TLT,0.007255
TMO,126,144,ret_UUP,0.0
TMO,126,144,mom21_UUP,0.0
TMO,126,144,ret_SPY,0.0
TMO,126,144,mom21_SPY,0.0
TMO,126,144,vol_vel,0.004575
TMO,126,144,vol_of_vol,0.00591
TMO,126,144,vol_regime_zscore,0.018545
TMO,126,144,vol_chg_21d,0.004646
TMO,126,144,event_fed_gravity,0.033728
TMO,126,144,event_earn_gravity,0.0
TMO,126,144,event_div_gravity,0.0
TMO,126,144,event_cpi_gravity,0.066631
TMO,126,144,event_nfp_gravity,0.049289
TMO,126,144,put_call_skew_30d,0.143869
TMO,126,144,term_structure_slope,0.019352
TMO,126,144,vrp_wedge,0.004504
TMO,126,144,iv_atm_z_score,0.008173
TMO,126,144,macro_yield_curve_slope,0.082467
TMO,126,144,macro_hy_spread,0.026638
TMO,126,144,macro_hy_spread_chg_5d,0.007492
TMO,126,144,macro_breakeven_5y,0.045878
TMO,126,144,macro_inflation_fwd_5y5y,0.038126
TMO,126,144,macro_inflation_fwd_chg_21d,0.004446
TMO,126,144,macro_inflation_fwd_abs_chg_21d,0.0
TMO,126,144,macro_inflation_fwd_chg_63d,0.009451
TMO,126,144,macro_inflation_fwd_zscore,0.015324
TMO,126,144,macro_dollar_ret,0.0
TMO,126,144,beta_spy,0.024693
TMO,126,144,res_vol,0.051163
TMO,126,144,res_vol_vel,0.0
TMO,126,144,price_regime,0.051309
TMO,126,144,corr_sector_21d,0.011374
TMO,126,144,corr_sector_252d,0.047919
TMO,126,144,sector_wedge,0.036191
TMO,126,145,rv_5d,0.01495
TMO,126,145,rv_10d,0.011543
TMO,126,145,rv_21d,0.037094
TMO,126,145,rv_63d,0.024694
TMO,126,145,rv_126d,0.078415
TMO,126,145,ewma_vol,0.008489
TMO,126,145,garch_cond_vol,0.010361
TMO,126,145,ret_TARGET,0.0
TMO,126,145,tech_RSI,0.0
TMO,126,145,tech_MACD_hist,0.0
TMO,126,145,ret_VIXY,0.0
TMO,126,145,mom21_VIXY,0.009289
TMO,126,145,ret_HYG,0.0
TMO,126,145,mom21_HYG,0.021026
TMO,126,145,ret_USO,0.0
TMO,126,145,mom21_USO,0.006975
TMO,126,145,ret_TLT,0.0
TMO,126,145,mom21_TLT,0.009172
TMO,126,145,ret_UUP,0.0
TMO,126,145,mom21_UUP,0.0
TMO,126,145,ret_SPY,0.0
TMO,126,145,mom21_SPY,0.0
TMO,126,145,vol_vel,0.0
TMO,126,145,vol_of_vol,0.006882
TMO,126,145,vol_regime_zscore,0.017726
TMO,126,145,vol_chg_21d,0.0
TMO,126,145,event_fed_gravity,0.080544
TMO,126,145,event_earn_gravity,0.0
TMO,126,145,event_div_gravity,0.0
TMO,126,145,event_cpi_gravity,0.034558
TMO,126,145,event_nfp_gravity,0.073097
TMO,126,145,put_call_skew_30d,0.053761
TMO,126,145,term_structure_slope,0.007771
TMO,126,145,vrp_wedge,0.005753
TMO,126,145,iv_atm_z_score,0.010789
TMO,126,145,macro_yield_curve_slope,0.084448
TMO,126,145,macro_hy_spread,0.029735
TMO,126,145,macro_hy_spread_chg_5d,0.00827
TMO,126,145,macro_breakeven_5y,0.04688
TMO,126,145,macro_inflation_fwd_5y5y,0.038642
TMO,126,145,macro_inflation_fwd_chg_21d,0.005701
TMO,126,145,macro_inflation_fwd_abs_chg_21d,0.0
TMO,126,145,macro_inflation_fwd_chg_63d,0.011323
TMO,126,145,macro_inflation_fwd_zscore,0.015064
TMO,126,145,macro_dollar_ret,0.0
TMO,126,145,beta_spy,0.031391
TMO,126,145,res_vol,0.047599
TMO,126,145,res_vol_vel,0.0
TMO,126,145,price_regime,0.059025
TMO,126,145,corr_sector_21d,0.008862
TMO,126,145,corr_sector_252d,0.05132
TMO,126,145,sector_wedge,0.038852
TMO,126,146,rv_5d,0.012567
TMO,126,146,rv_10d,0.011969
TMO,126,146,rv_21d,0.019373
TMO,126,146,rv_63d,0.023644
TMO,126,146,rv_126d,0.07209
TMO,126,146,ewma_vol,0.008874
TMO,126,146,garch_cond_vol,0.007436
TMO,126,146,ret_TARGET,0.0
TMO,126,146,tech_RSI,0.0
TMO,126,146,tech_MACD_hist,0.0
TMO,126,146,ret_VIXY,0.0
TMO,126,146,mom21_VIXY,0.010204
TMO,126,146,ret_HYG,0.0
TMO,126,146,mom21_HYG,0.02159
TMO,126,146,ret_USO,0.0
TMO,126,146,mom21_USO,0.006964
TMO,126,146,ret_TLT,0.0
TMO,126,146,mom21_TLT,0.007493
TMO,126,146,ret_UUP,0.0
TMO,126,146,mom21_UUP,0.0
TMO,126,146,ret_SPY,0.0
TMO,126,146,mom21_SPY,0.007231
TMO,126,146,vol_vel,0.00598
TMO,126,146,vol_of_vol,0.007109
TMO,126,146,vol_regime_zscore,0.016304
TMO,126,146,vol_chg_21d,0.005512
TMO,126,146,event_fed_gravity,0.066201
TMO,126,146,event_earn_gravity,0.0
TMO,126,146,event_div_gravity,0.0
TMO,126,146,event_cpi_gravity,0.03035
TMO,126,146,event_nfp_gravity,0.110932
TMO,126,146,put_call_skew_30d,0.0309
TMO,126,146,term_structure_slope,0.015416
TMO,126,146,vrp_wedge,0.004724
TMO,126,146,iv_atm_z_score,0.013111
TMO,126,146,macro_yield_curve_slope,0.089169
TMO,126,146,macro_hy_spread,0.028786
TMO,126,146,macro_hy_spread_chg_5d,0.007926
TMO,126,146,macro_breakeven_5y,0.048971
TMO,126,146,macro_inflation_fwd_5y5y,0.041821
TMO,126,146,macro_inflation_fwd_chg_21d,0.005479
TMO,126,146,macro_inflation_fwd_abs_chg_21d,0.0
TMO,126,146,macro_inflation_fwd_chg_63d,0.010999
TMO,126,146,macro_inflation_fwd_zscore,0.017403
TMO,126,146,macro_dollar_ret,0.0
TMO,126,146,beta_spy,0.031042
TMO,126,146,res_vol,0.050371
TMO,126,146,res_vol_vel,0.0
TMO,126,146,price_regime,0.057346
TMO,126,146,corr_sector_21d,0.007449
TMO,126,146,corr_sector_252d,0.04861
TMO,126,146,sector_wedge,0.038652
TMO,126,147,rv_5d,0.015891
TMO,126,147,rv_10d,0.013177
TMO,126,147,rv_21d,0.025677
TMO,126,147,rv_63d,0.028456
TMO,126,147,rv_126d,0.073904
TMO,126,147,ewma_vol,0.008827
TMO,126,147,garch_cond_vol,0.010235
TMO,126,147,ret_TARGET,0.0
TMO,126,147,tech_RSI,0.0
TMO,126,147,tech_MACD_hist,0.0
TMO,126,147,ret_VIXY,0.0
TMO,126,147,mom21_VIXY,0.009967
TMO,126,147,ret_HYG,0.0
TMO,126,147,mom21_HYG,0.019817
TMO,126,147,ret_USO,0.0
TMO,126,147,mom21_USO,0.007495
TMO,126,147,ret_TLT,0.0
TMO,126,147,mom21_TLT,0.006536
TMO,126,147,ret_UUP,0.0
TMO,126,147,mom21_UUP,0.0
TMO,126,147,ret_SPY,0.0
TMO,126,147,mom21_SPY,0.005715
TMO,126,147,vol_vel,0.0
TMO,126,147,vol_of_vol,0.007253
TMO,126,147,vol_regime_zscore,0.016126
TMO,126,147,vol_chg_21d,0.0
TMO,126,147,event_fed_gravity,0.067288
TMO,126,147,event_earn_gravity,0.0
TMO,126,147,event_div_gravity,0.0
TMO,126,147,event_cpi_gravity,0.041897
TMO,126,147,event_nfp_gravity,0.091798
TMO,126,147,put_call_skew_30d,0.019441
TMO,126,147,term_structure_slope,0.010019
TMO,126,147,vrp_wedge,0.007289
TMO,126,147,iv_atm_z_score,0.016212
TMO,126,147,macro_yield_curve_slope,0.089429
TMO,126,147,macro_hy_spread,0.032839
TMO,126,147,macro_hy_spread_chg_5d,0.008488
TMO,126,147,macro_breakeven_5y,0.048048
TMO,126,147,macro_inflation_fwd_5y5y,0.044854
TMO,126,147,macro_inflation_fwd_chg_21d,0.005377
TMO,126,147,macro_inflation_fwd_abs_chg_21d,0.0
TMO,126,147,macro_inflation_fwd_chg_63d,0.011114
TMO,126,147,macro_inflation_fwd_zscore,0.015856
TMO,126,147,macro_dollar_ret,0.0
TMO,126,147,beta_spy,0.029438
TMO,126,147,res_vol,0.059911
TMO,126,147,res_vol_vel,0.0
TMO,126,147,price_regime,0.054506
TMO,126,147,corr_sector_21d,0.006664
TMO,126,147,corr_sector_252d,0.049148
TMO,126,147,sector_wedge,0.041307
TMO,126,148,rv_5d,0.015117
TMO,126,148,rv_10d,0.012592
TMO,126,148,rv_21d,0.027185
TMO,126,148,rv_63d,0.029581
TMO,126,148,rv_126d,0.074954
TMO,126,148,ewma_vol,0.010665
TMO,126,148,garch_cond_vol,0.007986
TMO,126,148,ret_TARGET,0.0
TMO,126,148,tech_RSI,0.0
TMO,126,148,tech_MACD_hist,0.0
TMO,126,148,ret_VIXY,0.0
TMO,126,148,mom21_VIXY,0.0
TMO,126,148,ret_HYG,0.0
TMO,126,148,mom21_HYG,0.018311
TMO,126,148,ret_USO,0.0
TMO,126,148,mom21_USO,0.007308
TMO,126,148,ret_TLT,0.0
TMO,126,148,mom21_TLT,0.008854
TMO,126,148,ret_UUP,0.0
TMO,126,148,mom21_UUP,0.0
TMO,126,148,ret_SPY,0.0
TMO,126,148,mom21_SPY,0.0
TMO,126,148,vol_vel,0.0
TMO,126,148,vol_of_vol,0.006698
TMO,126,148,vol_regime_zscore,0.015508
TMO,126,148,vol_chg_21d,0.0
TMO,126,148,event_fed_gravity,0.060581
TMO,126,148,event_earn_gravity,0.0
TMO,126,148,event_div_gravity,0.0
TMO,126,148,event_cpi_gravity,0.054504
TMO,126,148,event_nfp_gravity,0.099782
TMO,126,148,put_call_skew_30d,0.020655
TMO,126,148,term_structure_slope,0.008418
TMO,126,148,vrp_wedge,0.006961
TMO,126,148,iv_atm_z_score,0.009174
TMO,126,148,macro_yield_curve_slope,0.097113
TMO,126,148,macro_hy_spread,0.031644
TMO,126,148,macro_hy_spread_chg_5d,0.007595
TMO,126,148,macro_breakeven_5y,0.052558
TMO,126,148,macro_inflation_fwd_5y5y,0.043706
TMO,126,148,macro_inflation_fwd_chg_21d,0.005569
TMO,126,148,macro_inflation_fwd_abs_chg_21d,0.0
TMO,126,148,macro_inflation_fwd_chg_63d,0.011557
TMO,126,148,macro_inflation_fwd_zscore,0.018373
TMO,126,148,macro_dollar_ret,0.0
TMO,126,148,beta_spy,0.025731
TMO,126,148,res_vol,0.05466
TMO,126,148,res_vol_vel,0.004526
TMO,126,148,price_regime,0.053952
TMO,126,148,corr_sector_21d,0.007075
TMO,126,148,corr_sector_252d,0.048906
TMO,126,148,sector_wedge,0.042205
