date,y_true,y_pred,vrp_wedge,put_call_skew_30d
2013-11-12,0.13906201247981975,0.1436815822839504,-0.0034738742041784954,0.02043299999999998
2013-11-13,0.13893978493677972,0.1435906759326564,-0.0036278302885579816,0.022261000000000003
2013-11-14,0.13886224066024438,0.14362493914182084,-0.003867287354552995,0.020547999999999983
2013-11-15,0.13880504316332512,0.14334479104207898,-0.00777324483054001,0.022508
2013-11-18,0.1396087649560177,0.1439547315179361,-0.004226177408883147,0.018151
2013-11-19,0.13978419340135603,0.14344105076519764,-0.009064160185874331,0.01758399999999999
2013-11-20,0.1371319851123101,0.14314018117868924,-0.004172705871719279,0.01830599999999999
2013-11-21,0.1330794025443396,0.1402791603162198,-0.013439169134902312,0.013409000000000004
2013-11-22,0.13301369501924704,0.14072393125567623,-0.025378682033371458,0.01566899999999999
2013-11-25,0.13345061316925444,0.1407408049079964,-0.017605826777238764,0.015295000000000003
2013-11-26,0.13268231073515652,0.14054934596770607,-0.015148423889750101,0.020247000000000015
2013-11-27,0.1327746057048338,0.1413094569310031,-0.018989917546914342,0.022621000000000002
2013-11-29,0.13285240416363991,0.14127938024186415,-0.01533256585975612,0.02097200000000002
2013-12-02,0.13281081795497018,0.1413179242908608,-0.008669552641906136,0.019657000000000008
2013-12-03,0.1328265785571134,0.14211585984666902,-0.004919982290656683,0.012242999999999976
2013-12-04,0.13258838832618589,0.14145957002200593,-0.006924593943885199,0.016610000000000014
2013-12-05,0.13227969964005418,0.14147444005750406,-0.006491632738578779,0.019248000000000015
2013-12-06,0.13209669346737443,0.14147335660411017,-0.012167100561547461,0.019864999999999994
2013-12-09,0.13189808618574156,0.14140357776258716,-0.010996877688137147,0.01808600000000002
2013-12-10,0.13154729167023863,0.14188598473041839,-0.005031564775415331,0.012967000000000006
2013-12-11,0.13148576099280543,0.14244325797057913,0.00298076779433179,0.013491000000000003
2013-12-12,0.1319808316068163,0.1424371638976062,0.0036379470476307907,0.016121000000000024
2013-12-13,0.13192444614312476,0.1425108208982656,0.006231883081017547,0.013228000000000018
2013-12-16,0.13250645591789312,0.1423820939233904,0.01101883332913245,0.019207000000000002
2013-12-17,0.13280455838363384,0.1422866055136273,0.012073471324534929,0.01591100000000001
2013-12-18,0.13159247379220534,0.13637448878144348,-0.00797113658068424,0.007362000000000007
2013-12-19,0.13146422308715758,0.1407119028135916,-0.013030482415206296,0.011380000000000001
2013-12-20,0.13198119449771276,0.1411147310486657,-0.006523247987483299,0.016595
2013-12-23,0.13190100248920036,0.14330928795786038,0.024994532466694058,0.016601999999999978
2013-12-24,0.13185080114986297,0.14323616696523409,0.02370310468296058,0.021234000000000003
2013-12-26,0.13334938654851694,0.14322416798019255,0.021023596856166463,0.018078999999999998
2013-12-27,0.13335463021074284,0.1433304086415244,0.018292442595593927,0.009117000000000014
2013-12-30,0.1330314776580266,0.1430638188317923,0.02345286106135716,0.016157000000000005
2013-12-31,0.1333837825809867,0.14345750531848916,0.02007444331122514,0.017832999999999988
2014-01-02,0.13330703085554257,0.143617552624129,0.03002153953838349,0.022033999999999998
2014-01-03,0.1334128613270876,0.14340532775097697,0.029962116723660365,0.01771500000000001
2014-01-06,0.13327794436509766,0.14302221959608716,0.034104565590085914,0.014456000000000024
2014-01-07,0.1331267087710001,0.1429141528197051,0.02954957008647889,0.014621999999999996
2014-01-08,0.1327300748061797,0.14268156028072126,0.029528749285635467,0.020042000000000004
2014-01-09,0.13294287007809832,0.14245184518608223,0.02687739076492593,0.017147000000000023
2014-01-10,0.13242318882964274,0.13880366176271813,0.02238323381858051,0.016711000000000004
2014-01-13,0.132439420417453,0.1380546435847877,0.024438169437275697,0.015110999999999986
2014-01-14,0.13276466344951737,0.13795175870140491,0.027203174614986156,0.012279999999999985
2014-01-15,0.13475538693709838,0.14085507937836894,0.026584892190033835,0.01202499999999998
2014-01-16,0.13416330530524956,0.13730575175116,0.009623318606890807,0.016158000000000006
2014-01-17,0.13396931872882611,0.13704666949027747,0.01296783719433095,0.016489000000000004
2014-01-21,0.1335084105936827,0.13460112390418644,0.016249071907412496,0.011327000000000004
2014-01-22,0.13326449741848173,0.13388109089485295,0.01975963370212762,0.011103000000000002
2014-01-23,0.1323177950266834,0.1333805904425016,0.019434919719124755,0.01915799999999998
2014-01-24,0.13205711059489672,0.13170472744203995,0.042327753791733286,0.014055999999999985
2014-01-27,0.13200564920929098,0.1348967316817713,0.05480419158454172,0.009359000000000006
2014-01-28,0.13226043782133415,0.13327251823164069,0.04593462107205165,0.01591400000000001
2014-01-29,0.13101360600360143,0.12972139226097265,0.03527431442515111,0.016873
2014-01-30,0.13084002849629228,0.13616555604811417,0.03386774596141259,0.019178
2014-01-31,0.129327054373324,0.13578860916631533,0.041575466596310895,0.02507799999999999
2014-02-03,0.1278035047356018,0.13561662967447946,0.0566421107295455,0.022847000000000006
2014-02-04,0.12714223356482718,0.13593513073115565,0.03425854139014958,0.019680000000000003
2014-02-05,0.12810456440357698,0.13569427637485512,0.03435460655646913,0.022161999999999987
2014-02-06,0.1269240227551388,0.1356096437799565,0.01717891453418624,0.016819
2014-02-07,0.12645603939015648,0.13590184846537262,-0.00538187108395452,0.020390999999999992
2014-02-10,0.12611009879623336,0.13575407251440308,-0.0006937871557649022,0.02348
2014-02-11,0.12519218318593653,0.13577498993799395,-0.011267935221090458,0.020815
2014-02-12,0.12493058288419277,0.13564717740916263,-0.006184041894950282,0.022670999999999997
2014-02-13,0.12343946746195475,0.13555262025886758,-0.022142392506081243,0.01943800000000001
2014-02-14,0.12311103665597502,0.13514281200085854,-0.03201526314347902,0.02088100000000001
2014-02-18,0.1226633464564794,0.13550154538482426,-0.022377449409713174,0.015553000000000011
2014-02-19,0.12273301199083665,0.13538393990306657,-0.026122278860449377,0.01765699999999998
2014-02-20,0.12254472410515681,0.13539943029830465,-0.023902174042313623,0.011065999999999993
2014-02-21,0.1222486562484545,0.13501900546703258,-0.029131130612616324,0.016376
2014-02-24,0.12200398752925375,0.1347575759637972,-0.02272857673688583,0.006020999999999999
2014-02-25,0.1219518726783866,0.13479352443257803,-0.028354989151790022,0.01833499999999999
2014-02-26,0.12145277876226844,0.1345675070113279,-0.02426662840597965,0.006643999999999983
2014-02-27,0.12031270235358062,0.1349215476800819,-0.028677798273328253,0.019252999999999992
2014-02-28,0.11970759857202731,0.13469727051185942,-0.015565871629892009,0.011709999999999998
2014-03-03,0.11899666475278343,0.13464873132009544,-0.012839461931347634,0.023026999999999992
2014-03-04,0.11907189702927883,0.13071368136023287,-0.011724782484188512,0.01630200000000001
2014-03-05,0.11877796100879076,0.13433874569969015,-0.006380146065895903,0.020818000000000003
2014-03-06,0.11880892810450835,0.13483284278231084,-0.0002053702278239089,0.02209
2014-03-07,0.11706410896226069,0.13453383431914198,-0.005844763042665735,0.020059999999999995
2014-03-10,0.1173537778021128,0.13485643704848832,0.0016011773266503826,0.020987000000000006
2014-03-11,0.11629153534051721,0.13479013036162352,0.0029454628519530457,0.02552500000000002
2014-03-12,0.1162090258285163,0.13494564598971362,0.0018475674430022404,0.02574499999999999
2014-03-13,0.11592477730122815,0.135015475006023,0.00922792100853942,0.02593300000000001
2014-03-14,0.11541090205794957,0.13504282947414809,0.011499758663127552,0.025649000000000005
2014-03-17,0.11524265282218595,0.1350619945458749,0.013213409759368772,0.023611999999999994
2014-03-18,0.11524518402614299,0.13514059618174065,0.010723409855719124,0.023860999999999993
2014-03-19,0.11380834172649178,0.13507206937659208,0.01297189443066915,0.016514
2014-03-20,0.11416435845848871,0.13512481985224256,0.008464045941657783,0.01114599999999999
2014-03-21,0.11411506989159008,0.13519271389656615,-0.009585536602888856,0.022294000000000008
2014-03-24,0.11402738796940766,0.1350609227898444,0.007426275938260007,0.019256999999999996
2014-03-25,0.11473475187288557,0.13510187074380728,0.006838068305407563,0.021724999999999994
2014-03-26,0.11477242121016999,0.13511220806528393,0.008101422044148626,0.022896999999999973
2014-03-27,0.11483851406277991,0.13509130502673622,0.010433975056885147,0.01814199999999999
2014-03-28,0.11496177448418052,0.13516490146388488,0.017956771424872175,0.011788999999999994
2014-03-31,0.11472048867432695,0.13519468843436772,0.01384770209768113,0.018468000000000012
2014-04-01,0.11542034702802614,0.13518263898851754,0.020101201882420344,0.017636999999999986
2014-04-02,0.1156112736398224,0.13568950927169163,0.015289680690281568,0.022820000000000007
2014-04-03,0.11588985204452854,0.13522029077781023,0.019963887189997295,0.017044000000000004
2014-04-04,0.11585990403428313,0.13548732688775406,0.02858004530308282,0.015129000000000004
2014-04-07,0.11598430970149531,0.13557267457039915,0.03605832179112306,0.01936299999999999
2014-04-08,0.11568179839201616,0.1250959153683374,0.03145438249861009,0.021672999999999998
2014-04-09,0.11601711126802472,0.12586666231111557,0.04139510524198914,0.019277000000000016
2014-04-10,0.11655926764734816,0.12514939605265377,0.04421442054931857,0.021116999999999997
2014-04-11,0.11612700677386198,0.12507145655373536,0.044672607146193685,0.021438000000000013
2014-04-14,0.11641713298358936,0.12523329365357783,0.03860496262779943,0.022973999999999994
2014-04-15,0.11643392940663709,0.12530507038357624,0.034341963490612956,0.024527999999999994
2014-04-16,0.11837852464705455,0.1253820554796096,0.03008686639533384,0.020375999999999977
2014-04-17,0.11742420463750225,0.12475612107351114,0.014292519364276904,0.02314300000000001
2014-04-21,0.1177589158544414,0.12573079700539008,0.022658675279517537,0.015666999999999986
2014-04-22,0.11792386752759625,0.12616878318951383,0.011977813075869037,0.018442
2014-04-23,0.1180412302603723,0.12607990626147902,0.00959700833448307,0.022901000000000005
2014-04-24,0.11758154929633165,0.1267215131796,0.007694889207895919,0.020995999999999987
2014-04-25,0.11765356895188402,0.12643596026995538,0.005023211638999575,0.013898999999999995
2014-04-28,0.1172674324631754,0.1266337599190046,0.011460586926166694,0.018052000000000012
2014-04-29,0.11715520107446002,0.12660860314224912,0.005542114697777739,0.024174
2014-04-30,0.11711545028225494,0.12777477137115967,0.004904415764816539,0.022255999999999998
2014-05-01,0.11799637745400238,0.12843429389741293,0.002718254198325526,0.023744
2014-05-02,0.11921433163790114,0.13249985945174977,0.0035055013229041976,0.019326999999999997
2014-05-05,0.11928405900029143,0.1324654005925401,0.0024893572053701074,0.019585999999999992
2014-05-06,0.11949488541764242,0.13251824826566178,0.00224616816004905,0.017555
2014-05-07,0.11949412785596344,0.1321996653931822,0.0045918407964875285,0.020391000000000006
2014-05-08,0.11951015755869138,0.1318717447466494,-0.00022218428719861238,0.017589999999999995
2014-05-09,0.12116282332259234,0.1323592962408429,-0.0030182172001801816,0.01516300000000001
2014-05-12,0.1211166320955938,0.13199690806355002,0.0018912757854219475,0.020860000000000004
2014-05-13,0.12127223766218431,0.13246550780531322,0.003851567999371641,0.02209
2014-05-14,0.12119228807028655,0.12221662136049023,0.0048483814089660265,0.023413000000000003
2014-05-15,0.1208395029527006,0.12222184633267728,0.003274734167417734,0.025407000000000013
2014-05-16,0.12133848889480171,0.12208494371924464,-0.0008319054328749104,0.02508600000000001
2014-05-19,0.12273712570623552,0.12197157448651626,0.01198583013603395,0.024219000000000004
2014-05-20,0.12319642862399661,0.12174297427438892,0.01265509734234846,0.025934
2014-05-21,0.12229907530217339,0.12250061207848445,0.016106303885437434,0.013427999999999995
2014-05-22,0.12218107049417913,0.12249429071937475,0.005517849188643384,0.010963
2014-05-23,0.12220216442701505,0.12214313432109361,-4.482683623986683e-05,0.010348999999999997
2014-05-27,0.12194900560107287,0.12337491916420047,0.0020874282333095545,0.012683
2014-05-28,0.1219123777570972,0.12335008922908426,0.004487379544873077,0.015470999999999999
2014-05-29,0.12138241660635261,0.1246097786678914,0.008287914441999555,0.020491999999999996
2014-05-30,0.12125312275941746,0.12390383016249827,0.015627729273432256,0.013163999999999995
2014-06-02,0.12131842022085174,0.12403528730014603,0.023816001423945396,0.017537999999999998
2014-06-03,0.1219379464292395,0.1235694074215097,0.015903018261928692,0.022360000000000005
2014-06-04,0.12191110458392156,0.12351144881414274,0.019928928967503104,0.02015
2014-06-05,0.12213030416309809,0.12341879293998283,0.016084560003474316,0.020428
2014-06-06,0.12260199540544597,0.1234134364320528,0.013973819427881076,0.02070799999999999
2014-06-09,0.12261041394518932,0.12350639905005675,0.025235170176723803,0.015770999999999993
2014-06-10,0.12272473735661706,0.12357447626564041,0.0189018234713121,0.014520000000000005
2014-06-11,0.12344555299472046,0.12367577482572291,0.03145068353177195,0.017693000000000014
2014-06-12,0.12385390048410304,0.1237685131136596,0.03220045899194368,0.016967999999999983
2014-06-13,0.12433526876007116,0.12392854053494652,0.028243526174062533,0.015061999999999992
2014-06-16,0.12522805226614359,0.12403360884266268,0.03196805357394912,0.020329000000000014
2014-06-17,0.12669716903123654,0.12398466276788568,0.02936734736407899,0.023897
2014-06-18,0.12718856421278513,0.12441096581309663,0.022907175617745842,0.010426999999999992
2014-06-19,0.12743048866783882,0.13277742800202513,0.02174255505952445,0.016467999999999983
2014-06-20,0.12791267585422655,0.13297601161050665,0.010363114568628262,0.01942500000000001
2014-06-23,0.12884707413826343,0.12768993273993084,0.025998059215356292,0.019836999999999994
2014-06-24,0.12862124352895962,0.1269948378224866,0.029346619464044016,0.01211799999999999
2014-06-25,0.12834572275399517,0.1276760893990888,0.03333021795973666,0.008970000000000006
2014-06-26,0.12805186226759938,0.12743161804470454,0.028355024113421237,0.01604
2014-06-27,0.12655880910390133,0.12691057388778473,0.031491373138541556,0.02161200000000002
2014-06-30,0.1266393155999153,0.12677997615141615,0.03228769809524487,0.023635000000000017
2014-07-01,0.12689535121920106,0.126789559455302,0.03405892758142069,0.017192999999999986
2014-07-02,0.12669061525598566,0.12685016441366012,0.029372207122063704,0.015188000000000007
2014-07-03,0.1267101244329262,0.12743152010303538,0.02173394519672496,0.018743999999999983
2014-07-07,0.12705402162658191,0.12759751106758227,0.0217954125485441,0.019842
2014-07-08,0.12802038303963365,0.12737999081002618,0.020157559592583488,0.01889099999999999
2014-07-09,0.1281774236615463,0.13086892697329994,0.019059726402311766,0.01888999999999999
2014-07-10,0.12841236916401744,0.12680507672534932,0.023282833457299257,0.015016000000000002
2014-07-11,0.1281002437706568,0.12715722407862157,0.02252915205950176,0.014238
2014-07-14,0.12856567169651636,0.12737330289000684,0.01385578653331257,0.016314999999999996
2014-07-15,0.12921634937860288,0.12686243335397615,0.019902585254344574,0.014139000000000013
2014-07-16,0.12888843526685148,0.12656303670445584,0.01775662793559163,0.010253999999999985
2014-07-17,0.12686965367388475,0.1261262106335533,-0.0014458373447044093,0.009044999999999997
2014-07-18,0.1270245377160818,0.1269082864623604,-0.008511634708463833,0.018423999999999996
2014-07-21,0.12749939465564578,0.12997235480689678,-0.009120250032700589,0.019552999999999987
2014-07-22,0.12838563416264537,0.1293683019137757,-0.012473838570390375,0.015626
2014-07-23,0.12855446111197716,0.12898911893330353,-0.010123879715417783,0.014730999999999994
2014-07-24,0.12938615834582176,0.1297534646117663,-0.00689852796446061,0.010839000000000001
2014-07-25,0.12944052058630495,0.12889363623272265,-0.008660232024021872,0.01770300000000001
2014-07-28,0.12977251409083287,0.12898317220928246,-0.0016867939126571363,0.019607000000000013
2014-07-29,0.1305436049735707,0.12900804410431757,0.014079531945486404,0.0169
2014-07-30,0.13009361023339616,0.12883205072237625,0.018528607332760988,0.018069
2014-07-31,0.13059394414407613,0.1336199444668027,0.027358541119252483,0.018255999999999994
2014-08-01,0.13087045626118116,0.13417229486357957,0.033262005698728364,0.022703999999999974
2014-08-04,0.13072559330044536,0.13384619195490657,0.028576206828189718,0.022779999999999995
2014-08-05,0.13041935459149293,0.13302899174937788,0.034097674963311286,0.02310799999999999
2014-08-06,0.1309544108476193,0.13397941154395288,0.04011541012529063,0.015407999999999977
2014-08-07,0.13058396798593416,0.13350637963731146,0.03157088852867576,0.021593
2014-08-08,0.13052454223618712,0.1339681177104914,0.02339679796951802,0.021754999999999997
2014-08-11,0.13005512577510986,0.1332237129116979,0.022850924154424496,0.017206
2014-08-12,0.1307634752771775,0.1327985801755909,0.02169320794066426,0.020022000000000012
2014-08-13,0.13088637308537296,0.13218717137799857,0.009203645787763948,0.019577999999999984
2014-08-14,0.13123972526230776,0.13193455765892614,0.005218265475732176,0.012905
2014-08-15,0.13057836509140217,0.13140678471129372,0.008651779179635694,0.01852799999999999
2014-08-18,0.13063787941779717,0.12990573463299493,-0.0006291877066391949,0.02212199999999999
2014-08-19,0.13047551668026372,0.12910101397300572,-0.00010919685254806577,0.016410999999999995
2014-08-20,0.1304603650317758,0.12852964446728093,-0.0036008212265673106,0.017041
2014-08-21,0.1305408134468617,0.1282857127952514,-0.006753481263869876,0.013902000000000012
2014-08-22,0.1303278487409709,0.12718657806795652,-0.01034061680318249,0.01702200000000001
2014-08-25,0.13030729245883607,0.12729288690383267,-0.007450662828713234,0.013881999999999992
2014-08-26,0.1303979350860618,0.1264512491471387,-0.007604332903526356,0.011816000000000007
2014-08-27,0.1307859644313727,0.12641004403987496,0.0003653198031443178,0.003955
2014-08-28,0.13086409600196994,0.12629563873024383,0.004222117223550953,0.009517999999999999
2014-08-29,0.13083547184135166,0.1288008409872086,0.005808158495214599,0.006770999999999999
2014-09-02,0.13094054300493552,0.13018861144254798,0.010878094141583847,0.014857000000000009
2014-09-03,0.13106685252453024,0.13002004519921875,0.011775894670343026,0.01530200000000001
2014-09-04,0.1315325066048437,0.12951367239999642,0.013643603817360558,0.016737000000000002
2014-09-05,0.13147353335648587,0.13095897013766544,0.028152101431797763,0.007756999999999986
2014-09-08,0.13132567263729658,0.13047439186428253,0.029090228572695886,0.026249999999999996
2014-09-09,0.13264165259866967,0.1305953015569331,0.036872957851565025,0.023192000000000018
2014-09-10,0.13276007099835757,0.1312298416267916,0.038651084336107505,0.019221000000000016
2014-09-11,0.1342492354965265,0.13157764596642907,0.03875892380804499,0.017530000000000018
2014-09-12,0.13438864912907356,0.13138498592903283,0.03496537563089204,0.023837999999999998
2014-09-15,0.13452764636328907,0.131070805683101,0.04332909137648479,0.018782999999999994
2014-09-16,0.13814936909270703,0.13088778778439006,0.048421486362953486,0.011918000000000012
2014-09-17,0.13814200252872605,0.12895501369383208,0.03580396300214887,0.013290999999999997
2014-09-18,0.13765277818549432,0.13021869420722348,0.03440691421146129,0.0029659999999999964
2014-09-19,0.1374468512121656,0.12893302637284051,0.03601551193780811,0.012906
2014-09-22,0.13817922909067432,0.1295933038445091,0.03887027832674149,0.024871999999999977
2014-09-23,0.13810559317823173,0.12954750007183582,0.047737065092475495,0.004029000000000005
2014-09-24,0.13795804283908544,0.13001480608531102,0.040901716579173186,0.023693999999999993
2014-09-25,0.13795901551114562,0.13081284119388203,0.0525703986367103,0.005713999999999997
2014-09-26,0.13824754535395611,0.13103135601334925,0.04716468306810996,0.03017800000000001
2014-09-29,0.13843476448411315,0.13115028608131432,0.056192960041604234,0.023020999999999986
2014-09-30,0.13784250083601102,0.13125248969316883,0.051925601638052876,0.02713199999999999
2014-10-01,0.13864034211976756,0.1313593362024011,0.049112612322295315,0.02370899999999998
2014-10-02,0.13900208836392183,0.13170911734584184,0.04860925521035328,0.030089000000000005
2014-10-03,0.13913785929181524,0.13103027385774504,0.03923543764047291,0.02543899999999999
2014-10-06,0.13943387210566263,0.1355219073943555,0.03328601644553092,0.02508000000000002
2014-10-07,0.13940477257230147,0.13673310197398977,0.04730894445468875,0.011507000000000017
2014-10-08,0.13910703752356543,0.13675935166952746,0.031477648953721446,0.034781000000000006
2014-10-09,0.13769439718143328,0.13541459314434423,0.0448689590509857,0.0038600000000000023
2014-10-10,0.13759406397206886,0.13594459689576752,0.05233123551094822,0.007799
2014-10-13,0.1374163651497734,0.1362542469750074,0.06989027148406186,0.0018809999999999938
2014-10-14,0.13921851174194624,0.13485172771701714,0.05499143481851179,0.013778999999999986
2014-10-15,0.13780404316433773,0.1346619514218823,0.04611851846357315,0.042282000000000014
2014-10-16,0.13751029645086366,0.13539933665213824,0.027276328155460966,0.038866999999999985
2014-10-17,0.1373979899340372,0.1352198795612443,0.0005813268407347805,0.03407099999999999
2014-10-20,0.13744262176249758,0.13580207513682516,-0.0024182604396150165,0.035053
2014-10-21,0.13820409492223487,0.13446693172879776,-0.016257438862717938,0.031166999999999986
2014-10-22,0.1386094370503881,0.1354438502738496,-0.007527684813778385,0.027802999999999994
2014-10-23,0.13860774324746977,0.13454683116256647,-0.010263284218329699,0.021314
2014-10-24,0.13865147150756504,0.1359986096425697,-0.014352564955562419,0.024401999999999993
2014-10-27,0.1387355463494699,0.13501074767782392,-0.015762129788786258,0.027712
2014-10-28,0.1389240743495061,0.13488785145171553,-0.01950853911920246,0.02300400000000001
2014-10-29,0.13826681426036427,0.133544858352998,-0.015909289792376158,0.023411
2014-10-30,0.13725993283126736,0.13478610415384773,-0.022993534395400778,0.03319599999999999
2014-10-31,0.1373504281886929,0.13525378271628943,-0.022885640761334064,0.024021
2014-11-03,0.13740670473186076,0.13515572508443435,-0.02394234869709154,0.027185999999999988
2014-11-04,0.13767666914273907,0.1350203041216234,-0.022629095734365653,0.028675000000000006
2014-11-05,0.13756387759972558,0.134778639327029,-0.02736926306594656,0.027690999999999993
2014-11-06,0.13662865018035725,0.1357556495454091,-0.020736833260374427,0.02097400000000002
2014-11-07,0.13725308623359786,0.13725256662202573,-0.016739230673923022,0.027117000000000002
2014-11-10,0.13743878178131388,0.138342859668293,-0.01807958069639959,0.030409000000000005
2014-11-11,0.13804106908264172,0.13821110285611898,-0.019124813434934385,0.024299000000000015
2014-11-12,0.1381917247189428,0.13833665390106406,-0.013310210311029358,0.023403999999999994
2014-11-13,0.13802185401101075,0.1378269560323505,-0.007620668502953773,0.02502900000000001
2014-11-14,0.13707492872911972,0.1378846595664008,0.005000599616764578,0.02085199999999998
2014-11-17,0.1368577800612874,0.13845325722104349,0.004160918611874981,0.026104000000000002
2014-11-18,0.13707827026739855,0.1386841653177277,-0.0031737011361673007,0.02287199999999999
2014-11-19,0.13697877670558078,0.13850073045950667,-0.0057044013996717935,0.020846000000000003
2014-11-20,0.13707918465489988,0.13790125615469512,-0.0015747920395255965,0.015213999999999978
2014-11-21,0.13720135866542404,0.13896338238499722,-0.005080226387002673,0.028882000000000005
2014-11-24,0.1374332516498557,0.13865587382712274,-0.013275645177904846,0.017924999999999996
2014-11-25,0.13750717966012393,0.13874400091253736,-0.00951598803463044,0.020139000000000004
2014-11-26,0.13781220982393544,0.1391348787343722,-0.00856683930430796,0.016541000000000014
2014-11-28,0.13828346552253154,0.13889200808520022,-0.012163207412736826,0.006368999999999986
2014-12-01,0.13760925885338765,0.1393803123179702,0.006092915972547588,0.023309999999999997
2014-12-02,0.13806201445006488,0.13969817472752566,0.004677432099596229,0.021174
2014-12-03,0.13898710760013216,0.13993471183794665,0.0033200861713233443,0.02386300000000001
2014-12-04,0.13921337513503398,0.13960482851540196,-0.00523248799652587,0.01593
2014-12-05,0.1395742026022099,0.1395035825603623,-0.0050206994591767695,0.017895999999999995
2014-12-08,0.14035888169889474,0.13867573816815856,0.011301520180069302,0.02329500000000001
2014-12-09,0.13990040261563713,0.13923533205796548,0.017081891170834113,0.020219000000000015
2014-12-10,0.14002581616280166,0.1389489370600006,0.02604489236719705,0.014934000000000003
2014-12-11,0.1396360962320613,0.1396758332686794,0.03246384122085519,0.00883399999999998
2014-12-12,0.13856047026538074,0.1394936661102684,0.04281080279826521,-0.0028399999999999814
2014-12-15,0.1376710416935279,0.13837450449846364,0.060137514926834446,0.011403999999999997
2014-12-16,0.1374067801945467,0.13739427196151843,0.08289136498092131,0.01299800000000001
2014-12-17,0.13698168876042122,0.13721562416220212,0.0423440917523166,0.042106000000000005
2014-12-18,0.13658932715917502,0.13843573029735814,0.024354712359471176,0.03712400000000002
2014-12-19,0.13606346504513928,0.1376441310118714,0.0239274046648566,0.01838100000000001
2014-12-22,0.13605089983529592,0.13785340963827894,0.01385277087333317,0.038274
2014-12-23,0.13624413573597294,0.13783565590308108,0.007421269307902989,0.040514999999999995
2014-12-24,0.13633125210174138,0.137859617713929,0.014655786748326433,0.031020999999999993
2014-12-26,0.13669635468147368,0.13806102026201492,0.0075035405710797975,0.037488999999999995
2014-12-29,0.13674904675536778,0.13782535048228048,0.0133485418695857,0.037850999999999996
2014-12-30,0.1367722576973556,0.13740400029187347,0.025930049528997245,0.02469100000000002
2014-12-31,0.13663016656344734,0.13657073434933267,0.03500277942816282,0.017778000000000016
2015-01-02,0.13627537063444434,0.13601336588765803,0.029046800118913557,0.024360999999999994
2015-01-05,0.1363795220752351,0.1359704021243863,0.03908085844843068,0.030770999999999993
2015-01-06,0.13563878981884311,0.13638484195168984,0.05467620331069531,0.015597
2015-01-07,0.13560052886414134,0.13619309470303323,0.024378449494110332,0.03247999999999998
2015-01-08,0.13526971943815683,0.1377338689857658,0.019896466586775158,0.04082000000000002
2015-01-09,0.13503455380602855,0.13682965446808731,0.023555423841558815,0.00998099999999999
2015-01-12,0.13457010120079801,0.13731038795430486,0.02004570711779924,0.02321200000000001
2015-01-13,0.1340718312685546,0.13705632421840358,0.021832128351591013,0.023271999999999987
2015-01-14,0.13681573958172344,0.13745649010574754,0.022607193416075977,0.037572999999999995
2015-01-15,0.13687104573092604,0.1378193439741205,0.04813085507916351,0.027177000000000007
2015-01-16,0.1364515354730223,0.13724469486973997,0.037877908143222894,0.03610100000000002
2015-01-20,0.13600369170614715,0.13768176094448686,0.03226381042274365,0.03639499999999998
2015-01-21,0.13536703244467638,0.13794556422531806,0.01999892027766656,0.044549000000000005
2015-01-22,0.13515809702100018,0.13834275084794648,0.013874296252723545,0.03761200000000001
2015-01-23,0.13459068842852773,0.13593678610112087,0.021341356822488416,0.016815999999999998
2015-01-26,0.13477210912999876,0.1360332601095227,0.012277085527475473,0.03173400000000001
2015-01-27,0.1347304374421402,0.13543689827170013,0.025711668124239972,0.031947
2015-01-28,0.1339330176476402,0.1346139055770933,0.03470318411835438,0.01738300000000001
2015-01-29,0.13357274152312942,0.13551291440729,0.04256421450851891,0.015243000000000007
2015-01-30,0.13306329849984783,0.13495467780114068,0.049575974084361485,0.03342800000000001
2015-02-02,0.13272668011868807,0.13558184629959355,0.03784349021977437,0.060226
2015-02-03,0.13267343089865127,0.1362906690377366,0.02607521313137548,0.04286799999999999
2015-02-04,0.13252705753054092,0.13561229971244493,0.018646041981670414,0.035053999999999974
2015-02-05,0.13054328695627757,0.13542487996816946,0.01821551462736337,0.037397000000000014
2015-02-06,0.1303487757349118,0.13492951942563486,0.0069126440411093615,0.02087899999999998
2015-02-09,0.1301337827451247,0.1347490334157385,0.010208010607421047,0.03508900000000001
2015-02-10,0.13023086685119042,0.13486795753644143,0.00616518539957861,0.03489900000000001
2015-02-11,0.13043298077157012,0.13597846787716197,-0.0003142015648288088,0.046596
2015-02-12,0.13075355107227782,0.13601163638292615,-0.003307203880281412,0.04545299999999999
2015-02-13,0.13064614151851833,0.13529329412278732,0.004475573658975135,0.01764400000000002
2015-02-17,0.13084029390208898,0.13624123487554335,-0.002391108530907432,0.03565600000000002
2015-02-18,0.130792635017572,0.13633960534975004,0.0001028595607984184,0.04486800000000002
2015-02-19,0.13158183861422404,0.13617726992923587,0.0036998940044491724,0.02829200000000001
2015-02-20,0.13264566922395132,0.13623762810155682,-0.00012493607523286765,0.03612599999999999
2015-02-23,0.1336158049436414,0.13584566913696575,0.0028969414588302933,0.029671000000000003
2015-02-24,0.1393829492573604,0.13628300803155277,0.0060296162118853025,0.02791099999999999
2015-02-25,0.14050497085566388,0.136230818348622,-0.002312865008073123,0.03458299999999999
2015-02-26,0.14327633964692368,0.1359571816827005,0.005427085513496105,0.02904599999999999
2015-02-27,0.14440718042734468,0.13653756416726442,0.0067748821729347874,0.03489299999999999
2015-03-02,0.14452737186725068,0.13673373387858892,0.009025411785848522,0.041308999999999985
2015-03-03,0.14518346490678244,0.13662025857533883,0.01672655245557056,0.032086
2015-03-04,0.145828208146473,0.13591010393355565,0.02789859030583261,0.017490000000000006
2015-03-05,0.14599537987149858,0.1353770991976184,0.030735012755777488,0.005884
2015-03-06,0.14590824051156195,0.1342777240520671,0.03501751447475572,0.005951000000000012
2015-03-09,0.14659915003111856,0.13467858510565106,0.047070290443754714,0.019126000000000004
2015-03-10,0.147483022928961,0.13404268124899102,0.07009051379250361,0.007610000000000006
2015-03-11,0.14727159362780212,0.13284932307165143,0.06883355294706646,0.01940900000000001
2015-03-12,0.14774489324732165,0.13308999429224355,0.05469929643917179,0.023605999999999988
2015-03-13,0.14682340871979305,0.1324029610561566,0.056276037512318175,0.01949300000000001
2015-03-16,0.14676541337891588,0.13285127677090877,0.05859844340482341,0.020448999999999995
2015-03-17,0.1477378161743649,0.13278644518018703,0.05199522182861428,0.024058999999999997
2015-03-18,0.1449008197717084,0.13246915819878613,0.05354918502497452,0.03958500000000001
2015-03-19,0.1457971084059724,0.13154932022756793,0.023521639071297618,0.028121000000000007
2015-03-20,0.14668567105477387,0.13147615393470755,0.008325389580933817,0.028171
2015-03-23,0.1468098369720932,0.13206743617268335,0.017428784390941116,0.03340399999999999
2015-03-24,0.14656654935886065,0.13067982919518678,0.02745395577267451,0.018775000000000014
2015-03-25,0.14641858710592442,0.13005351000932114,0.02667443655034968,-0.0015290000000000026
2015-03-26,0.14645557102491774,0.13095565091999095,0.03726019439238687,0.05050199999999999
2015-03-27,0.14675498495542738,0.13043027373812707,0.015257052196438081,0.042589000000000016
2015-03-30,0.14762935046236803,0.13086235574386926,0.02492154689974671,0.02917499999999998
2015-03-31,0.1481748674674554,0.13021841056415467,0.048230926222888604,0.01013
2015-04-01,0.1484229474983261,0.1302236645223516,0.028924316897457614,0.03386800000000001
2015-04-02,0.14787525173625182,0.13051081583151977,0.012095160159463825,0.028589000000000003
2015-04-06,0.14787733696313551,0.13142615207249986,0.017237946659589776,0.032678999999999986
2015-04-07,0.14869403011302737,0.14350494586513687,0.02568620311648298,0.025232000000000004
2015-04-08,0.14857904103709474,0.14291377984951273,0.016130667427278644,0.02843900000000002
2015-04-09,0.14874983305919237,0.14310050628639734,0.00961849812854737,0.025744000000000045
2015-04-10,0.1493979545061176,0.14301337760518454,0.019869993658087143,0.022926000000000002
2015-04-13,0.14930752357169574,0.1428180848200597,0.022258146840658688,0.027443999999999996
2015-04-14,0.14917284976068945,0.14240766312615252,0.01797040843240924,0.026924999999999977
2015-04-15,0.14895160216433462,0.14236194892592285,0.00737515805327113,0.026674000000000003
2015-04-16,0.14737956002009817,0.1409820086953137,0.004394273611411953,0.017337999999999992
2015-04-17,0.14745227038096317,0.14175552336575736,0.026533460616835147,0.014731999999999995
2015-04-20,0.14812715650313843,0.1413140908002275,0.013474351838470261,0.023612999999999995
2015-04-21,0.14795903440236258,0.14085025598166545,0.01365162819404761,0.020691000000000015
2015-04-22,0.1475150718909529,0.14073366081665456,0.0027062842166724332,0.02865999999999999
2015-04-23,0.1472177426229469,0.1402111739676173,0.012282656905258815,0.019035999999999997
2015-04-24,0.14730940283048016,0.14057762116288303,0.009846030053726529,0.021430000000000005
2015-04-27,0.14769284561320437,0.14047792630353367,0.011294799165178143,0.018914000000000014
2015-04-28,0.14763389864723783,0.14048740180890157,0.0007236005376101973,0.039644999999999986
2015-04-29,0.14759894551130312,0.1404445951845411,0.0023547042530703555,0.029330999999999996
2015-04-30,0.14838956001578063,0.14001380252320522,-0.003339134069743732,0.03043600000000002
2015-05-01,0.1488472392002772,0.13976994253218855,-0.005430135064406955,0.029939999999999994
2015-05-04,0.1488878067931446,0.14070646950526297,0.005920539134339459,0.028083999999999998
2015-05-05,0.1488296481340501,0.1408601200648225,0.01083070291126595,0.026206000000000007
2015-05-06,0.14876253217690047,0.1408591257716196,0.007332567002409668,0.025762000000000007
2015-05-07,0.1485709428892014,0.14101689782279797,0.013798687315385388,0.027466000000000018
2015-05-08,0.1482351666162755,0.14136607868512618,0.0002745454278290649,0.027774999999999994
2015-05-11,0.14959531590294436,0.14060424801269614,0.008828836417006658,0.026392
2015-05-12,0.14924262339308883,0.14596973203672664,0.008844451400988301,0.026453000000000004
2015-05-13,0.14899693103891534,0.14460341979913313,-0.0057094665279656676,0.028820000000000012
2015-05-14,0.14860150123785895,0.14383847276642378,-0.010163690330696917,0.02515500000000001
2015-05-15,0.1488669761704033,0.1459306338801273,-0.001478768748597481,0.024271000000000015
2015-05-18,0.14900750848253205,0.1459602489951802,0.002824328386660163,0.022530999999999995
2015-05-19,0.1488059724428824,0.14593849134827055,0.0033820804444883723,0.021707000000000004
2015-05-20,0.14903349525490425,0.14603641307166304,0.0048936292732103814,0.027004
2015-05-21,0.14923520357223913,0.14606601190634094,0.009877647321700739,0.014035999999999993
2015-05-22,0.14930769298590502,0.14608058719551797,0.01616579692088342,0.019399
2015-05-26,0.15027025135792946,0.1460346813348071,0.021760960995875073,0.024863999999999997
2015-05-27,0.15029035816772385,0.14611700172884473,0.013400322753628402,0.031918
2015-05-28,0.15024991234989882,0.14609175634714966,0.015708034940255744,0.026144
2015-05-29,0.15033727733389446,0.14581402988410988,0.031064572982174743,0.014258999999999994
2015-06-01,0.1502359197456805,0.14607920526848314,0.023436525672367037,0.026838
2015-06-02,0.1499890920640171,0.1457845369663689,0.018499708454862734,0.024924
2015-06-03,0.15039425681477372,0.14489572859559616,0.02068294572905209,0.01765
2015-06-04,0.15008161487745153,0.14526383891078104,0.020408273490317846,0.021765000000000007
2015-06-05,0.14919460349207506,0.14440187051268166,0.036108632230822,0.021291000000000004
2015-06-08,0.14906267633213371,0.14443116148022012,0.02909354007801296,0.020679000000000003
2015-06-09,0.14926170667343824,0.143890362784021,0.020885934818738322,0.02527199999999999
2015-06-10,0.14856223809304048,0.14410282863270502,0.014280773282540515,0.025280999999999998
2015-06-11,0.14998045076792724,0.14460687385523008,0.012582424392481834,0.024683999999999984
2015-06-12,0.14985903894022706,0.14494476487564895,0.011179856128171739,0.026775999999999994
2015-06-15,0.15020141831601547,0.14485484735302911,0.03555370251078585,0.02562500000000001
2015-06-16,0.15071673610226147,0.1452664563745958,0.0280312845524128,0.029160999999999992
2015-06-17,0.15080550230578701,0.14689809615864227,0.029187814481749758,0.03592099999999998
2015-06-18,0.1507380700884132,0.1468437548819424,0.01768067050469585,0.033108
2015-06-19,0.15079705841637123,0.14699072168848767,0.024001934964902466,0.020766000000000007
2015-06-22,0.15079623734641803,0.14667789949680293,0.025679032828905102,0.02849099999999999
2015-06-23,0.15061291034144061,0.14578220530847452,0.03055178033485967,0.020763000000000004
2015-06-24,0.1511065302817357,0.14664046928374164,0.04690532725460653,0.006159999999999999
2015-06-25,0.15107642643993768,0.14668543181060886,0.03558825681051131,0.026119999999999977
2015-06-26,0.15104359678122214,0.14501883808977006,0.033940494295030654,0.03062000000000001
2015-06-29,0.15073391650980394,0.1466815903714994,0.06128138353348711,0.02395699999999998
2015-06-30,0.15053887513813796,0.1466596845770048,0.058251055468373,0.019961000000000007
2015-07-01,0.15024978493894256,0.1457080806908849,0.04241089457713229,0.03581899999999999
2015-07-02,0.15010398835973976,0.14629970373308582,0.04383664617669239,0.027639999999999998
2015-07-06,0.15060589039021213,0.14685601223875183,0.05086425607659295,0.035824999999999996
2015-07-07,0.15045685163982525,0.1469030315478529,0.04942561013250493,0.037576
2015-07-08,0.15046176995028895,0.14703373489676244,0.07284409412405596,0.02774500000000002
2015-07-09,0.15122989064153716,0.14690512974939873,0.08516963653840329,0.04732799999999998
2015-07-10,0.15123731378545002,0.14592718783436118,0.06979118389392988,0.030902000000000013
2015-07-13,0.1516250584860545,0.1453724705486844,0.052689890119082844,0.035795999999999994
2015-07-14,0.15266965512273858,0.14624196226670863,0.04929475279117655,0.03844600000000001
2015-07-15,0.15270468621736122,0.14677422446309007,0.04530990219709917,0.037716
2015-07-16,0.15187309402180302,0.14680962775034498,0.013170886439019314,0.03186
2015-07-17,0.15295044996696028,0.14669400797369583,-0.00014933399618177745,0.034607
2015-07-20,0.15332778713045425,0.14686689117951138,0.009385168292706497,0.027452000000000004
2015-07-21,0.15560894603986689,0.14697891223060258,0.008579349560915356,0.028441999999999995
2015-07-22,0.15624123281337257,0.14706316575772282,0.007831763628226213,0.025849999999999984
2015-07-23,0.15689532490736563,0.14633039339765674,0.010080519834889667,0.027118999999999976
2015-07-24,0.15705297282282393,0.14610560733082426,0.020863178499784696,0.026211000000000012
2015-07-27,0.15743441292104965,0.1463532753237716,0.025390977988107327,0.026479999999999976
2015-07-28,0.1587883660784069,0.14568244217551637,0.017885590068342644,0.025086999999999998
2015-07-29,0.16025479080015817,0.14489290618469738,0.014380433565230638,0.024268000000000012
2015-07-30,0.1611060024418791,0.14576057782715998,0.014260998099349942,0.029220999999999997
2015-07-31,0.1613200594003812,0.14535887559645982,0.011721226703436255,0.02346999999999999
2015-08-03,0.1613345702670363,0.14500969504198874,0.015565287324458194,0.02199200000000001
2015-08-04,0.1624687139756763,0.14486291127986486,0.014198763313604507,0.02621699999999999
2015-08-05,0.16447586861479294,0.14470826058008096,0.014049140954047329,0.021484000000000003
2015-08-06,0.16621096226127638,0.1397311414900259,0.02042004413962291,0.022788000000000003
2015-08-07,0.16684027367471832,0.13916303192703489,0.028296249564809653,0.01722299999999999
2015-08-10,0.16745583979222284,0.14047041077292902,0.014299707060227665,0.02332300000000001
2015-08-11,0.16755883830996393,0.1402491379770367,0.02382922819956501,0.021304000000000017
2015-08-12,0.16732669420589824,0.1394934156303505,0.03019705686587555,0.008758999999999989
2015-08-13,0.16742594313141998,0.13866309026201876,0.024194604360196714,0.023701
2015-08-14,0.16820078138274006,0.13847579567567472,0.035698206717549474,0.015766000000000002
2015-08-17,0.1696529035703784,0.13893986190726243,0.03478464433546663,0.016264
2015-08-18,0.1697074835029541,0.1387456806758627,0.041968259907487954,0.010675000000000018
2015-08-19,0.1696243066184586,0.1430698877040661,0.04509245492753369,0.0034409999999999996
2015-08-20,0.16879548307451114,0.1434288309376623,0.05998609802373789,0.0012380000000000169
2015-08-21,0.16814441465240954,0.14438773874351102,0.09114876439348568,-0.003037000000000012
2015-08-24,0.1636837460549943,0.14328192881735757,0.13301398259259117,0.02481899999999998
2015-08-25,0.16282160475571605,0.14139978277715018,0.13901939737667868,0.029245999999999994
2015-08-26,0.1609462273263243,0.14137980541768372,0.05972984614910115,0.03396899999999997
2015-08-27,0.160155017284252,0.1522401496221369,0.03236801583305751,0.04883100000000001
2015-08-28,0.1600830502800429,0.1516386198781745,0.02610552051583709,0.040775000000000006
2015-08-31,0.15979312255539543,0.15229880545325897,0.035386046993842596,0.03304900000000002
2015-09-01,0.15943166579521512,0.15343703982920273,0.06885619623628073,0.033417
2015-09-02,0.1596201668906921,0.15318887585566365,0.028693084289187182,0.04444600000000001
2015-09-03,0.15950858347110505,0.15234864297515988,0.019110282910068777,0.04205600000000001
2015-09-04,0.15910287483174937,0.15107319817547266,0.05021332098282208,0.023947000000000024
2015-09-08,0.15840144442921866,0.15390268609768656,0.01729480259203145,0.051003999999999994
2015-09-09,0.15756259805890574,0.15393878099615507,0.027647935663263346,0.026107999999999992
2015-09-10,0.15720180888237056,0.15382472007040282,0.01225812371161944,0.058098999999999984
2015-09-11,0.15710644225654463,0.15263707690078282,-0.0032705614805540184,0.071541
2015-09-14,0.1569335612416206,0.15366603040300014,0.019443183847397377,0.04890099999999997
2015-09-15,0.15666978672656126,0.15152125273798078,-0.0018171376868085787,0.06773200000000001
2015-09-16,0.15659929908094516,0.1518850732376156,-0.010926469131697814,0.057516999999999985
2015-09-17,0.15587384343929434,0.14977659948500152,-0.028018979672645605,0.04402099999999998
2015-09-18,0.1552536040761042,0.14899665704596554,-0.019576346952957124,0.04274700000000001
2015-09-21,0.1553990111439722,0.14672933909011568,-0.024946627785309733,0.04513500000000001
2015-09-22,0.15516650492593803,0.14820140107548227,0.0008058850160288233,0.05210799999999999
2015-09-23,0.15494382298854456,0.14759562183213207,0.023573223455437387,0.048388000000000014
2015-09-24,0.15488202070742715,0.14724734910187962,0.03452250451831054,0.047803999999999985
2015-09-25,0.15502869445926243,0.14659615677614393,0.04464119776443473,0.04778000000000002
2015-09-28,0.15395279402543566,0.14776938482517823,0.07444085048915464,0.04397199999999998
2015-09-29,0.15347032889964696,0.14793176639017963,0.06642620437118366,0.05074100000000001
2015-09-30,0.1538562157551967,0.14797417750708153,0.06235010255743051,0.049731000000000025
2015-10-01,0.1537668162425258,0.14798147207851856,0.06059106395856226,0.052333999999999964
2015-10-02,0.1531025724110907,0.15118202006515108,0.05785988589946847,0.049332000000000015
2015-10-05,0.1522386263846943,0.1512687826515501,0.03409211174771426,0.04946499999999998
2015-10-06,0.1520594178580494,0.15147646702002637,0.042034563629156446,0.04501000000000002
2015-10-07,0.15173748405278917,0.1518916723077257,0.042007930324658216,0.052402000000000004
2015-10-08,0.15157479764461318,0.15284751667622712,0.045696253973441764,0.054594000000000004
2015-10-09,0.15174999219960356,0.1511144128273545,0.04081202269130599,0.03783499999999998
2015-10-12,0.15318119732887733,0.15095166306922975,0.032547738279012695,0.043709
2015-10-13,0.15394352946025672,0.15064995766396433,0.025024191218359804,0.047602000000000005
2015-10-14,0.15399452985928838,0.14963488013884402,0.03267249185754556,0.04164300000000001
2015-10-15,0.1541629202064135,0.15021151902437044,0.008555915530994163,0.02909399999999998
2015-10-16,0.15508547830267347,0.1526469700913016,-7.751926914639773e-05,0.03822199999999998
2015-10-19,0.15496621416387588,0.15224722228622642,-0.00242752885923192,0.03733
2015-10-20,0.1558724563396517,0.15228309951609928,-0.00038255475384482707,0.034724000000000005
2015-10-21,0.15539483028099096,0.15110301804957682,-0.0038907975667880623,0.037381
2015-10-22,0.1552373983612822,0.1517495262830264,0.0016511539076769222,0.038693000000000005
2015-10-23,0.15503657757720435,0.15183136166672392,-0.004672416343313529,0.03595899999999999
2015-10-26,0.15593465638198917,0.1517075010609198,0.0010684477749531018,0.035475000000000007
2015-10-27,0.1561450164383484,0.15142220435583112,0.011519292470396625,0.03709399999999999
2015-10-28,0.15536326941912734,0.15119848240890768,0.006813628100454661,0.03651300000000002
2015-10-29,0.154936288024121,0.15247841127638623,-0.0003532082663697811,0.03834499999999999
2015-10-30,0.15499984683480128,0.15308261127506861,0.022589779067834187,0.020106999999999986
2015-11-02,0.1552379584053384,0.15282989694865506,0.00905673914540267,0.03470699999999999
2015-11-03,0.15546507642140828,0.15263707822718028,0.012151065209937056,0.030049999999999993
2015-11-04,0.15537106920103844,0.15294406890170964,0.01763957566058444,0.028166999999999998
2015-11-05,0.15538112188501244,0.15325911209010432,0.017687517875786596,0.03096500000000002
2015-11-06,0.1537817717775638,0.15138471303266585,0.025159225945743657,0.027177000000000007
2015-11-09,0.15348045619570722,0.15130773227309952,0.028350117003924508,0.029508000000000006
2015-11-10,0.15352049464009393,0.15155750537939588,0.0257516092213938,0.026019000000000014
2015-11-11,0.15398144570028047,0.15168122996436398,0.026683014512535103,0.023496000000000017
2015-11-12,0.1541259038243202,0.1513240339262736,0.03463025465095615,0.028618000000000005
2015-11-13,0.15483869912540418,0.15131674098861114,0.04377495005626239,0.033892000000000005
2015-11-16,0.1552270302709482,0.15152804317878069,0.04288218350797662,0.03702
2015-11-17,0.15540101560684208,0.1514333758307541,0.04346517394995189,0.03480900000000001
2015-11-18,0.1550843712234687,0.1515228906074313,0.022094228316522663,0.030797999999999992
2015-11-19,0.15502646516095184,0.1512595794810998,0.022841652795418305,0.031486000000000014
2015-11-20,0.1539831009727836,0.1515016150214802,0.017728177666726186,0.029148000000000007
2015-11-23,0.15392367948625804,0.1484956532595151,0.015995899644177025,0.03575400000000001
2015-11-24,0.15357624652667368,0.14875469269661687,0.010483101325281352,0.034137
2015-11-25,0.15342945845534048,0.15189566136081162,0.00561134145423739,0.03603700000000001
2015-11-27,0.15372367860586023,0.1520375534389882,0.008658464867437515,0.034445
2015-11-30,0.15349073031681218,0.15203909537685842,0.012859059800532147,0.03797699999999998
2015-12-01,0.15300687697590745,0.1516153046565748,0.003151434929467317,0.03684000000000001
2015-12-02,0.1531055346980342,0.15177357447206377,0.0036720127142828296,0.03741
2015-12-03,0.15355610161051392,0.1490963258298981,0.008023824506085825,0.03689100000000001
2015-12-04,0.15310905247495746,0.15188237734411705,-0.010210277193693551,0.03509200000000001
2015-12-07,0.15263490641043906,0.15154921516224462,-0.006060174841003824,0.03694800000000001
2015-12-08,0.1527845766968293,0.1521277851939376,0.010082177288599309,0.037769
2015-12-09,0.15131904053905232,0.15202372046544335,0.01999799187313961,0.03732100000000002
2015-12-10,0.15116990494740346,0.15230318004786444,0.01865838917132992,0.037564000000000014
2015-12-11,0.15088912358377796,0.1516630576896048,0.04178017959544264,0.044293
2015-12-14,0.15037158533039766,0.1506888001439277,0.050446992079268976,0.030002
2015-12-15,0.15020751648123828,0.15068433453006147,0.02661835544353472,0.04385599999999998
2015-12-16,0.15007689793232784,0.1508618579445568,0.01035615283893998,0.030555
2015-12-17,0.14995953704395212,0.1508687110900044,0.020150755521965463,0.030708000000000013
2015-12-18,0.14978887377917746,0.15101681640638973,0.036443619201137895,0.033136
2015-12-21,0.14970098108419727,0.15096124502476108,0.024984282051357665,0.038852000000000025
2015-12-22,0.1490590841285957,0.15102793608099893,0.014499790752633773,0.037686
2015-12-23,0.15121165971493916,0.15097718855392045,0.005772461681717328,0.03578199999999998
2015-12-24,0.15196138208813054,0.1511843944751613,0.012687188683011913,0.03267300000000001
2015-12-28,0.15297866364286686,0.15112659298480108,0.02277949721701089,0.03654400000000002
2015-12-29,0.1532033278372036,0.15124004477470065,0.014586363839623362,0.038860000000000006
2015-12-30,0.1541800967872712,0.15120806283253108,0.017646305386950167,0.03817699999999999
2015-12-31,0.1542103903375828,0.1512864969304125,0.0373039193703264,0.03375899999999998
2016-01-04,0.15437832823921557,0.15138270674210277,0.056350574096433625,0.048896999999999996
2016-01-05,0.15463800316935897,0.15135964145723504,0.04620972144470348,0.04904700000000001
2016-01-06,0.15460102631445552,0.1509359613489939,0.05577503235746831,0.046396999999999994
2016-01-07,0.15384953616357153,0.15046899118933837,0.0826486526468389,0.04214899999999999
2016-01-08,0.15423147987233343,0.1504496507382259,0.0833751146929616,0.05392099999999997
2016-01-11,0.1539503555505021,0.15104920864376983,0.06747224078260444,0.049094
2016-01-12,0.153016380725122,0.15013348972715093,0.06681968858937012,0.04034599999999999
2016-01-13,0.152879864450664,0.1500951678583229,0.07157351849473065,0.04969700000000002
2016-01-14,0.15137285608385492,0.15017021978512093,0.07552981072904447,0.04743499999999998
2016-01-15,0.15004767083788165,0.1500975324463424,0.09495996991474148,0.05274400000000001
2016-01-19,0.15055301669205962,0.15020602069571343,0.08176541151470387,0.05483099999999999
2016-01-20,0.14876778220447967,0.15136567830294412,0.09145654716747179,0.05160300000000001
2016-01-21,0.148407933848037,0.15094034288355623,0.07587129420227084,0.06053499999999998
2016-01-22,0.14764705706250128,0.15064489979055268,0.04813900968764165,0.05901999999999999
2016-01-25,0.1473413979449424,0.15051962097256338,0.054734943916770196,0.05851100000000001
2016-01-26,0.1467200915165115,0.15057978311758868,0.046299228923015995,0.056583999999999995
2016-01-27,0.14520248017894755,0.15203237188923052,0.04307921975334919,0.05196400000000001
2016-01-28,0.14433233893093542,0.15183208198000034,0.02391893414605689,0.06721700000000003
2016-01-29,0.14404468448756397,0.15240824032501807,0.007654041581011295,0.046675999999999995
2016-02-01,0.1440560129898636,0.1518024248435888,0.01395553222786694,0.048904
2016-02-02,0.14391970147577593,0.15184085518957227,0.01502845902323946,0.057757
2016-02-03,0.14299123323905807,0.15343862225010862,0.024604363738056967,0.043361999999999984
2016-02-04,0.14063712399160774,0.15183704019471306,0.002641297577419016,0.051512
2016-02-05,0.13875288796157864,0.15379195122538716,-0.013232786852909989,0.05052100000000001
2016-02-08,0.13819602664641978,0.15336359237012978,0.0010758863565495103,0.06532099999999999
2016-02-09,0.13742610959727547,0.15328521744166573,-0.0008930599375395476,0.05870900000000001
2016-02-10,0.13744668653178918,0.15120254221360394,0.0033332276112860992,0.058998999999999996
2016-02-11,0.1370514662096345,0.15117334508526573,0.018796422860108047,0.05379999999999999
2016-02-12,0.13661037314459684,0.15069097165963188,-0.009155825575211524,0.06180100000000002
2016-02-16,0.135427776856926,0.1532032221397087,-0.014840546514042402,0.06092899999999998
2016-02-17,0.133527035714075,0.1526234237521897,-0.03056993094161703,0.05601800000000001
2016-02-18,0.1335889235605281,0.15227696993844814,-0.035964192712746756,0.056982000000000005
2016-02-19,0.13282610907417622,0.1522170997365524,-0.03365081361850458,0.048488
2016-02-22,0.13265891458060655,0.15207372019083315,-0.03582929418678657,0.05149300000000001
2016-02-23,0.1323504799556686,0.15074674135195845,-0.03523165861093047,0.05044699999999999
2016-02-24,0.1318023552456367,0.15043340982875572,-0.030951632989716843,0.050426
2016-02-25,0.13189374396172315,0.15073110374857135,-0.03127482067912707,0.056769000000000014
2016-02-26,0.1310965594879153,0.14066873781841274,-0.024516978299984032,0.043456999999999996
2016-02-29,0.13112014389770824,0.14080610380284567,-0.014343175425981847,0.048443000000000014
2016-03-01,0.13108741135237614,0.14145073836010616,-0.021309353323279212,0.042411000000000004
2016-03-02,0.1307443507397821,0.14181923976039468,-0.023604887529865837,0.03995000000000001
2016-03-03,0.13019566765149165,0.14160329548121597,-0.030724835560413416,0.04188699999999998
2016-03-04,0.12972028218373505,0.1423345420213359,-0.03273953621757841,0.04532899999999998
2016-03-07,0.12957889632239278,0.14289714700376846,-0.0130904190815741,0.042989
2016-03-08,0.129354467582983,0.14348870933062818,-0.007907031466108605,0.04583200000000001
2016-03-09,0.12911802852458612,0.1457291728722035,0.00478395505987067,0.03531400000000001
2016-03-10,0.1292958820089429,0.14573913492942528,0.003497276215207734,0.05055000000000001
2016-03-11,0.1305930222403249,0.14575224334389533,0.0013798845409250249,0.045984
2016-03-14,0.13168508877860563,0.1460694939408618,0.014738386246933327,0.041673000000000016
2016-03-15,0.13258540752470171,0.14592251063035172,0.01833661652893903,0.04650300000000002
2016-03-16,0.1320499137326251,0.1459028823575791,0.011816691317327543,0.042408
2016-03-17,0.1316617932545842,0.1461189327965704,0.02101280750462023,0.042540999999999995
2016-03-18,0.1314612170624002,0.1459986411328403,0.02620092687321693,0.031558999999999976
2016-03-21,0.13136184391569986,0.14621997662838665,0.028084871581346704,0.040580000000000005
2016-03-22,0.13131601419521452,0.1466267686630993,0.03383734500911531,0.03892800000000002
2016-03-23,0.131883549941883,0.14606911580186677,0.034824689911925916,0.03157199999999999
2016-03-24,0.13193913470057794,0.14682732489585928,0.03769309927883571,0.03456100000000001
2016-03-28,0.13200537953100852,0.1466160551773246,0.032085834763773025,0.04200000000000001
2016-03-29,0.13153956987446094,0.14557004487404954,0.02964730861839579,0.04685600000000001
2016-03-30,0.13155832629375733,0.1465273039864938,0.03816379019397237,0.036331
2016-03-31,0.13147030245427396,0.14663664175231264,0.04417525648758322,0.035767999999999994
2016-04-01,0.1310637645230511,0.14582664299133036,0.04088950804795516,0.02605099999999999
2016-04-04,0.13139964604991056,0.1388864720222459,0.042326448367433156,0.036492
2016-04-05,0.131634994020705,0.13977268829771625,0.04359242227190073,0.03964800000000002
2016-04-06,0.1319908528102035,0.14093648720860283,0.06397040824297177,0.02637400000000001
2016-04-07,0.1320882960362382,0.14059297454695002,0.05676710648575685,0.04155900000000001
2016-04-08,0.13238693939592933,0.14072899806408476,0.04966944279247747,0.04275499999999999
2016-04-11,0.13185811681090126,0.14078004350397294,0.052963672374904736,0.03390199999999999
2016-04-12,0.13161428394632912,0.1409983053134173,0.04559486196675143,0.04600199999999999
2016-04-13,0.13006573087693,0.13979983155838413,0.038547397167038505,0.039181999999999995
2016-04-14,0.1291312636037886,0.13844783721430878,0.03552387907858215,0.03839699999999999
2016-04-15,0.12911346520158676,0.1385570515833464,0.03917110179183844,0.03285500000000002
2016-04-18,0.12856931380389885,0.1389795420365621,0.0390900218502474,0.03114900000000001
2016-04-19,0.12603231831205966,0.13792024271926367,0.001938934611624532,0.035027
2016-04-20,0.12614063833210543,0.13797153397391332,-0.0019109727525901954,0.03051100000000001
2016-04-21,0.12534059901119776,0.13758338827492278,0.006695259774715606,0.031133999999999995
2016-04-22,0.12533857645678306,0.13753550061496198,0.00014997781005102184,0.037686
2016-04-25,0.12577442197628477,0.13785803469147284,0.00010128813162973982,0.03708800000000001
2016-04-26,0.12551339983513696,0.13837136963381472,-0.0004169560932716365,0.030069000000000012
2016-04-27,0.12436434587721365,0.13856843315657974,-0.005583044615684568,0.033769999999999994
2016-04-28,0.12412615608250521,0.13871962602016974,-0.007781546993713889,0.019607000000000013
2016-04-29,0.12424920265108982,0.13827208917516504,-1.766328474511747e-06,0.035933999999999994
2016-05-02,0.12422657489426489,0.13879588414433916,0.0011050013038552686,0.034773
2016-05-03,0.12399638846107078,0.1381928714769375,0.004843639027739238,0.035064999999999985
2016-05-04,0.12370515449538665,0.1381364659393231,0.002976690709377172,0.03775299999999998
2016-05-05,0.12323507631286068,0.13841121970572287,-0.0038040447900498653,0.03504700000000002
2016-05-06,0.12323605490657545,0.1382308161325413,0.0006303722886185081,0.03567300000000001
2016-05-09,0.12362678507720826,0.13245646224943983,-0.0071078999635491025,0.033832
2016-05-10,0.12345973779023073,0.1329030867894474,-0.007932144347778308,0.042329000000000006
2016-05-11,0.12354940604765796,0.1340124848348087,-0.00724620421572858,0.040190000000000003
2016-05-12,0.1262049933568311,0.13382389782494203,0.006542022937086722,0.03798699999999999
2016-05-13,0.12767579449374516,0.1345479244529682,0.01628989304240694,0.03562000000000001
2016-05-16,0.12808403006130326,0.13336675773278803,0.004755845159290617,0.048177
2016-05-17,0.1283791256978074,0.13521070924520107,0.013678337491139142,0.040035000000000015
2016-05-18,0.12827163684689868,0.13496514747261779,0.02795118235616001,0.03934599999999999
2016-05-19,0.12838637557705135,0.13511525724848475,0.03062574066048543,0.03966900000000001
2016-05-20,0.12923778298622973,0.13417351141833012,0.023606473869945604,0.04053999999999999
2016-05-23,0.13019847793543354,0.13431655634203865,0.019489542805928378,0.035112000000000004
2016-05-24,0.13019333411628115,0.1344802816589135,0.01953761991906028,0.03734899999999999
2016-05-25,0.13046647459139019,0.1343399196729828,0.017291047533299297,0.028850000000000015
2016-05-26,0.13070143778675555,0.13423360248760527,0.01962186879607257,0.033165
2016-05-27,0.1306599255505121,0.13475496130533937,0.01843412020184286,0.037288000000000016
2016-05-31,0.13024070975248278,0.13471454218751544,0.021792138207243322,0.03431199999999998
2016-06-01,0.1301062433880796,0.13488502663267965,0.021906889765242327,0.041428999999999994
2016-06-02,0.13134299274214095,0.13512964572412003,0.019807246666811676,0.03228499999999998
2016-06-03,0.13181309472746142,0.1359441485649106,0.02550350658297039,0.02938300000000002
2016-06-06,0.13155237162175795,0.1350459212918305,0.02420124932226174,0.036388000000000004
2016-06-07,0.13164127602597558,0.13523119672129122,0.018456326709639162,0.036938
2016-06-08,0.1316348391692024,0.13571896920718218,0.021392049864114304,0.03726099999999999
2016-06-09,0.13212684308064415,0.13617094820676043,0.021525769186363175,0.038655999999999996
2016-06-10,0.13245623329183653,0.13796967717883732,0.032120010600322935,0.04380899999999999
2016-06-13,0.1324610566460954,0.13916762943929578,0.0577034305328229,0.038831000000000004
2016-06-14,0.13228128757450097,0.1375413085428349,0.06708896319722901,0.05126699999999998
2016-06-15,0.13223701669377513,0.13809450785507016,0.08377648058938975,0.04005
2016-06-16,0.1335012226879066,0.13834239957985628,0.07513704808481385,0.04545199999999999
2016-06-17,0.1332657166454661,0.1383270868535288,0.06442786440426672,0.048109999999999986
2016-06-20,0.13405396714643222,0.1379057175440327,0.0639280067129878,0.04941100000000001
2016-06-21,0.13421384765387695,0.13732276571032076,0.06299874425389594,0.04658699999999999
2016-06-22,0.1353638153281678,0.13749096242494668,0.07038207047293103,0.055451
2016-06-23,0.13547997677744128,0.13738249351023327,0.05957355239327808,0.051746000000000014
2016-06-24,0.13298497668915488,0.1448452003278473,0.09508494786161088,0.06520699999999999
2016-06-27,0.1320476139230789,0.1461116814804974,0.08208791147063016,0.060079999999999995
2016-06-28,0.13083557926634776,0.1412476212759885,0.05059481426752341,0.04857500000000001
2016-06-29,0.13064357569962193,0.139619878012027,0.04343082822974034,0.046101999999999976
2016-06-30,0.12982783858765756,0.1419104387727868,0.026555529427563895,0.04933499999999999
2016-07-01,0.12991409257630526,0.14110874377090973,0.03269806218544527,0.038544999999999996
2016-07-05,0.12928941984864814,0.14133524927071336,0.04244443352895208,0.039185
2016-07-06,0.12875910571827576,0.14023101159760573,0.03381109751486669,0.04103100000000001
2016-07-07,0.12899406861545884,0.14050565031929713,0.04052641991044331,0.041173000000000015
2016-07-08,0.12905015405248424,0.13962057475758927,0.017500381138846666,0.050721000000000016
2016-07-11,0.12834714653580806,0.13939219051687865,0.0149110340296216,0.04532
2016-07-12,0.12836764036422846,0.13894979660368842,0.008256030848292878,0.03489399999999998
2016-07-13,0.12830403049561792,0.13853062563326626,0.00034686159451119414,0.039541999999999994
2016-07-14,0.1281799623903418,0.13847674784996467,-0.0007586746594726024,0.039019
2016-07-15,0.12807064333650214,0.14023744885726167,-0.010037160632644565,0.04130400000000001
2016-07-18,0.1295173251514996,0.1388721035815494,-0.0005719449647266783,0.03970499999999999
2016-07-19,0.1285186063237015,0.1406657090373308,-0.013797736124627952,0.03698500000000002
2016-07-20,0.12787384053945808,0.13205100778665874,-0.015643001542745838,0.03294
2016-07-21,0.12722630393639672,0.13210605887963578,-0.019584712891036082,0.03711500000000001
2016-07-22,0.127229068642989,0.13194061270671897,-0.028231833337734102,0.025545000000000012
2016-07-25,0.12726046856222126,0.13183538604699066,-0.026241965224759856,0.029126999999999986
2016-07-26,0.12761000734166836,0.13199505593564723,-0.008869711008529457,0.029622999999999983
2016-07-27,0.12720905954799566,0.13381175187834402,0.009358824578292735,0.024879000000000012
2016-07-28,0.12640861947820026,0.13279288656868468,-0.00496041179724252,0.02365400000000001
2016-07-29,0.12567155016613235,0.13458432516351912,-0.017359234026852466,0.023151999999999992
2016-08-01,0.12541639343729813,0.13465590921403464,-0.006690635277709189,0.018979999999999997
2016-08-02,0.12653512501328482,0.13494287319899967,-0.004021760339929875,0.020779999999999993
2016-08-03,0.12747168217785299,0.1349450330155134,0.0014282314312599464,0.02809499999999998
2016-08-04,0.12833334656219966,0.1347696264438688,0.006594442597899819,0.01685700000000001
2016-08-05,0.128169534386977,0.1329835299133419,-0.00045667224529316597,0.013867000000000018
2016-08-08,0.12804361631528566,0.1331260891757048,0.0066060590940617,0.014706999999999998
2016-08-09,0.12833757743315033,0.13443623191232223,0.010818211492328061,-0.015730000000000022
2016-08-10,0.12828165047986517,0.1343262892137626,0.007863615114537148,0.019230999999999998
2016-08-11,0.12832110657295143,0.13311141301798815,0.010529364722914075,0.008683999999999997
2016-08-12,0.1283388996863311,0.13511599954257975,0.003659436334303018,0.016374
2016-08-15,0.12870936070329417,0.1349643538740973,0.012730857698582579,0.018447999999999992
2016-08-16,0.1289066479404296,0.135147064927845,0.008759199389321654,0.010413000000000006
2016-08-17,0.12891679694391267,0.13572096942462747,0.010018616157830729,0.014664999999999984
2016-08-18,0.1290153911009244,0.13393654394386512,0.013167611686146635,0.013490000000000002
2016-08-19,0.12953243639223294,0.13384745084206368,0.0160485338160926,0.021073999999999996
2016-08-22,0.12985243259805732,0.1338878529425929,0.015681953062214468,0.015628000000000003
2016-08-23,0.13038753663555822,0.13373981064377166,0.01656622692057956,0.013760999999999995
2016-08-24,0.1309029495885718,0.13158496428101005,0.022852593818201816,0.017494999999999983
2016-08-25,0.1312858189323843,0.13157494533621347,0.030416828087325612,0.021041000000000004
2016-08-26,0.1311436817814884,0.13191409874559198,0.038281494468102986,0.01617400000000002
2016-08-29,0.13141591520537277,0.13222969435573356,0.0441643501808566,0.017242000000000007
2016-08-30,0.13141337435506603,0.131661288498554,0.045229135765555456,0.016944999999999988
2016-08-31,0.13144144645259667,0.13177810650705005,0.0462106410493361,0.01941799999999999
2016-09-01,0.13136943793730307,0.13305151921330904,0.06484221246961394,0.03317200000000001
2016-09-02,0.13114853596591794,0.13236233847018233,0.031697835485595696,0.021112999999999993
2016-09-06,0.13129750184265712,0.13230427490247965,0.03257225549417908,0.019406000000000007
2016-09-07,0.13128549114179866,0.13231174008014845,0.03540935294786153,0.020953
2016-09-08,0.13093030157898786,0.13235310707858397,0.04315871395738562,0.019514000000000004
2016-09-09,0.12934907213984304,0.13455712665672503,0.07292835912150443,0.033714999999999995
2016-09-12,0.1280008654944225,0.13572554115268587,0.05910567806401597,-0.025288000000000005
2016-09-13,0.1273437470639879,0.1357993941025682,0.06588268397472974,0.05098900000000001
2016-09-14,0.12711648442413512,0.13499646751005212,0.053002881840289215,0.03831699999999999
2016-09-15,0.12754602480361718,0.13501841125195616,0.04750913382342434,0.026768999999999987
2016-09-16,0.12743385190191148,0.134422406607977,0.038070853917880704,0.040046
2016-09-19,0.12779696912491606,0.13395629046940183,0.03755318636798735,0.025871000000000005
2016-09-20,0.1275846260568344,0.1337784011672352,0.040190540989325674,0.025369000000000003
2016-09-21,0.12699068800517044,0.13410822817723975,0.026195109021770302,0.026535000000000003
2016-09-22,0.12828009715765426,0.13427271628702372,0.02008634811460963,0.026399000000000006
2016-09-23,0.12861766396207944,0.13408605818335317,0.025711204690732736,0.018222000000000016
2016-09-26,0.12884766710178494,0.13428059768958656,0.04722250076885079,0.030646000000000007
2016-09-27,0.12879020233836744,0.13357330633259867,0.04584998920933936,0.035567000000000015
2016-09-28,0.12893541824686436,0.13356931363627633,0.047123873711751,0.03303700000000001
2016-09-29,0.12860581013507497,0.13154608803019766,0.054880109234329594,0.041939000000000004
2016-09-30,0.12813338731997073,0.13192710333297739,0.0447525590737014,0.03340700000000002
2016-10-03,0.12790477618629106,0.13764799482186799,0.04394342039975763,0.03408799999999998
2016-10-04,0.12756225120156572,0.1380322558072445,0.0596499582620143,0.033363000000000004
2016-10-05,0.12762662152184306,0.13620562294951266,0.057109591019306016,0.03709700000000002
2016-10-06,0.12751962934854816,0.13741452877535096,0.05531103850791452,0.037857
2016-10-07,0.1275362800919146,0.13582471565396043,0.05015785350108734,0.036677000000000015
2016-10-10,0.12756516740311294,0.13580492782992643,0.05686772071315044,0.04194499999999998
2016-10-11,0.12734857990114196,0.13513458552979823,0.07150178825158382,-0.011751999999999985
2016-10-12,0.127169505723457,0.13539180368776743,0.08042785768167363,0.03606599999999999
2016-10-13,0.1268443122156583,0.13523285290655473,0.07805656961763126,0.041080000000000005
2016-10-14,0.1268325589860892,0.13720024010747647,0.08689694580088979,0.027856999999999993
2016-10-17,0.12694931798265002,0.13800196190175495,0.07746498787148867,0.041935
2016-10-18,0.12777559979829387,0.1359629732213412,0.042648742784043445,0.040519
2016-10-19,0.12749106864766807,0.13782917440135237,0.04196457293901057,0.03817899999999999
2016-10-20,0.12816075154307677,0.13860560638532402,0.04727194603528949,0.03681999999999999
2016-10-21,0.1278100605078607,0.13626656814167826,0.04026990589555886,0.03586500000000001
2016-10-24,0.12809615157877235,0.13767255177807033,0.03218062231224943,0.035495
2016-10-25,0.12826396078667807,0.1382268923065185,0.0254986940437872,0.030495000000000022
2016-10-26,0.12813259054773418,0.13856754144673744,0.027343566842573747,0.033459000000000017
2016-10-27,0.1276571160114303,0.13906245777073148,0.03001020410403843,0.03404399999999999
2016-10-28,0.1273920293321153,0.13889412318516178,0.045257204459467015,0.032781000000000005
2016-10-31,0.12756438761961403,0.1392379897786996,0.04318353168520979,0.040314000000000016
2016-11-01,0.1276777671748858,0.13874644050209092,0.049855206611792824,0.042317999999999995
2016-11-02,0.12768014447127388,0.13865542125370445,0.05682999633569635,0.03559499999999999
2016-11-03,0.1275812902966134,0.13101062134155597,0.06288203993995485,0.041108000000000006
2016-11-04,0.12805513846697025,0.1318914984250861,0.07110983139320554,0.04976
2016-11-07,0.12839701990351582,0.1323687496796067,0.04849929021922095,0.04359400000000002
2016-11-08,0.12861996874859657,0.13256326383653735,0.045900777174084806,0.04145599999999999
2016-11-09,0.12588464115157252,0.13398795723015813,0.04717562168090862,0.053244000000000014
2016-11-10,0.12362431369518191,0.13552923196298067,0.06926725520657617,0.03450799999999998
2016-11-11,0.12325994339334327,0.13573906123844823,0.07104732312487788,0.03583
2016-11-14,0.122157765482077,0.13586136426238093,0.06847991767479314,0.046231999999999995
2016-11-15,0.12187777728320986,0.13494260407379374,0.05561921296484498,0.041125999999999996
2016-11-16,0.12178053192204617,0.13447632006207602,0.04312274480405309,0.029070999999999986
2016-11-17,0.1210484645073898,0.13496197045187208,0.03266702728476045,0.02332200000000001
2016-11-18,0.12048242026167819,0.13788901184507238,0.02592539448347725,0.030251
2016-11-21,0.12064973031456387,0.1381336418699156,0.017556036148316245,0.024224999999999997
2016-11-22,0.12079394410019458,0.13744200582202068,0.009084976562008656,0.02340499999999998
2016-11-23,0.12049983740464106,0.1398918553997995,0.01378087003002948,0.032999
2016-11-25,0.12068148044883172,0.13931905717772136,0.010891717279068708,0.033167
2016-11-28,0.12081510491498568,0.13722013791830057,0.006455002206642191,0.031388
2016-11-29,0.12130812515643563,0.13506987528808745,0.006179540634111441,0.026177000000000006
2016-11-30,0.12030253479311027,0.14108426795217974,0.011437370236432987,0.030736999999999987
2016-12-01,0.11970799382914728,0.1415314859634575,0.01674967442130182,0.029579999999999995
2016-12-02,0.1196858346388418,0.14095612892392792,0.008794947640247075,0.03050899999999998
2016-12-05,0.11983894938004608,0.13960839612724568,-0.005210896132145065,0.028744999999999993
2016-12-06,0.12008500298361402,0.13919757522956164,-0.007979619512109543,0.025719999999999993
2016-12-07,0.11966044746635704,0.13956628067806712,-0.004257106690780332,0.025407000000000013
2016-12-08,0.12011231260990185,0.1405992750094901,-0.0011535487377173914,0.023970999999999992
2016-12-09,0.11993323292812916,0.13021718035171984,0.010540792866597398,0.02892
2016-12-12,0.1201212983353008,0.13190420806676478,0.030489658785786522,0.02587700000000001
2016-12-13,0.12040224321441652,0.13141587352695358,0.027752051750832424,0.021244999999999986
2016-12-14,0.11878694153486041,0.13142921415632441,0.023347612973984716,0.030780000000000002
2016-12-15,0.11860364234310393,0.13228351377147277,0.02106255620991343,0.030057
2016-12-16,0.1180958518926119,0.13315886816088895,0.019780365889655538,0.020602999999999982
2016-12-19,0.11837133381625095,0.14094927013941386,0.022190682482624735,0.029707999999999984
2016-12-20,0.11675857108394458,0.1326298488290911,0.02265527363134129,0.027676000000000006
2016-12-21,0.11643759849637439,0.13343404483737892,0.01875910231446634,0.03334100000000001
2016-12-22,0.11628425361417896,0.13361847339449612,0.020842171371412976,0.043828000000000006
2016-12-23,0.11736897085601249,0.13194348805362327,0.02261162547747128,0.033853999999999995
2016-12-27,0.1175105470158196,0.13220673014624612,0.031790871532459686,0.031184000000000017
2016-12-28,0.11774103400256525,0.13199026947514605,0.03543755302804294,0.033907999999999994
2016-12-29,0.11769326491635913,0.1321669542077264,0.03645928889611594,0.04913000000000001
2016-12-30,0.11764210878737191,0.13163626007508022,0.050747726559895706,0.03704199999999999
2017-01-03,0.11783675130982585,0.13172224197650598,0.055837171243489,0.037916000000000005
2017-01-04,0.11749277115655317,0.1303720156750704,0.056940932680391715,0.033408999999999994
2017-01-05,0.11716780740566066,0.13083750337100875,0.0474809443306288,0.027256000000000002
2017-01-06,0.1168404278358691,0.13086916720316102,0.04034621401928842,0.027515999999999985
2017-01-09,0.11692982424916422,0.13066049087868845,0.05001470896315807,0.024452
2017-01-10,0.11682398861901216,0.12961750213952275,0.05112380576097694,0.026417999999999997
2017-01-11,0.1167928448926486,0.12999496346858264,0.05042213191237718,0.026672
2017-01-12,0.11698410554758418,0.1295494683832609,0.05118121028305039,0.024897000000000002
2017-01-13,0.11687737169483636,0.1293628996367383,0.04092963558811033,0.02591199999999999
2017-01-17,0.11551799741913592,0.13093393804869777,0.04484615401804934,0.019099000000000005
2017-01-18,0.1158535950630129,0.123197528923043,0.042400849738711416,0.029455999999999982
2017-01-19,0.11923569315930638,0.12375962546373724,0.04537478487370657,0.03139
2017-01-20,0.11950036252157811,0.12393772851079136,0.04070975791733075,0.028163999999999995
2017-01-23,0.1197209589825271,0.12404652629795827,0.04999351729215748,0.030712000000000017
2017-01-24,0.11995890021668257,0.1242333363374874,0.04543896514669546,0.024397000000000002
2017-01-25,0.11949024634042008,0.12434395330469873,0.040226111469682635,0.025536000000000003
2017-01-26,0.11975711241437709,0.12418638675673813,0.043454177518769024,0.03264700000000001
2017-01-27,0.1460574136052606,0.12406497792735302,0.03893043362437548,0.02629899999999999
2017-01-30,0.14648100682733808,0.12409294578077183,0.0468946080686022,0.02698399999999998
2017-01-31,0.14681602355687093,0.12405983166798178,0.051672235744921996,0.027413999999999994
2017-02-01,0.14625333285158168,0.12362644418973925,0.047098276887967847,0.027787000000000006
2017-02-02,0.14541687805450143,0.12544879352451532,0.02233444865935688,0.020960000000000006
2017-02-03,0.14507608362756141,0.12602142131691646,0.007660870454009205,0.020216000000000012
2017-02-06,0.14509828930878416,0.12565448783526442,0.014977608088784955,0.02709700000000001
2017-02-07,0.14477216446217483,0.1263693995047939,0.013493609974131751,0.025292999999999982
2017-02-08,0.14464061104389755,0.12706167567923385,0.014212388456098221,0.02457300000000001
2017-02-09,0.1446331785959543,0.12689733878424567,0.012234316672321513,0.012409000000000003
2017-02-10,0.14479896281569496,0.12706588649194886,0.007958215197410912,0.010830000000000006
2017-02-13,0.14462103437632887,0.12728993062339578,0.014551781048907086,0.005652000000000018
2017-02-14,0.1449022079568495,0.1274775736398357,0.016497110442887986,0.00581000000000001
2017-02-15,0.14492834072420957,0.12771402945782032,0.02519320796107645,-0.0027560000000000084
2017-02-16,0.14579459966918232,0.12744850287728965,0.023127067486678088,-0.0020919999999999828
2017-02-17,0.14601786293403501,0.127532823060732,0.016788742093541573,-0.00016899999999997473
2017-02-21,0.1457734239261987,0.12708468523678107,0.0027623492703536257,0.013531000000000015
2017-02-22,0.14580007961985594,0.12682607099924437,0.007212402853344457,0.015155000000000002
2017-02-23,0.14573574698228897,0.1399652211844321,0.006413874329692648,-0.0008790000000000187
2017-02-24,0.14573294764797978,0.13930910767745228,0.009559008150934828,0.011314000000000018
2017-02-27,0.14541775540598018,0.13948737181426052,0.007671179727685246,0.015528000000000014
2017-02-28,0.1450587487579489,0.1394412751934384,0.017792211795111257,0.017599000000000004
2017-03-01,0.14525320987982848,0.13843607343085437,0.012927995017238236,0.014368999999999993
2017-03-02,0.14557979869593113,0.13830159802069522,0.01162952705753742,0.041572
2017-03-03,0.14560476075055817,0.1391261698145596,0.014387987715632378,0.016175999999999996
2017-03-06,0.14565880718055224,0.13769547080108968,0.03622902373808769,0.005287999999999987
2017-03-07,0.1458244143598037,0.13838904466162183,0.02212285484502005,0.014890999999999988
2017-03-08,0.14608155827857622,0.13814913690287567,0.020414803100931925,0.018756999999999996
2017-03-09,0.14711735212726754,0.139512295196064,0.02465763074278675,0.021226999999999996
2017-03-10,0.14774939424331604,0.1390432852852269,0.023634025994467275,0.02410800000000002
2017-03-13,0.14779508857856766,0.1400955760131153,0.03346623869633285,0.019645999999999997
2017-03-14,0.1482289353433688,0.13740092778025398,0.02937312478896832,0.02516300000000002
2017-03-15,0.147911833641354,0.1395433620412922,0.03470195660248912,0.010802000000000006
2017-03-16,0.14786757424898436,0.13863668973676843,0.023692873169900514,0.020693000000000017
2017-03-17,0.14767695782489576,0.13762384763608623,0.03829845372637879,0.014131000000000005
2017-03-20,0.14780453405619592,0.13785962919697195,0.03606348086815207,0.022133999999999987
2017-03-21,0.14750505793409902,0.13698033263900433,0.05058324447412581,0.027710000000000012
2017-03-22,0.14854347519623615,0.1369781167150088,0.04947347914792806,0.027325000000000016
2017-03-23,0.14840464895444214,0.13704414325812586,0.05063519126723863,0.027249999999999996
2017-03-24,0.14717016199606126,0.13653265639908904,0.04724643428374736,0.026647000000000004
2017-03-27,0.14700347888513388,0.13672965734653167,0.04750198023491582,0.026063000000000003
2017-03-28,0.14700083748633527,0.136529291022386,0.040342334537519176,0.027312000000000003
2017-03-29,0.14705571967500003,0.13662537946806114,0.03991538912843974,0.026173000000000002
2017-03-30,0.14686627396602686,0.1429406508388413,0.03854692779569241,0.029255000000000003
2017-03-31,0.1471308325004067,0.1428033827171316,0.04981817852183533,0.00799999999999998
2017-04-03,0.1472557475119886,0.14181927704138522,0.03696554209609072,0.028848000000000013
2017-04-04,0.1472317585305393,0.1422353539048338,0.0368281523642154,0.027434999999999987
2017-04-05,0.1476332348798568,0.14249437596515357,0.044232864487538354,0.03071099999999999
2017-04-06,0.14739660683180592,0.1415176015111006,0.041157345234992634,0.025839
2017-04-07,0.14741431166608565,0.1425812342296724,0.043506307331056204,0.027282
2017-04-10,0.14891440541820516,0.14210022619232832,0.05023042283382359,0.03208
2017-04-11,0.14904256319943648,0.14235391779170556,0.04855508645563282,0.034856
2017-04-12,0.14930782767506837,0.14247554138210858,0.04938198036644209,0.03306500000000001
2017-04-13,0.14955773126921845,0.14217432199884705,0.05656928607059171,0.006505999999999956
2017-04-17,0.14951001560217544,0.14296794193079776,0.053763155494436526,0.035859999999999975
2017-04-18,0.1494660276335982,0.14279166444778116,0.06322170335477932,0.035600999999999994
2017-04-19,0.14941330385451085,0.14230117419363567,0.07221062434227637,0.03426299999999999
2017-04-20,0.1483562059889141,0.13137053751294714,0.04347468081020393,0.029753
2017-04-21,0.15451325322621665,0.13124673586506536,0.04847536898744387,0.013834000000000013
2017-04-24,0.15418120670679908,0.1412729775743098,0.01568234045384806,0.022435999999999984
2017-04-25,0.15409582447149486,0.14095742628928895,0.024106266533066772,0.018638000000000016
2017-04-26,0.15428466166310315,0.13749241902510512,0.0434934424913368,0.018170999999999993
2017-04-27,0.15474502794974868,0.13006472181468753,0.03552118097181066,0.022907999999999984
2017-04-28,0.15468576608948295,0.13415730883586047,0.027638306479227645,0.024955000000000005
2017-05-01,0.1549931182602984,0.13004999844004994,0.038057510945191275,0.01991599999999999
2017-05-02,0.1551263623481594,0.12967084174863872,0.03215485265123036,0.02457999999999999
2017-05-03,0.15516901618742399,0.129544713581427,0.031246273838391042,0.02283300000000002
2017-05-04,0.15512064525782385,0.13634707289964756,0.027284909736638552,0.024963999999999986
2017-05-05,0.15538714720318497,0.1454157817246145,0.024784192542339933,0.019317
2017-05-08,0.1553708574003351,0.14444788090230373,0.026121914771393487,0.020983
2017-05-09,0.15519007614666602,0.14489808931445064,0.02465786680171818,0.017044999999999977
2017-05-10,0.15501098811428624,0.14409009408438264,0.023403026912405936,0.026911000000000018
2017-05-11,0.15475618024122972,0.14457545668419222,0.025176701124098366,0.01969399999999999
2017-05-12,0.1548176392106843,0.14410928311591908,0.016918822519962864,0.024872000000000005
2017-05-15,0.1549468841685663,0.14334112134569243,0.014987117506710931,0.021256999999999998
2017-05-16,0.15440728053008654,0.14398031865744482,0.01219948365028585,0.02205499999999999
2017-05-17,0.15406994194271045,0.1448793901832363,0.02587143268582466,0.03403200000000001
2017-05-18,0.15409635619368023,0.14486287573837986,0.027031000861603233,0.030321000000000015
2017-05-19,0.15372983711725308,0.14491602794132583,0.02070574223695583,0.033578
2017-05-22,0.15371379085154366,0.14461564326595833,0.018526891667134518,0.027122000000000007
2017-05-23,0.15365870050663646,0.14457885490302222,0.021216273429478225,0.026048000000000016
2017-05-24,0.15366547365505448,0.14449073384263367,0.021801952418253556,0.023326000000000013
2017-05-25,0.15320882086569368,0.14448153141005635,0.01622163315065829,0.021987000000000007
2017-05-26,0.15324214737306763,0.14403746644725884,0.013957616993614155,0.02361100000000002
2017-05-30,0.15304010280856623,0.14390112525443977,0.02025234208762554,0.023306999999999994
2017-05-31,0.1528344978326602,0.1440486449553702,0.023159681559520404,0.021949000000000024
2017-06-01,0.15277027039247804,0.14415304797432646,0.014569874965495319,0.02284699999999998
2017-06-02,0.15261028012551914,0.14346259623706895,0.009767718918090529,0.021125000000000005
2017-06-05,0.1529750988844648,0.14353905940724826,0.011272413536594028,0.018796000000000007
2017-06-06,0.1533982976867725,0.14392700898513217,0.013317477056133523,0.017849000000000004
2017-06-07,0.15336843850111195,0.14324538659472683,0.004855679658454237,0.019936999999999983
2017-06-08,0.1540636313546273,0.1435787445253632,0.013098519962730967,0.016655000000000003
2017-06-09,0.15384357937772977,0.14361171054828553,0.02096298191206518,0.016424999999999995
2017-06-12,0.1534070643902438,0.14555882279498647,0.02323911684149621,0.026007000000000002
2017-06-13,0.15330960997870027,0.14460436755131206,0.016900370771464085,0.016832999999999987
2017-06-14,0.1540269212270422,0.14538975442808844,0.014895884905284873,0.018470000000000014
2017-06-15,0.15405556270863632,0.1426025309539753,0.021583092522591468,0.029450000000000004
2017-06-16,0.15417744287814636,0.14321108929842788,0.021189660168272464,0.019882999999999984
2017-06-19,0.15454000318971353,0.14353345534074993,0.024680542290818286,0.023517999999999983
2017-06-20,0.1548983280780436,0.14330833528453735,0.0316621922897605,0.023644
2017-06-21,0.1545521224750699,0.14278832825900556,0.036258686000632395,0.020522999999999986
2017-06-22,0.15565107270531847,0.1456612424795195,0.037776418329355466,0.021240999999999982
2017-06-23,0.15574418868661477,0.14537944160866578,0.03919253311365185,0.024140999999999996
2017-06-26,0.15589085355861687,0.14560757511550593,0.04915253038637116,0.024846000000000007
2017-06-27,0.15523146223736292,0.1443776407515272,0.055385503195109806,0.018476999999999993
2017-06-28,0.15511203337074625,0.14496965518194466,0.04573133360269961,0.02155499999999999
2017-06-29,0.1549398966382968,0.14015301057591786,0.05488425340664681,0.022412000000000015
2017-06-30,0.1551427040929607,0.14143383534028844,0.05342846904418472,0.015285999999999994
2017-07-03,0.15564671328966181,0.14039895246550008,0.05433224343218862,0.019986000000000004
2017-07-05,0.15543728072188448,0.1459181194769328,0.06963576100075888,0.028396000000000005
2017-07-06,0.1554825486445672,0.1459620137636211,0.06086615144078193,0.014502999999999988
2017-07-07,0.1554869221265023,0.1454378628422991,0.06079330021846256,0.020435999999999982
2017-07-10,0.1554031548719187,0.14554808923452095,0.06750102576854403,0.020006999999999997
2017-07-11,0.15562317456456543,0.1412870139010756,0.0782896032479122,0.027919
2017-07-12,0.156658170727072,0.14621493474667144,0.08215559199033534,0.025325000000000014
2017-07-13,0.1574735632827506,0.14353893041596985,0.08494207222634753,0.008557000000000009
2017-07-14,0.15779936529531977,0.14648338636709005,0.07117898428269867,0.025720999999999994
2017-07-17,0.1580743983033163,0.1458833577532241,0.07964297521633244,0.024118
2017-07-18,0.15802282877810916,0.14899199291930723,0.07100770145647195,0.020873000000000003
2017-07-19,0.15785254681745164,0.14880966613558919,0.06870959960994992,0.016873
2017-07-20,0.15632642124592167,0.14657977324175014,0.013577890329700887,0.016738000000000003
2017-07-21,0.15642054132238561,0.1475562313118939,0.012820674895979406,0.02116700000000002
2017-07-24,0.1564596232830162,0.147121781262662,0.021016793536118072,0.015636999999999984
2017-07-25,0.1563286199387181,0.1474727361563524,0.02175461151577801,-0.011008000000000018
2017-07-26,0.17234312591753012,0.14754806492338024,0.01632667676307112,0.003144000000000008
2017-07-27,0.17295403520701566,0.1463379076576634,0.022352551315358266,0.023174
2017-07-28,0.15129510356644216,0.14578756484815494,-0.08743150024103652,-0.009575
2017-07-31,0.1514009358236077,0.1460011813720005,-0.05927883046308202,0.023984000000000005
2017-08-01,0.1515637103945429,0.14593707085939697,-0.061727004402509916,0.035750000000000004
2017-08-02,0.15223387902511087,0.14494749666686652,-0.0538401293417084,0.03481299999999998
2017-08-03,0.15287891198009548,0.14459885352874188,-0.05924775330818438,0.031830000000000025
2017-08-04,0.15579904775912842,0.1463507247550695,-0.06601678450339421,0.035461999999999994
2017-08-07,0.15856274351604746,0.14624065678003462,-0.08715896245953256,0.025330999999999992
2017-08-08,0.161216475199708,0.1459117329842714,-0.07459088087430943,0.027654000000000012
2017-08-09,0.16418132142457353,0.14624698551672285,-0.07918813904183986,0.025536000000000003
2017-08-10,0.166424968978321,0.1446785298065858,-0.06339203711914132,0.036511000000000016
2017-08-11,0.16809093394289457,0.14637295392291724,-0.06570462357263651,0.028225
2017-08-14,0.16898615710509599,0.14502961044217236,-0.08502831866331023,0.02881900000000001
2017-08-15,0.16926577493104952,0.1455799578893304,-0.08958919981592764,0.01862899999999998
2017-08-16,0.16936155302802658,0.14364919713190408,-0.10101615773076336,0.020713999999999982
2017-08-17,0.16940123379182062,0.14513631916270303,-0.0829235257165146,0.030680999999999986
2017-08-18,0.16958872838560188,0.1460389379876428,-0.07194091074634848,0.025580999999999993
2017-08-21,0.17039208941813164,0.1460226354151118,-0.07660465285492446,0.02488499999999999
2017-08-22,0.17181224894106167,0.1540753040241374,-0.0865869362101839,0.023846000000000006
2017-08-23,0.17244521476332525,0.15379281464337413,-0.08456724889610714,0.02196100000000001
2017-08-24,0.17240989725359576,0.15252857446262486,-0.09055915271767784,0.02366500000000002
2017-08-25,0.1726607872824746,0.15330121698472832,-0.09611985425867084,0.018923000000000023
2017-08-28,0.17297261859328086,0.14747851967046605,0.017453918126433876,0.02257999999999999
2017-08-29,0.17343936505587706,0.14758177836191638,0.017621652549916628,0.017980999999999997
2017-08-30,0.173758323262784,0.14698014069558818,0.016013370878992378,0.02557899999999999
2017-08-31,0.17411843788530548,0.14668050421569204,0.018434663172579732,0.028721999999999998
2017-09-01,0.17441979832368176,0.14398898130918578,0.01318103660149246,0.022966000000000014
2017-09-05,0.17474206245377288,0.1420037565710886,0.026762340225688297,0.035773
2017-09-06,0.1747379378283347,0.14406801773453956,0.02370277993124019,0.02984500000000001
2017-09-07,0.1743802700793652,0.14441604335071134,0.016895648770480165,0.02912199999999998
2017-09-08,0.17412419143165092,0.1432652705501939,0.02946071020177657,0.02495
2017-09-11,0.1741784076546798,0.1406036229332555,0.019892836818769077,0.029237000000000013
2017-09-12,0.17433419394551355,0.14076759632962105,0.023172515709076025,0.03051999999999999
2017-09-13,0.17446737140161872,0.14043193434922593,0.011972330761423094,0.02671800000000002
2017-09-14,0.1756456171233801,0.13989025558864593,0.023387769561961508,0.018948999999999994
2017-09-15,0.175576204942471,0.13959722655566426,0.021544318997570366,-0.016137999999999986
2017-09-18,0.17597988564159248,0.1397389802845797,0.030798908095510696,0.03021400000000002
2017-09-19,0.17706159230230198,0.13974361028452753,0.04268616717881016,0.02371200000000001
2017-09-20,0.17709720809723303,0.13695747123813942,0.03765978822085167,0.031615000000000004
2017-09-21,0.1783619273114001,0.13946065112127967,0.044416108509341246,0.03300699999999998
2017-09-22,0.17860429928766433,0.13894182793106433,0.04665320277662535,0.02793900000000002
2017-09-25,0.1790978021055125,0.13939055704916872,0.05799441882172773,0.023729
2017-09-26,0.18005883947698692,0.13938324738069577,0.05030750551779925,0.026587
2017-09-27,0.1805631315361522,0.15077234510390275,0.04674311697648417,0.031365000000000004
2017-09-28,0.18146872699806585,0.15082481627331368,0.04878172477533109,0.028551999999999994
2017-09-29,0.1825016700642131,0.15073689130378806,0.04231120591282708,0.02724499999999999
2017-10-02,0.18326522658533073,0.14885679572158036,0.050971669282237606,0.027304000000000023
2017-10-03,0.1842562196567522,0.15044781045223937,0.057630666418128265,0.028520000000000018
2017-10-04,0.18458800340569195,0.15233432672700445,0.054035176431676074,0.02716099999999999
2017-10-05,0.18503010086192478,0.148760206741957,0.05753186635721713,0.01921199999999998
2017-10-06,0.18522264941862798,0.14784979383414898,0.06364601734594386,0.025186999999999987
2017-10-09,0.18451286842828737,0.15008661709816337,0.06276041542264424,0.028479000000000004
2017-10-10,0.18503076071306648,0.15231817336383346,0.062152230967744915,0.020514000000000004
2017-10-11,0.1856297837468432,0.15156234081963058,0.05884003547334883,0.023538000000000003
2017-10-12,0.18588736625358665,0.15261678689210537,0.056706418898938196,0.043918999999999986
2017-10-13,0.18613672344651455,0.15291004223671803,0.06193002202694253,0.020438999999999985
2017-10-16,0.18719493024880068,0.15218809647139006,0.0648045887960957,0.021976999999999997
2017-10-17,0.20901175366919703,0.15397884558905472,0.07076987649144287,0.016637999999999986
2017-10-18,0.21043398018648318,0.15138711240646274,0.07410543646845819,0.01575500000000002
2017-10-19,0.20656339477198377,0.14749459398350742,0.018590932787562436,-0.058081999999999995
2017-10-20,0.20922371317919589,0.14545257029415806,-0.0006928684002679153,0.017853000000000008
2017-10-23,0.20959822651402127,0.1442165724349569,0.000790064584999639,0.019954
2017-10-24,0.21024765512259827,0.14368531769977821,0.008157027554499513,0.02523700000000001
2017-10-25,0.21107888837639924,0.14292590772743202,0.01701610644278037,0.023060999999999998
2017-10-26,0.21149718679245952,0.14118540008983865,0.014751591989782126,0.022649000000000002
2017-10-27,0.21152960402890147,0.14146242581921475,0.013265849594220919,0.030724
2017-10-30,0.21179576375555656,0.14436789756052218,0.02205181087338326,0.034469
2017-10-31,0.2125442669081124,0.1456498255340086,0.023150511743098207,0.025335999999999997
2017-11-01,0.21325685920447826,0.16534758247512765,0.02809343401361153,-0.056511000000000006
2017-11-02,0.2132222581961045,0.16670264630400644,0.02709429216298781,0.019555000000000017
2017-11-03,0.2135029938995618,0.1662033850167218,0.018794615762877942,0.02197300000000002
2017-11-06,0.21392258436111986,0.16582797773063057,0.026316271105298217,0.00898199999999999
2017-11-07,0.2138983566453566,0.16420813210428017,0.028006917392356445,0.025098999999999982
2017-11-08,0.2145577377033956,0.15544241709317083,0.02344657603339831,-0.03074300000000002
2017-11-09,0.21470955022025182,0.156158806022303,0.03252152606874403,-0.028421000000000002
2017-11-10,0.21495179500974765,0.155656686037925,0.02984424479971426,-0.008993000000000001
2017-11-13,0.2151867341715464,0.15558264700341842,0.021755578562787176,-0.0022220000000000018
2017-11-14,0.2152051273702436,0.1557292011600536,0.029100666322098595,0.007505000000000012
2017-11-15,0.2152039342509042,0.1509086441818012,0.026709024644758605,0.008596999999999994
2017-11-16,0.21523646478142805,0.15590915604516933,0.01530700064218593,0.025101999999999985
2017-11-17,0.21517459393033533,0.1535668308140549,0.051177036157164804,0.01878100000000002
2017-11-20,0.21598639422852137,0.15408731901022257,0.06601763358914747,-0.02556900000000001
2017-11-21,0.21605339632610393,0.15501669456484743,0.04162252757343267,-0.013846999999999998
2017-11-22,0.2165769907837463,0.15427112497263779,0.042804319580793546,0.014456999999999998
2017-11-24,0.2170052428214759,0.15476505650668362,0.042217674223743076,0.01097300000000001
2017-11-27,0.21755507996919665,0.1556463642389457,0.04706379727610384,-0.004032999999999981
2017-11-28,0.218378377851554,0.15560680832517446,0.04576045111107284,0.023206000000000004
2017-11-29,0.21869340602911558,0.15618013324054927,0.04292674561453155,0.01164900000000002
2017-11-30,0.21903000034994063,0.1565216385980985,0.052684327056332664,-0.006589999999999985
2017-12-01,0.21899326917955256,0.1561278036576618,0.040400902484943546,-0.004952999999999985
2017-12-04,0.2189923499003713,0.15964572906514635,0.04241312074204698,0.03479600000000002
2017-12-05,0.22042304800387474,0.16138231283688861,0.03657117792896965,0.030038999999999982
2017-12-06,0.21999500116906315,0.15587807254278258,0.04092845117260725,0.019065
2017-12-07,0.2201542806204099,0.18747451914329397,0.039653756804202564,-0.005100999999999994
2017-12-08,0.2203272402074016,0.1858890807980058,0.03038746470107752,0.014465000000000006
2017-12-11,0.22049040888564891,0.18745650292111,0.03321882401776842,-0.0025149999999999895
2017-12-12,0.22015963499506275,0.18879271314808913,0.027098763474884255,0.01369200000000001
2017-12-13,0.22039275581957757,0.18473697723810992,0.025798082654904575,0.0050020000000000064
2017-12-14,0.2213508214503553,0.18700849951600054,0.031953915790371476,-0.005358000000000002
2017-12-15,0.2216375600112559,0.1838554628671653,0.02535613157540445,-0.001378000000000018
2017-12-18,0.2214202965063941,0.18226805203126242,0.022843941005715296,0.012231999999999993
2017-12-19,0.22151656653763052,0.18233250564727382,0.02952141691077348,0.018989000000000006
2017-12-20,0.2208552731403655,0.1855831366557377,0.038402284865959924,0.025852000000000014
2017-12-21,0.22088423000530846,0.18800265879068975,0.03670752122469151,0.022071000000000007
2017-12-22,0.221048363828691,0.1860974169620059,0.03149318425087219,0.012164999999999981
2017-12-26,0.22180996338898776,0.18536994340634935,0.03985761998152959,0.028347999999999984
2017-12-27,0.2221435433636298,0.18463209916620774,0.03499925803399373,0.028452000000000005
2017-12-28,0.22222701067561626,0.1859031435722757,0.031146062982479183,0.009821999999999997
2017-12-29,0.22280438815089854,0.18584738030088263,0.035471926347910826,0.0064670000000000005
2018-01-02,0.22263763434163417,0.1641061388836328,0.02770617942674572,0.01783900000000002
2018-01-03,0.22282194150013407,0.16548598381796387,0.02807963395259988,0.02190600000000001
2018-01-04,0.22319818067040892,0.16544509151964898,0.0388984543851455,0.014950999999999992
2018-01-05,0.22343834719071898,0.16612693081574068,0.031047335905166173,0.01757599999999998
2018-01-08,0.22355242027114422,0.16520861469885434,0.05200210470879571,0.013991000000000003
2018-01-09,0.2235503395071864,0.16571131570472442,0.046784010247523905,0.017832999999999988
2018-01-10,0.22307609166204254,0.16575135183566087,0.04771196345724488,0.007493999999999973
2018-01-11,0.22257100252424886,0.16529746603371115,0.04902104486633521,-0.005548999999999998
2018-01-12,0.222446251324506,0.16529921750750934,0.059044858197811384,0.015847
2018-01-16,0.22230353808791348,0.19393937540920006,0.0636903313299261,0.022676
2018-01-17,0.22245791176494856,0.19109178766803198,0.06450564443550211,0.02268400000000001
2018-01-18,0.2282822941378794,0.18391590854055262,0.07846819840419597,0.02290500000000001
2018-01-19,0.22927307484188938,0.17439222857892564,0.06670356912399072,0.017923999999999995
2018-01-22,0.229370380404305,0.17130075859508342,0.07797998168059303,0.020885999999999988
2018-01-23,0.22965920893525718,0.1795549718105207,0.08852477970121794,0.011515999999999998
2018-01-24,0.2301578789811957,0.17000034913333464,0.09541235997961864,0.014452999999999994
2018-01-25,0.21927987302801455,0.16775072008578884,-0.00996580875416564,0.008722000000000008
2018-01-26,0.2189607303849302,0.16306983276427994,-0.026830193148915937,0.009414000000000006
2018-01-29,0.2189196684904026,0.16236217223763283,-0.010745013892132976,0.011308999999999986
2018-01-30,0.2187666493488806,0.16295368689723982,-0.011576457635349674,0.010448000000000013
2018-01-31,0.21845889259348122,0.1625261310372975,-0.024285750100631803,0.011974999999999986
2018-02-01,0.21780535641468546,0.16094923622995871,-0.02658424063555176,0.01766899999999999
2018-02-02,0.21788353276539352,0.1578044598193992,-0.018533841621921815,0.017998999999999987
2018-02-05,0.21568171432331532,0.1644062845070535,0.07218673330387021,-0.02124400000000004
2018-02-06,0.21379674203523252,0.1525962719633717,0.010380992453233595,-0.01775500000000002
2018-02-07,0.21242651170439433,0.16412902439496657,0.00459221922889913,-0.036687000000000025
2018-02-08,0.21005332540761693,0.15198581197594258,-0.026951811927506453,0.021288999999999975
2018-02-09,0.20840614608358013,0.14443627364398218,-0.02236926435330383,0.06311800000000001
2018-02-12,0.20716268640407468,0.1425240566241676,-0.062438447623929444,0.03723400000000002
2018-02-13,0.20655519609871728,0.15092524051608022,-0.07885717247375931,0.04258200000000001
2018-02-14,0.20662267627082834,0.14379100817207954,-0.08903495087707042,-0.01407
2018-02-15,0.20656514427232398,0.16039949253327562,-0.09866687873619401,0.012996000000000008
2018-02-16,0.20592309361415578,0.1671778587801544,-0.10380903926993848,0.018893999999999994
2018-02-20,0.20576805058271203,0.16684108438887632,-0.09312937039000022,0.025019000000000013
2018-02-21,0.20541922415603858,0.18561673204833035,-0.08150878624356434,0.01636600000000002
2018-02-22,0.20435283646864547,0.18716634425690137,-0.10936249153851976,0.02243500000000001
2018-02-23,0.20365699888178185,0.18533322155644583,-0.13133825322712636,-0.007951999999999987
2018-02-26,0.20406974156979293,0.1874593642672213,-0.0646099085858885,0.013522000000000006
2018-02-27,0.20396763347067076,0.18784242396337028,-0.03164111754264179,0.019805000000000017
2018-02-28,0.20389655722377023,0.18786796621641885,-0.02353464267704003,0.0027850000000000097
2018-03-01,0.2032388328366074,0.18814866949619094,-0.04254789638553966,0.023853999999999986
2018-03-02,0.20271387506968325,0.18073680703510456,-0.040297310804880054,0.02804999999999999
2018-03-05,0.2028284557968973,0.181059002844508,-0.05298072675710183,0.030669000000000002
2018-03-06,0.20268255105659663,0.18745117893600677,-0.059696524219957386,0.03792300000000001
2018-03-07,0.2027634439169457,0.18815532611733124,-0.04181230324682436,0.03231400000000001
2018-03-08,0.20271401121389357,0.18820807848009835,-0.04531598818869087,0.02379600000000001
2018-03-09,0.20239114067000352,0.1852121935832043,-0.04597989536849298,0.030676999999999982
2018-03-12,0.20283380735766604,0.18666689974276218,-0.013570410549517742,0.014275999999999983
2018-03-13,0.20314935865249578,0.19127572406011292,-0.011576507623265175,0.024555999999999994
2018-03-14,0.20780559137529042,0.19071201261142307,-0.0003137755395604125,0.02788199999999999
2018-03-15,0.20834065597542184,0.19074507197006615,0.005022133628730718,0.022825999999999985
2018-03-16,0.20785984268074326,0.1908793740846242,-0.009219885221744745,-0.03992599999999999
2018-03-19,0.20805312024850287,0.19079845416695806,0.03822040769836044,-0.021188999999999986
2018-03-20,0.20821919731986965,0.191160037843934,0.04873377752694469,-0.011786000000000019
2018-03-21,0.20736854855524348,0.19122767842430693,0.03512201842628593,0.016891000000000017
2018-03-22,0.20696265114926948,0.18853216178636548,0.0496625660895299,0.018974999999999992
2018-03-23,0.20676391250016893,0.1874883388976123,0.07474665100261105,0.009676999999999991
2018-03-26,0.20845184441338868,0.18733113891422498,0.06503919433013367,0.02693200000000001
2018-03-27,0.20832359671437387,0.18663188161184632,0.06908929698232763,0.02563499999999999
2018-03-28,0.20777409517199077,0.1867822944420255,0.06783522771634928,0.018645999999999968
2018-03-29,0.20803553100025654,0.186814043465373,0.042240745616362874,0.011917000000000011
2018-04-02,0.20767164145418132,0.18680520585941096,0.07195838230592588,0.022011000000000003
2018-04-03,0.20723159257384102,0.18499786483873215,0.05312648072111589,0.026992000000000016
2018-04-04,0.20653553593642512,0.18386025647579715,0.05003198268877165,0.018339000000000022
2018-04-05,0.2062274623552273,0.18621055892058577,0.037174086684695934,0.022146
2018-04-06,0.20595019922947408,0.18598748627037776,0.03271692080157218,0.029502
2018-04-09,0.20565846717292172,0.18608958404147624,0.034062873134791394,0.029285000000000005
2018-04-10,0.20561725468291525,0.18621509174382678,0.04021381219758466,0.02806499999999998
2018-04-11,0.20516480685775956,0.18614524496112628,0.0425463879793114,0.026638999999999996
2018-04-12,0.2061246799629853,0.18626425402298913,0.026254310030147665,0.027619000000000005
2018-04-13,0.20826990868741507,0.18550301038583616,0.014295716716387713,0.001225999999999977
2018-04-16,0.20875375254364775,0.18570237330924594,-0.0005993867081034165,0.024949
2018-04-17,0.2103307130504257,0.18531847357368697,-0.013653452627721274,0.029088000000000003
2018-04-18,0.21040248166289616,0.1854629810126002,0.0019521363550903392,0.022426
2018-04-19,0.18989817688471233,0.18831441026437132,-0.030562905317764733,-0.089478
2018-04-20,0.192294861921333,0.18810042708546043,-0.0516549074106864,-0.055857000000000046
2018-04-23,0.19173362933882773,0.18809955829589609,-0.08054085748458145,0.01531200000000002
2018-04-24,0.19004703074907958,0.18799424303963688,-0.06663745257826797,0.020955
2018-04-25,0.19008398322048162,0.1866668669421255,-0.06586168340446033,0.014321999999999974
2018-04-26,0.19058510587403826,0.1867198277683721,-0.0908843896347323,0.021282000000000023
2018-04-27,0.19184976363150236,0.18784244323956004,-0.10758427641914928,0.011517
2018-04-30,0.1933126294415814,0.18711383174939689,-0.10874290799386158,-0.0006130000000000024
2018-05-01,0.19368916295584562,0.1879443181316433,-0.1010581230860787,0.01786500000000002
2018-05-02,0.1955541991182576,0.18791194328532654,-0.1099673913033942,-0.006709999999999994
2018-05-03,0.19598355582358837,0.18177640346051022,-0.11423594634207643,0.027721999999999997
2018-05-04,0.19600630876690317,0.1818145546626064,-0.12371756743474974,0.025053999999999993
2018-05-07,0.1966204573101771,0.18174359849515467,-0.11699256892494117,0.027072000000000013
2018-05-08,0.19677316538617562,0.18175535795071557,-0.10882083896867623,0.026833999999999997
2018-05-09,0.19615403196486764,0.1823380535795855,-0.11550513013106456,0.01738099999999998
2018-05-10,0.19684767540293982,0.18247820492768946,-0.12614287960438633,0.024319000000000007
2018-05-11,0.1965325889471064,0.18287903090697438,-0.12003565597274343,0.023681000000000008
2018-05-14,0.19705622520677743,0.1830523355634474,-0.1285567918208683,0.030475000000000002
2018-05-15,0.19720887903004056,0.18342383695616063,-0.11671477025022162,0.017358999999999986
2018-05-16,0.19803386975285525,0.18330254374410065,-0.11658365522894787,0.026100000000000012
2018-05-17,0.19834258785295222,0.1817407334965716,-0.11652731276016756,0.021644999999999998
2018-05-18,0.19859328165466938,0.1846519377518344,-0.014581250099879123,0.00021999999999999797
2018-05-21,0.19850358312211766,0.18466990253302634,-0.013836223859314961,-0.00700400000000001
2018-05-22,0.19886098386899026,0.18515992189008676,-0.013059107641630985,0.016638999999999987
2018-05-23,0.19875792084672464,0.1854439240592159,0.005420879357683817,0.015404000000000001
2018-05-24,0.1995270550641493,0.185473148322898,-0.0028617433526538505,0.021019999999999983
2018-05-25,0.1995241946148173,0.1863402422677549,0.015736473539935125,0.021158999999999983
2018-05-29,0.19963198692362139,0.1857040755438914,0.03334644776291912,0.023956000000000005
2018-05-30,0.19936229502140326,0.18625295329810002,0.016553034704225977,0.011874999999999997
2018-05-31,0.19894524234963676,0.18625232045811044,0.018953724909848813,0.008254999999999985
2018-06-01,0.19848046267126349,0.1861481958792611,0.014361441879523568,0.017902
2018-06-04,0.19845629871664436,0.18637570289155825,0.02251510413779831,0.017968000000000012
2018-06-05,0.1994361107017521,0.1861429414018882,0.03315272230854577,0.010020000000000001
2018-06-06,0.20133514127542165,0.18621819640900295,0.028901425227622235,0.014278000000000013
2018-06-07,0.20091378246576164,0.18605920360502437,0.029546407610134245,0.016499999999999987
2018-06-08,0.20136012359804953,0.18386738207006362,0.02572773581529847,0.01602299999999998
2018-06-11,0.2020475378905964,0.18354539701546646,0.03198153475175819,0.01016700000000001
2018-06-12,0.20272138601996423,0.18343107864419514,0.03565058295317716,0.010289999999999994
2018-06-13,0.20324035198709797,0.18391777565013445,0.03197190488731727,0.013207999999999998
2018-06-14,0.20327994738768168,0.1832260419873602,0.027386145837626524,0.016249000000000013
2018-06-15,0.20321764480310467,0.1838538415736327,0.031891892305763114,0.021383999999999986
2018-06-18,0.20263647804011403,0.18288827660586918,0.05555965937079668,0.014065999999999995
2018-06-19,0.20529256647926958,0.18297134360553632,0.05535595411687447,0.02268300000000001
2018-06-20,0.20689140135686507,0.18304090154247915,0.06278884868536108,0.020301000000000013
2018-06-21,0.20822158738298024,0.1829842804137174,0.07526585888487194,0.01614199999999999
2018-06-22,0.21873344387749377,0.18293620843649827,0.06953895937994148,0.010966000000000004
2018-06-25,0.2194018143474647,0.18293889221821918,0.09649502995780085,0.018091999999999997
2018-06-26,0.22115959264254131,0.18291278329169952,0.08756201603396621,0.026990999999999987
2018-06-27,0.22302038900479762,0.18292202837914157,0.09781859710199226,0.013380000000000003
2018-06-28,0.2248102833553685,0.1828762739880193,0.08750946015244276,0.02536900000000003
2018-06-29,0.2259247916724385,0.1835522482036595,0.09333614810536739,0.020293000000000005
2018-07-02,0.22647065892791934,0.18193018699506858,0.09640370551808039,0.02951799999999999
2018-07-03,0.22790409976193457,0.1815962745521809,0.08925199956322308,0.03020999999999996
2018-07-05,0.2284475617412015,0.18158305287791615,0.08949765036299986,0.02609699999999998
2018-07-06,0.22862855647279942,0.18195961661193477,0.07319215877760885,0.029329999999999995
2018-07-09,0.2284702209212779,0.18365843867140927,0.08430469028654738,0.02422000000000002
2018-07-10,0.2285771379342063,0.18376043231472924,0.08509019242312302,0.025740999999999986
2018-07-11,0.22855947487293368,0.1820033768352202,0.09688532212760673,0.017812999999999968
2018-07-12,0.2290930962403783,0.1837359328259572,0.09204634250596672,0.023125000000000007
2018-07-13,0.22928557933161856,0.18346675414865043,0.09481967024712268,0.025033
2018-07-16,0.22948174932967697,0.19841690659825295,0.10085188609814294,0.026287999999999978
2018-07-17,0.23056169959994205,0.19847325937478422,0.10959608704396437,0.02782000000000001
2018-07-18,0.23155108659924142,0.19839748170861038,0.11933391821947414,0.025602999999999987
2018-07-19,0.22654043831753307,0.19375571617456108,0.0014978250496084922,0.01424499999999998
2018-07-20,0.22633487378381162,0.19016863892876315,-0.015446165517230104,0.01838899999999999
2018-07-23,0.2265732554748242,0.19012525718138765,-0.016266055589810452,0.019975999999999994
2018-07-24,0.22999774316200725,0.19029769280096304,-0.014456494575936618,0.022467000000000015
2018-07-25,0.23022324169296987,0.19024489891611865,-0.025456669989936592,0.022786
2018-07-26,0.23054344149409947,0.19102683601438444,-0.031160493478851137,0.022515000000000007
2018-07-27,0.2306715435645867,0.19032522504242266,-0.02657978025131988,0.01944499999999999
2018-07-30,0.23086166122126694,0.19030684652413735,-0.01935498360409696,0.024430000000000007
2018-07-31,0.2323562477991007,0.1898076119712421,-0.02521016031997933,0.023993000000000014
2018-08-01,0.23284742961170996,0.19124633241520442,-0.02174891990320424,0.04349499999999998
2018-08-02,0.23288651812876754,0.1912598273037085,-0.025106112308851347,0.026283
2018-08-03,0.23225295888776384,0.19036854676709636,-0.031442452684851574,0.02118399999999998
2018-08-06,0.2322580664765904,0.19148887717554258,-0.036959262624451095,0.021292000000000005
2018-08-07,0.23467614218807456,0.19189273161734957,-0.034349762348498875,0.01564299999999999
2018-08-08,0.23620658407279954,0.19043428083458439,-0.029070481184116093,0.014252999999999988
2018-08-09,0.23641230731504884,0.19111075627084603,-0.032605946922325074,0.014286999999999994
2018-08-10,0.2367294766632648,0.1916373453342664,-0.02109727027308511,0.017103000000000007
2018-08-13,0.23650021863730195,0.19147720240994862,-0.015000973441644333,0.016867999999999994
2018-08-14,0.2368877258371252,0.1918755371394907,-0.015570365024782845,0.01869599999999999
2018-08-15,0.2366802998506373,0.19187455968131933,-0.024482416263834683,0.016757999999999995
2018-08-16,0.23672823828654838,0.19196098417199414,-0.031600762734720095,0.015111999999999987
2018-08-17,0.23772064006718355,0.194560528928038,0.009670374392774767,0.010362999999999983
2018-08-20,0.2379031972172979,0.20360457636632,0.023861099588343093,0.0042119999999999935
2018-08-21,0.23805816801687002,0.20339972561943323,0.03621231155508045,-0.002702999999999983
2018-08-22,0.2379308058834952,0.2036161274959215,0.04080478272181065,-0.0033289999999999986
2018-08-23,0.2382215242566953,0.20310552080527652,0.044689131205004756,0.0006690000000000029
2018-08-24,0.23762124631962248,0.2005910089938973,0.05368797289145441,-0.006745000000000001
2018-08-27,0.237552912172595,0.19540276164583623,0.051725520301726696,-0.0005390000000000117
2018-08-28,0.23749837154724637,0.1933179128528043,0.04587847211402282,0.003502000000000005
2018-08-29,0.23778218697014583,0.19321718468524243,0.04644676595694466,0.008055000000000007
2018-08-30,0.238051674599258,0.19403166670163918,0.05152759616055172,0.010632000000000003
2018-08-31,0.23783498074999462,0.1940579914318073,0.055161537928457294,0.009530999999999984
2018-09-04,0.2377754381173288,0.1939952094498653,0.05838192923820859,0.01644699999999999
2018-09-05,0.23762613231113436,0.19448892143426832,0.0648577671827767,0.014309000000000016
2018-09-06,0.23773474521820173,0.1940484252329388,0.06129235704620423,0.017320000000000002
2018-09-07,0.23828382176157192,0.1941668292953799,0.07096766671569327,0.011440000000000006
2018-09-10,0.23794997971906023,0.19692142068758486,0.06733260341958894,0.011172000000000015
2018-09-11,0.23768866228533753,0.20032464303535946,0.07354400784568088,0.009234999999999993
2018-09-12,0.2337058307164112,0.20203756035758408,0.05817434706783428,0.01792200000000002
2018-09-13,0.23313311748987203,0.20253283374093647,0.02679793293320587,0.017212000000000005
2018-09-14,0.23306367986307758,0.20320948518500379,0.022469898533054866,0.008034000000000013
2018-09-17,0.23288567159915943,0.20311021276237373,0.038991731850897826,0.012102000000000002
2018-09-18,0.23259433094780244,0.20251732047883161,0.05314263202167868,0.0008640000000000037
2018-09-19,0.23298432499459665,0.20211216786161684,0.056428010747972795,0.016795999999999978
2018-09-20,0.23288064922382987,0.2023194029776487,0.07077956568520044,-0.0005499999999999949
2018-09-21,0.23233407487559868,0.2020185599761431,0.04835627190662975,0.012148999999999965
2018-09-24,0.2321916828319585,0.1993231959290254,0.049432660535587813,0.023605999999999988
2018-09-25,0.23198477981042628,0.20308443811753438,0.05769569174626474,0.023673
2018-09-26,0.23186985097248763,0.20499699539116262,0.0513875071620892,0.030344999999999983
2018-09-27,0.23128404046925832,0.20480240731411,0.021576092957979104,0.023412000000000016
2018-09-28,0.2312180649769245,0.20562105619151116,0.008706786850954551,0.025751999999999997
2018-10-01,0.2319655928159212,0.2051743348787365,0.0016523757715703191,0.027861999999999998
2018-10-02,0.23194572415970344,0.20596296701450917,0.006050004395679931,0.02512599999999998
2018-10-03,0.23182040905529339,0.20524800036344024,0.011040666375397051,0.028865000000000002
2018-10-04,0.23156837808475417,0.20428770496474444,0.01578906047487888,0.03353300000000001
2018-10-05,0.23156498274654502,0.20063176059594523,0.019402526515452462,0.03209400000000001
2018-10-08,0.23137851891348474,0.20085153223553473,0.030955387824402658,0.027462000000000014
2018-10-09,0.2312769591903043,0.2044629540615538,0.03906003018567403,0.03208699999999998
2018-10-10,0.2299743444580994,0.2046546733019438,0.0606455854453698,0.05401699999999998
2018-10-11,0.22749006524083984,0.20362156280629798,0.10422806272497492,0.047626999999999975
2018-10-12,0.22677208932257742,0.20372566229637787,0.08076927538544842,0.031000000000000028
2018-10-15,0.22530711706646098,0.20204269100627165,0.06382140732232036,0.036060000000000036
2018-10-16,0.23099038909082084,0.2021821941806418,0.04570430583000126,0.040571000000000024
2018-10-17,0.23056841382121032,0.2047433804918187,0.03719003198878418,0.03895799999999999
2018-10-18,0.2275422463021425,0.1994937652344243,-0.023849621518807235,0.04172400000000001
2018-10-19,0.22819780303276588,0.19887682762991712,-0.03508630257496412,0.04381499999999999
2018-10-22,0.22754854190792312,0.19959508031513992,-0.02519249094674464,0.031948000000000004
2018-10-23,0.22724510260906833,0.19855719241184394,-0.01736336350589196,0.03909699999999999
2018-10-24,0.22608660212912451,0.19899303979841604,-0.0059393770288728165,0.03493399999999999
2018-10-25,0.22561645868911756,0.1972843221877066,-0.025944810905462107,0.07400900000000002
2018-10-26,0.22408509949800234,0.19578173843140212,-0.004569005011274274,0.039962000000000025
2018-10-29,0.22467566418619245,0.19594017298460764,-0.014263437782515348,0.04414199999999999
2018-10-30,0.22296387464572465,0.19700545322777696,-0.021969587045482436,0.038849999999999996
2018-10-31,0.22232431230134156,0.19672331915727406,-0.013159198560123153,0.029857999999999996
2018-11-01,0.2224471692512532,0.19772215998298923,-0.03588761781740307,0.046741000000000005
2018-11-02,0.22206908101134676,0.19819242768654385,-0.03539496934915376,0.042012999999999995
2018-11-05,0.22232536973738107,0.19850328941867895,-0.042619564418558964,0.03378500000000004
2018-11-06,0.22328544150561813,0.19857852120668698,-0.04761181994869235,0.032608
2018-11-07,0.22270726909108648,0.19930113966225468,-0.08560314126086416,0.024598999999999982
2018-11-08,0.22359929831922915,0.19966336907792112,-0.07536888613621215,0.037658
2018-11-09,0.22356160743991715,0.19808496575012158,-0.05309207404900243,0.03413100000000002
2018-11-12,0.2234136488615086,0.19863768015462116,-0.01931805587439983,0.039698999999999984
2018-11-13,0.22371126854904064,0.1982789892965599,-0.008557366956308599,0.022078000000000014
2018-11-14,0.22421758641240613,0.1980952061314764,-0.003475907141889528,0.024334000000000022
2018-11-15,0.22404496922775552,0.1974136717883039,-0.01183932147950309,0.015977999999999992
2018-11-16,0.22434471450494592,0.19669782475015896,-0.016195569678647603,0.029388000000000025
2018-11-19,0.22402757433668924,0.19714521418183156,-0.002933475055518636,0.036009999999999986
2018-11-20,0.2241965005534293,0.1975479150731807,0.024400919502377355,0.038615999999999984
2018-11-21,0.2248385475252312,0.1973609582280696,0.017287306577402184,0.03422
2018-11-23,0.22458363296465841,0.19731661571844214,0.030187570043234663,0.03801399999999999
2018-11-26,0.22485388143608104,0.19720239050616492,0.013728862145848952,0.035026
2018-11-27,0.22617458539981938,0.1964304714839992,0.01631949873783234,0.026884999999999992
2018-11-28,0.22647476810344494,0.19751974232069067,0.06884748747626518,0.022233999999999976
2018-11-29,0.22680330650050737,0.1979869269927851,0.027222724635013462,0.03728300000000001
2018-11-30,0.2275818753662054,0.19791129271766636,0.036918771682402346,0.03314699999999998
2018-12-03,0.22718747857623026,0.19426087072674625,-0.011381545180111946,0.01744599999999999
2018-12-04,0.2254003831769524,0.19368504068365433,0.009862130229668004,0.028092000000000006
2018-12-06,0.22489106411592438,0.19454073585738835,0.02227693838352604,0.003069000000000016
2018-12-07,0.22478342053094383,0.1870749703529973,0.03877869393389427,0.008377999999999997
2018-12-10,0.22445158495422807,0.18538915217598906,0.038752286928950025,0.024414999999999992
2018-12-11,0.22355761368149563,0.1849385570483807,0.029054323172693935,0.023026999999999992
2018-12-12,0.22339818960832664,0.1898638144254,0.012865783912519274,0.02434799999999998
2018-12-13,0.22379562357390434,0.18975237074039875,0.0051519122007591955,0.02315500000000001
2018-12-14,0.22457508506007048,0.189976284435136,0.02310649416160343,0.021650000000000003
2018-12-17,0.2244826788817326,0.1899858570011985,0.04347483084823825,0.036548
2018-12-18,0.22233040929557654,0.18475124387009056,0.07273652094828384,0.023716999999999988
2018-12-19,0.22240183794848245,0.1828227893503608,0.06899808480654829,-0.06667600000000001
2018-12-20,0.22179586419008532,0.18266693118838298,0.08126568587455879,-0.096721
2018-12-21,0.2121207772832125,0.18263320462746524,0.16775143988499258,-0.185942
2018-12-24,0.2116910005631073,0.1829351233993825,0.0946561715704568,-0.0011420000000000319
2018-12-26,0.20982414429324486,0.17941720121640864,0.08160087445974834,-0.13099799999999995
2018-12-27,0.20716541795438775,0.17935958023981205,0.050804218934159096,-0.06832500000000002
2018-12-28,0.20502970962071637,0.17937208736414678,0.03392465894991886,-0.13038499999999997
2018-12-31,0.2043374664057068,0.17957328795187621,-0.01309002329522796,0.025374000000000008
2019-01-02,0.20310456120519058,0.1792030101102852,-0.020017887988661442,0.027969999999999995
2019-01-03,0.20261833612513164,0.1790910861742906,0.0086373596404829,0.014685999999999977
2019-01-04,0.20215525995915715,0.17959963170252077,-0.011666843911379288,-0.059387999999999996
2019-01-07,0.20202052300966208,0.17971932702873922,-0.0066699079519412785,0.04316900000000001
2019-01-08,0.2019402080941923,0.1810553507895324,-0.012255353801825242,0.03773599999999999
2019-01-09,0.20238981006531254,0.181024024004859,-0.010408153941514342,0.026314999999999977
2019-01-10,0.20222954092214704,0.18005053420178582,-0.013841184763160208,0.048668000000000045
2019-01-11,0.20153781988821823,0.18133021870198085,-0.03587390615961755,0.03822299999999995
2019-01-14,0.20132246891870706,0.18900326696110967,-0.03776529385151095,0.043567999999999996
2019-01-15,0.20114532818411,0.18889409032841575,-0.04624107336555483,0.03564200000000001
2019-01-16,0.20542059732716778,0.18888050392126152,-0.05007400979839999,0.037742
2019-01-17,0.20527827168332177,0.1956966401285359,-0.0552203777500041,0.041728000000000015
2019-01-18,0.2048077200553179,0.19824912303648362,-0.05298623930298399,0.04163599999999998
2019-01-22,0.20357210894157837,0.19671779115593413,-0.011775080229266599,0.048339999999999994
2019-01-23,0.20358463511009348,0.19752595939374393,-0.016685507017051127,0.028005999999999975
2019-01-24,0.19992496535667612,0.1966924213565618,0.030347854825042264,0.04596899999999998
2019-01-25,0.1994285648913606,0.197156586264166,0.01347558014913186,0.043389999999999984
2019-01-28,0.1983319030240506,0.1975564742439907,0.02200169884219355,0.047723000000000015
2019-01-29,0.19839344671884815,0.19765772798122067,0.030304905793034187,0.051902000000000004
2019-01-30,0.20283408458513805,0.1989020872952486,0.04693596936891614,0.03872199999999998
2019-01-31,0.20257135881307695,0.1979344317362875,0.04082706815337522,0.056576000000000015
2019-02-01,0.20381148380349368,0.19788391300196373,0.02429765119129873,0.044252000000000014
2019-02-04,0.20731062853377435,0.19643258321076867,0.029325381542405354,0.028307999999999972
2019-02-05,0.20757225115304698,0.1906843901628678,0.03422397503620456,0.03532099999999999
2019-02-06,0.20901734162864374,0.18992943105229865,0.04698673580097237,0.03193699999999999
2019-02-07,0.2064742173310796,0.18981989195703738,-0.002595134977265462,0.04628500000000002
2019-02-08,0.20450045050225746,0.187373080116806,-0.02707644983818097,0.03968000000000002
2019-02-11,0.2047278971371659,0.18796465981285437,-0.029685084008521434,0.022242000000000012
2019-02-12,0.2046318271010022,0.19461604401242188,-0.03477021555782858,0.01893900000000001
2019-02-13,0.204626902094318,0.19706448450234995,-0.0448490481728431,0.02598700000000001
2019-02-14,0.20475956519631128,0.19726616115453696,-0.031968018208393706,0.030764000000000014
2019-02-15,0.20445592588593886,0.19852896664768616,-0.035517931325251856,0.03309000000000001
2019-02-19,0.20449078782667077,0.19858447940832363,-0.02147963925031593,0.07948299999999997
2019-02-20,0.2047341865431151,0.1904831729554116,-0.039523604991644534,0.11815400000000001
2019-02-21,0.20503155635732961,0.19049162696578056,-0.0297288249268923,0.03664299999999998
2019-02-22,0.2049960139849234,0.19044131949243573,-0.03021370301469864,0.08878299999999997
2019-02-25,0.20667647889443344,0.19040023392712785,-0.003196296776073748,0.066748
2019-02-26,0.21323251387102604,0.19393489185334783,-0.008671571282203139,0.09931699999999999
2019-02-27,0.2256112168218078,0.19424437950367732,0.000606638038389895,0.042551000000000005
2019-02-28,0.22936991652612843,0.19526013741319137,0.005525370526491685,0.10218200000000002
2019-03-01,0.23362374977772862,0.19547974109631486,-0.00567563777105215,0.09418100000000001
2019-03-04,0.23388586291119198,0.19529985074171471,0.023700968374317538,0.028824999999999962
2019-03-05,0.2345524807774516,0.19524529341978006,0.032727764141523674,0.04364199999999996
2019-03-06,0.23545210190569257,0.19516195205285067,0.025033947369837606,0.04275999999999999
2019-03-07,0.23559458317150345,0.19528852135618963,0.010091387431161475,0.03187300000000001
2019-03-08,0.2359260914537145,0.19599402813990474,0.008502280594868378,0.026824000000000014
2019-03-11,0.23586468864742,0.19484861888274216,0.017837505284549415,0.03073200000000001
2019-03-12,0.23579965246996432,0.1943732283185945,0.036748850139674466,0.030319000000000013
2019-03-13,0.2361045267419829,0.19397318542255915,0.02292135982491153,0.027960999999999986
2019-03-14,0.23661988580895332,0.1939522424512679,0.024039025916622797,0.021988000000000008
2019-03-15,0.23674856158482607,0.19396428373376057,0.01829177618070743,0.03739099999999998
2019-03-18,0.2369674556613211,0.19432418343139427,0.034058595068735736,0.0343
2019-03-19,0.23685702823409882,0.19516707361342217,0.07271468889093288,0.04589800000000002
2019-03-20,0.23718000359394173,0.19508644097428562,0.05900173750054913,0.03479500000000002
2019-03-21,0.23734180889098655,0.19588684202098408,0.0611595484253219,0.038049
2019-03-22,0.23810740307942804,0.19524489849742252,0.09495881427599492,0.03671300000000002
2019-03-25,0.23939533643180486,0.1957431037676644,0.10554335769978329,0.050933000000000034
2019-03-26,0.23938237417991576,0.2002156490143998,0.09384919417588716,0.026928000000000007
2019-03-27,0.23981346171235968,0.20416485746104454,0.08181134690218828,0.04847299999999999
2019-03-28,0.2403251383623674,0.20423072837983247,0.0843882774496042,0.03340599999999999
2019-03-29,0.24031344978543184,0.20570145658294967,0.06960733562111732,0.040462
2019-04-01,0.24042588256216432,0.20578812842039296,0.07542775047463032,0.03176899999999999
2019-04-02,0.24062024148885064,0.20578690946130176,0.07117167186482226,0.040913000000000005
2019-04-03,0.240213920120315,0.20385378490712894,0.07890504279778368,0.03584699999999999
2019-04-04,0.2407326686955303,0.20484043958176776,0.08266034844677858,0.03225899999999998
2019-04-05,0.24086266286353386,0.20530465958915572,0.0681075501640244,0.03997199999999998
2019-04-08,0.24095766756422318,0.20585641311068595,0.07853546906220771,0.03581799999999999
2019-04-09,0.24138667713117687,0.20609216982618814,0.07491431823884118,0.04156700000000002
2019-04-10,0.24151261504314905,0.20734762284858232,0.07541194638064924,0.040942000000000006
2019-04-11,0.24198608853757209,0.20761201621343128,0.09156158459028543,0.02798199999999998
2019-04-12,0.24253570047228135,0.20770220800833006,0.08177427703817361,0.030861
2019-04-15,0.24327655378406426,0.20766190597979844,0.09795515798661236,0.049815000000000026
2019-04-16,0.24325601807113412,0.20759562616818045,0.08485000936564263,0.03718099999999999
2019-04-17,0.2434299040119399,0.2075675783717127,0.09213846463782385,0.028840000000000032
2019-04-18,0.23909491914284217,0.17253246697527536,-0.012408783677418295,-0.030563000000000007
2019-04-22,0.23965906839016798,0.1757447028942403,-0.02120143018672735,0.026948
2019-04-23,0.2396169875158857,0.17110130450739186,-0.02275225836048894,-0.016231999999999996
2019-04-24,0.23898562572016185,0.1745472354132703,-0.030407430579190015,0.027447
2019-04-25,0.23858421432931037,0.1871642585148362,-0.019863525384019115,0.0042300000000000115
2019-04-26,0.23858984821048207,0.17245893308950444,-0.023512588283255587,0.022718000000000016
2019-04-29,0.23883942166162359,0.171607553209883,-0.014704437406247411,0.03088000000000002
2019-04-30,0.2371656662642178,0.1657688965318781,-0.02857376307470877,0.04684200000000002
2019-05-01,0.23733830254849098,0.16646572331779438,-0.01628215353690418,0.025208000000000008
2019-05-02,0.23693612883987414,0.20719267961106702,-0.01886214315198409,0.016199999999999992
2019-05-03,0.23730503599347455,0.19258909795947948,-0.017572858646373618,0.029441999999999996
2019-05-06,0.23685531044726618,0.1999354228544295,-0.00825675308878071,0.032247
2019-05-07,0.23648378079733068,0.2070615307577891,0.006727048138690461,0.04077600000000001
2019-05-08,0.23664541546434287,0.2072340742178762,0.007397595051679778,-0.004958000000000018
2019-05-09,0.23628140034216483,0.20764647496344618,0.004804882304257407,0.032542000000000015
2019-05-10,0.23539730658619765,0.207300868001284,-0.02092561278398755,0.037563999999999986
2019-05-13,0.23594456586241008,0.2071182869157334,0.0005658607039003838,0.03515499999999999
2019-05-14,0.2348923611102243,0.207240241832193,-0.01638732974879986,0.032533000000000006
2019-05-15,0.2343943458959517,0.18824887278240754,-0.03437303106992179,0.03157399999999999
2019-05-16,0.23409812116337284,0.18751022218696559,-0.044131367758039525,0.032221
2019-05-17,0.23292930603563952,0.17423162886417567,-0.04718929461194726,0.030597999999999986
2019-05-20,0.23222160116580898,0.17973637567090803,0.001769146291226903,0.04208099999999998
2019-05-21,0.23215404905964535,0.19035826999191974,0.005279694108217714,0.041080000000000005
2019-05-22,0.23203645826363833,0.18664190836280226,0.000800483074445052,0.037081999999999976
2019-05-23,0.23368358757439428,0.17872234841566276,0.014191358089807815,0.046073
2019-05-24,0.23359768130680741,0.20640115834210213,0.016065087514432336,0.040208999999999995
2019-05-28,0.23280262234517807,0.205016840610404,0.017645282019254388,0.04268800000000003
2019-05-29,0.2329737174297207,0.20561807034633986,0.019979348785388734,0.04092599999999999
2019-05-30,0.23283941254738014,0.2053553743845401,0.02090265927712953,0.02418899999999999
2019-05-31,0.23196203190952208,0.1945735372173929,0.026745830803581533,0.05445999999999998
2019-06-03,0.2313186085887403,0.19427023654906075,0.018310608572560477,0.026846999999999982
2019-06-04,0.2312049096504876,0.19440535847125806,0.012081310962210878,0.025386999999999993
2019-06-05,0.23054482212607885,0.19433429040526384,0.01792836345525281,0.042381
2019-06-06,0.23009469191098522,0.202375494495511,0.013585473630998934,0.02973400000000001
2019-06-07,0.2299360480569049,0.20474445354281412,0.02584742971892917,-0.06877
2019-06-10,0.2295810784597,0.2047361599431147,0.022591276201473387,0.02559700000000001
2019-06-11,0.22904481654233377,0.20472899605487355,0.016218983535615156,0.023876000000000036
2019-06-12,0.22874174321319893,0.20524939328248248,0.013081725566152363,0.026433999999999985
2019-06-13,0.2288861833491071,0.2056052574028697,0.01622672922516194,0.022937000000000013
2019-06-14,0.22850526639801286,0.2002987242188212,0.01768188585853414,0.024692999999999993
2019-06-17,0.2280806028401501,0.19646709499623466,0.04332225928947375,0.018538000000000027
2019-06-18,0.22701029718409252,0.19968020910435955,0.04198549927900702,0.03117599999999998
2019-06-19,0.22674216024129948,0.2023032205093241,0.05020459507616637,0.005263000000000018
2019-06-20,0.22619658423015193,0.20531824493468845,0.04834741016400182,0.02715199999999998
2019-06-21,0.22444920420055867,0.20252036027136652,0.021636704622935987,0.03868099999999999
2019-06-24,0.2240792439538942,0.20248780682037684,0.043036959267259756,0.040490000000000026
2019-06-25,0.2233710192961716,0.19986274886241573,0.04909441047480145,0.036244
2019-06-26,0.22306640571705946,0.20256280896881051,0.06389120759904121,0.03881600000000002
2019-06-27,0.22305376272060387,0.20006780240929756,0.05628949960861179,0.038544999999999996
2019-06-28,0.22287790248800785,0.20315534928442325,0.056145390547819224,0.044694999999999985
2019-07-01,0.22289840854309612,0.20357329894551765,0.05376243495546526,0.03537900000000002
2019-07-02,0.22247495832392236,0.1980695707255635,0.02837753433388998,0.03453800000000001
2019-07-03,0.2226452898862994,0.19884215269592015,0.028065293351996923,0.034277999999999975
2019-07-05,0.2216503893489991,0.20054215234290776,0.040872718303040206,0.036480999999999986
2019-07-08,0.22176885260986567,0.20309777495201892,0.04718840776506178,0.03681599999999999
2019-07-09,0.22180700570323014,0.20339928045528974,0.04491919165370398,0.03803799999999999
2019-07-10,0.22234103205411243,0.20398025746562368,0.041274873543244106,0.03582200000000002
2019-07-11,0.22202393363954925,0.20431442885548115,0.03545390991174047,0.02895399999999998
2019-07-12,0.22220803545190376,0.20463648940448712,0.029300254815050747,0.02949199999999999
2019-07-15,0.2222366904539775,0.2031402033236932,0.03309768424195739,0.032282000000000005
2019-07-16,0.2222197294982219,0.20371482610513933,0.037068613754238394,0.029259000000000007
2019-07-17,0.22237249275684534,0.20544701950327265,0.03918191579507582,0.03170500000000001
2019-07-18,0.21727737525858506,0.16453938617192274,-0.017158604696113994,0.042641999999999985
2019-07-19,0.2163792676292242,0.1658089366057923,-0.018900654650005483,0.01582800000000001
2019-07-22,0.2162234339287873,0.17179032973206498,-0.018596486233986992,0.01647600000000002
2019-07-23,0.21581271441203287,0.1868095733468442,-0.0187741812685705,0.02018800000000001
2019-07-24,0.21563761522698308,0.19492615757302834,-0.018418336018615533,-0.010698000000000013
2019-07-25,0.21569525049420213,0.1948171066442866,-0.021166581683221303,0.022926000000000002
2019-07-26,0.21563667843871154,0.19457736590719282,-0.025291389079556165,0.021592
2019-07-29,0.21549151187690507,0.1877235031022509,-0.018799071495837927,0.013466000000000006
2019-07-30,0.21519211274108502,0.1922782884068505,-0.020135863714627444,0.024119
2019-07-31,0.21170496360998975,0.19543921100115905,-0.021449678378063525,0.0019359999999999933
2019-08-01,0.21078614143463387,0.192617856020449,-0.006473854515417488,0.01899999999999999
2019-08-02,0.20969424310341428,0.19304239802590473,-0.02321967728631022,0.029202000000000006
2019-08-05,0.20645009745278137,0.19105607690491824,0.03449303877127374,0.031289999999999984
2019-08-06,0.20646490846048782,0.19090368962414675,0.005463739136193579,0.024824999999999986
2019-08-07,0.20998035732778958,0.1908235058949066,0.00827790879320639,0.025511000000000006
2019-08-08,0.20998196766212232,0.19215748766632051,-0.03870699315701631,0.037747999999999976
2019-08-09,0.21008266575351767,0.19176440473236694,-0.03810907303540326,0.03546400000000002
2019-08-12,0.2103410578840545,0.1895893004035814,-0.030138847098151955,0.042044000000000026
2019-08-13,0.2105265171318592,0.19192029524296,-0.043933864913025894,0.022566000000000003
2019-08-14,0.2117826510139649,0.18937715982397638,-0.006890877349929048,0.03172500000000003
2019-08-15,0.21144493016499288,0.18762696797100564,-0.017410973915719802,0.039096999999999965
2019-08-16,0.21159795270063397,0.18755780254631507,-0.008873408592450172,0.036388000000000004
2019-08-19,0.2115443991833352,0.19346006915577477,-0.012775666974300104,0.025035
2019-08-20,0.21087632543641777,0.1898519843647528,-0.006430202709126809,0.024674
2019-08-21,0.211077002445206,0.19194213875535626,-0.014962465077746484,0.021811999999999998
2019-08-22,0.21184852102150278,0.1935611973439794,-0.0029547541859630544,0.018314000000000025
2019-08-23,0.21269482861338745,0.19175982867861113,0.008791134972776088,0.03151099999999998
2019-08-26,0.20629378335157078,0.19134215212741654,0.04092858382107584,0.06081399999999998
2019-08-27,0.19827838763546762,0.18908500657565877,0.02084646187668271,-0.10811399999999999
2019-08-28,0.2006685675505375,0.18868538723783326,-0.0439710131079179,-0.034789000000000014
2019-08-29,0.19881163433809457,0.18493686025832737,-0.06848231770253804,-0.06401699999999999
2019-08-30,0.20385580417999744,0.18469368000023334,-0.06505254810087824,0.02539199999999997
2019-09-03,0.20480951679417567,0.1812703889797522,-0.05089578081641721,-0.03561900000000001
2019-09-04,0.2053808150043718,0.18291340850837962,-0.04615330124921585,-0.0006819999999999604
2019-09-05,0.20800540814253074,0.18669736803994263,-0.05307829153592836,-0.00816
2019-09-06,0.21773531744291455,0.18648947004150562,-0.06365326530572563,0.008751999999999982
2019-09-09,0.22236918584971857,0.18676826022441037,-0.06048854666905795,0.021784000000000026
2019-09-10,0.22482545834720916,0.18670680500778622,-0.06210610446492393,0.026447
2019-09-11,0.2407868542892104,0.1867229501084818,-0.06575684102156548,-0.0070250000000000035
2019-09-12,0.25448955716665084,0.18695544865961453,-0.07392880288858328,0.035146999999999984
2019-09-13,0.26803476035552926,0.18691897034125587,-0.06466138213581973,0.03098899999999999
2019-09-16,0.273476249527927,0.18785061047736956,-0.04733700839312155,0.03684499999999996
2019-09-17,0.3346312891853843,0.18750712502257327,-0.044274785689944196,0.023999000000000048
2019-09-18,0.3467312885736394,0.18739328365123975,-0.03832307909600563,0.007535000000000014
2019-09-19,0.35134088311639916,0.18771099075659078,-0.0009174246654763962,0.015215000000000034
2019-09-20,0.3587722396135442,0.18951609845520576,-0.014835743869597018,0.0040859999999999785
2019-09-23,0.365503476144164,0.1896425416682784,-0.03170716343998076,0.03101799999999999
2019-09-24,0.37859627520913697,0.23247924085064597,-0.009096122471368817,-0.013870999999999967
2019-09-25,0.3819963390843152,0.21311150146493643,-0.024723553191707437,0.033070000000000044
2019-09-26,0.3861935130947063,0.20469760737302456,0.016582850351574807,0.033995
2019-09-27,0.38723708258457634,0.19806672170820896,0.040778123405342176,0.03410000000000002
2019-09-30,0.38890522360562346,0.19806530143881657,0.056531365838078634,0.033075999999999994
2019-10-01,0.3900701910389364,0.19777195737721834,0.07016068752849988,0.027932000000000012
2019-10-02,0.39226820019328484,0.19653475414404684,0.0825639573804677,0.032024
2019-10-03,0.3928858118429487,0.1951667217529733,0.07479698281390468,0.04162900000000003
2019-10-04,0.39387855119576576,0.19704944531846666,0.0730439952320433,0.03059400000000001
2019-10-07,0.39556774706276576,0.19946485749825607,0.11291534079635734,0.024829999999999963
2019-10-08,0.395691076194946,0.19653179166983967,0.10047964371892834,0.03213100000000002
2019-10-09,0.3971912654417122,0.1991152249651527,0.08466850637480258,0.03654999999999997
2019-10-10,0.3974072313617057,0.19900309218711973,0.07438051155402087,0.04961500000000002
2019-10-11,0.3980260063694821,0.19984189518650844,0.06072983192260262,0.05103200000000002
2019-10-14,0.39840702979322534,0.2010719908269033,0.061970131626012254,0.035604000000000025
2019-10-15,0.399376346424152,0.20108905262181725,0.05418750385751628,0.03772900000000001
2019-10-16,0.4001867225759782,0.20113541244434313,0.07633279430798343,0.04576199999999997
2019-10-17,0.4000557724591182,0.19624293231428752,-0.012217914223353082,0.02397200000000002
2019-10-18,0.4027911009506809,0.19606721692211307,-0.00996274518896223,0.022283999999999998
2019-10-21,0.4034970256690969,0.19989106054129188,-0.008988279768434665,0.026678000000000007
2019-10-22,0.40374878015871635,0.2013650316166773,0.0034805260660147885,0.031805
2019-10-23,0.4040129606342765,0.20213192171268385,-0.0030440624358208934,0.03320600000000001
2019-10-24,0.404282511585245,0.20303719614134083,0.010152361377961244,0.03259699999999999
2019-10-25,0.40500262811277316,0.20661026106911357,0.011539377533214157,0.02085200000000001
2019-10-28,0.4053446522213434,0.20407624911237185,0.007933204537721034,0.030893000000000004
2019-10-29,0.40733258398664846,0.21748375482740084,0.00926696604745686,0.029293999999999987
2019-10-30,0.4075200440754961,0.21693470138425777,0.007024568591190661,0.02581899999999998
2019-10-31,0.4083178015642699,0.215114710727592,0.005727662178413584,0.052718000000000015
2019-11-01,0.4088478640614447,0.21527156198168482,0.004640769672145467,0.03339500000000001
2019-11-04,0.41047591068853684,0.20639557291375601,0.01090161933176026,0.02723399999999998
2019-11-05,0.4106140539028647,0.20721303599307075,0.0063019035851204774,0.022005999999999998
2019-11-06,0.410686975029048,0.20680585602370816,0.011457699545294187,0.058425000000000005
2019-11-07,0.41077680898504615,0.2068325545963451,0.014157809057306847,0.02848300000000001
2019-11-08,0.4110022332651078,0.206860608648418,-0.0025479760073582325,0.018321000000000004
2019-11-11,0.41145048536688705,0.2069768163468204,0.0031239265445995312,0.028752
2019-11-12,0.4120706939751853,0.2070951565427168,0.005498493580308711,0.03132199999999999
2019-11-13,0.41228286714925294,0.20532996724135139,0.005393694997889609,0.029759000000000008
2019-11-14,0.41270381135892226,0.20569988592135932,0.01136159280850077,0.034411
2019-11-15,0.4130182593387163,0.2055066571755633,0.013022779573552384,0.024394
2019-11-18,0.413885253607939,0.20523340739328297,0.03886536010438582,0.03028799999999998
2019-11-19,0.41452268512775586,0.20780423213659543,0.053108988914751326,0.02993499999999999
2019-11-20,0.4138439647729848,0.20684171437813975,0.038282168457571236,0.016737000000000002
2019-11-21,0.41341265711615816,0.20750701252577963,0.042984088274545834,0.022515000000000007
2019-11-22,0.4132253452931677,0.2073893448161934,0.028478983576354644,0.03304299999999999
2019-11-25,0.41309843456169143,0.20650876526776643,0.007846138018880372,0.029797000000000018
2019-11-26,0.41336734017710314,0.207966115145777,0.0004614995392040744,0.033521999999999996
2019-11-27,0.4131546286556031,0.20859222106725822,0.004481085761652098,0.014357000000000009
2019-11-29,0.4132964409709484,0.20804055846241318,0.003290033799754788,0.016666999999999987
2019-12-02,0.4131965029499404,0.2086065098149081,0.007558279145852165,0.028498999999999997
2019-12-03,0.41333641224474793,0.20847658607935574,0.008232000584440125,0.036274
2019-12-04,0.4134642388701555,0.2668251001556817,0.004186458569528373,0.027071999999999985
2019-12-05,0.413967872588762,0.26692657803320546,0.010301441301554082,0.019145999999999996
2019-12-06,0.4140185553987627,0.2642465965879268,-0.015997941901987278,0.02557699999999999
2019-12-09,0.41415565199852394,0.26435851082928996,0.007144606031889933,0.027098999999999984
2019-12-10,0.4148150521148461,0.22366941064307444,0.003734736300502528,0.033649999999999985
2019-12-11,0.4157229098134234,0.2638815904708106,0.0017803467219116853,0.03262599999999999
2019-12-12,0.4165052143470694,0.22466879379819926,0.011059185981336178,-0.028449000000000002
2019-12-13,0.41675153190066405,0.2635775104938664,0.0005430390422455356,0.019282999999999995
2019-12-16,0.41700556843640946,0.22272434089520626,-0.002096082193034532,0.022049000000000013
2019-12-17,0.41705325168970214,0.22093364762181594,-0.004110996157927788,0.022326000000000013
2019-12-18,0.41742767186041657,0.216964892748767,-0.005183170237869211,0.022785
2019-12-19,0.41755563985680977,0.2163209633823103,-0.009664697587520615,0.029480000000000006
2019-12-20,0.41749430046545344,0.21481454912560916,0.023776881540419348,0.01532
2019-12-23,0.4178510214461104,0.21468943607202978,0.010473479215655696,0.02957599999999999
2019-12-24,0.4180185903500903,0.21517118744021818,0.021632275929990397,0.026695999999999998
2019-12-26,0.4187362435026148,0.22055435219441955,0.04770106410846167,0.027226
2019-12-27,0.41906054641454604,0.22058485658279947,0.04440922428333477,0.0348
2019-12-30,0.4191706041847122,0.21812134070604758,0.05893889031327837,0.032809000000000005
2019-12-31,0.4193152186446057,0.21408394857251625,0.06073295357330746,0.00964799999999999
2020-01-02,0.4191973984941461,0.21269800048275012,0.06997721013099065,0.02929599999999999
2020-01-03,0.41939949133436577,0.21336110954542264,0.08008542784854175,0.02762500000000001
2020-01-06,0.42096433580759524,0.21511095156573423,0.07739769053846118,0.03604099999999999
2020-01-07,0.4216558016825543,0.2157931434788643,0.0790946142843765,0.034462999999999994
2020-01-08,0.4221057699753553,0.20273240972968135,0.06965968042278003,0.039842000000000016
2020-01-09,0.42249147498618334,0.201453816068992,0.06393384748050351,0.04128399999999999
2020-01-10,0.42269351906981906,0.2948479637075135,0.06684374430028067,0.036804
2020-01-13,0.4231660032023469,0.2886375749527264,0.0725539474421307,0.03100799999999998
2020-01-14,0.4232265021469691,0.2886839175037713,0.0694462131498561,0.037745
2020-01-15,0.4232158420320848,0.29833677869099945,0.0664039718258152,0.036472000000000004
2020-01-16,0.4232992547018463,0.29532528826446797,0.07870345987364147,0.034221999999999975
2020-01-17,0.4237856420841049,0.29453891879554134,0.051741230766657015,0.02859199999999998
2020-01-21,0.4243870384641029,0.29530532183963437,0.0588818220760709,0.034087000000000006
2020-01-22,0.4254179750698189,0.2938741061709449,0.06674505954965837,0.03251999999999999
2020-01-23,0.42543073684352306,0.29070804270801825,0.08856057003401793,0.023264000000000007
2020-01-24,0.4255489406423227,0.27415508642497105,0.08358331549960712,0.03716900000000001
2020-01-27,0.42572569324731463,0.2652491196778653,0.09116847678701676,0.03298300000000001
2020-01-28,0.4259601892473547,0.26701214399043693,0.0850208378005424,0.030340000000000006
2020-01-29,0.4262211606552177,0.25081933190596506,0.08518150609646205,0.03481899999999999
2020-01-30,0.4258827030097228,0.24043426302283835,0.08948818050559909,0.04433200000000001
2020-01-31,0.4258107947186823,0.23858236179509848,0.0970090835663115,0.031598000000000015
2020-02-03,0.42559273521984675,0.2378951205622351,0.08007929615041337,0.037588999999999984
2020-02-04,0.4255625599148552,0.2320659275057291,0.08411189288051493,0.04449600000000001
2020-02-05,0.4255566727633155,0.23610347539139637,0.0933654193268213,0.06721100000000002
2020-02-06,0.42310110403150264,0.2034101514086238,0.001782746390763229,0.04276000000000002
2020-02-07,0.42307236396311293,0.18722625249735972,-0.0011258212694400527,0.04652400000000001
2020-02-10,0.42290079544670234,0.18482222425611303,-0.0037110669356775483,0.04280300000000001
2020-02-11,0.4228207196777907,0.17707305714479743,0.005914786159676222,0.03512699999999999
2020-02-12,0.4225866207070262,0.18469897248145847,0.002357784895095444,0.03151499999999999
2020-02-13,0.4220403189651575,0.18092939749990336,-0.007548910131460168,0.04190000000000002
2020-02-14,0.42200117729906983,0.1861479407074187,-0.014623278643756787,0.03226899999999999
2020-02-18,0.42214247813196004,0.2659694780353561,-0.007330088017006714,0.02735599999999999
2020-02-19,0.42217855245564606,0.2635111407903257,-0.017668984528357745,0.025213000000000013
2020-02-20,0.42196761837161806,0.255340606750827,-0.009934388634950525,0.025137999999999994
2020-02-21,0.42159764476269157,0.2396453667198852,-0.01989450581105237,0.045742000000000005
2020-02-24,0.421144962928095,0.21797008740833304,0.02115716558382047,0.06224900000000003
2020-02-25,0.4201702667088334,0.20775234101895296,0.03460148303086502,0.07393
2020-02-26,0.4200364049623761,0.20373777889923442,0.04582310916699506,0.04508399999999996
2020-02-27,0.4177416317550427,0.20098800368169806,0.1021698097467445,0.025734000000000035
2020-02-28,0.41497737650651867,0.19866245244307074,0.06689348663389044,0.08581
2020-03-02,0.4137134155662513,0.19817120799003418,0.01594057677842564,0.056916999999999995
2020-03-03,0.4109546943906058,0.20127895389795566,0.030377595292188087,0.045123000000000024
2020-03-04,0.4100371084676369,0.19923469589899723,-0.05237922523777244,0.06525399999999998
2020-03-05,0.4093669537877339,0.19970314258356522,0.04619184014335781,0.09162799999999999
2020-03-06,0.409203277682302,0.19714604311534603,0.03328798959207957,0.09112400000000004
2020-03-09,0.40445560973795597,0.19684686751411015,0.1280110155412128,0.129687
2020-03-10,0.402277758239614,0.19615373414861526,0.08282117115395027,0.133878
2020-03-11,0.4011315437396064,0.19697099516152503,0.17392265928362927,0.11563299999999999
2020-03-12,0.3918058489851976,0.21985230610410494,0.2878192974757056,0.14380000000000004
2020-03-13,0.3828820434122604,0.22131861557800334,0.11257483314009842,0.105487
2020-03-16,0.3733613204522786,0.21945478068840324,0.1781071684353942,0.11081600000000003
2020-03-17,0.36933151503100214,0.22120534728046792,0.10411902015433361,0.163817
2020-03-18,0.3151432973756733,0.16457772768582818,0.031425057971737336,0.095449
2020-03-19,0.30170538058250107,0.20116729192717,0.00793181089861994,0.19529300000000005
2020-03-20,0.2965216808445345,0.2192975439144003,-0.10033113739125521,0.08666200000000002
2020-03-23,0.2874425464067402,0.21965164874591603,-0.13862850262213045,0.133285
2020-03-24,0.27824426754403864,0.3186049766859994,-0.16662509535317793,0.11634999999999995
2020-03-25,0.26096163541934236,0.33852913669793605,-0.13196841318808472,0.10315599999999991
2020-03-26,0.25547510279488117,0.3446277816000268,-0.2440215312647992,0.10329299999999997
2020-03-27,0.24854985024445536,0.33356911341641193,-0.18067386609639824,0.029676000000000036
2020-03-30,0.24732212701218415,0.35424138177806574,-0.27961155027021933,0.0009060000000000734
2020-03-31,0.24499732100288046,0.3534036302654669,-0.3129415931607461,0.0027800000000000047
2020-04-01,0.24281675990470453,0.35968465052333903,-0.23084716956198914,0.09836299999999998
2020-04-02,0.23901837912003432,0.3825185441132924,-0.2907258345334214,0.067469
2020-04-03,0.23815975123545705,0.3830687025302078,-0.30363810692796234,0.048555000000000015
2020-04-06,0.2364804241902517,0.3691304036934574,-0.3147356154341999,0.08269300000000002
2020-04-07,0.23397546811802622,0.3804573163072072,-0.31434845989868376,0.15714399999999995
2020-04-08,0.23527612589353877,0.3831853186996556,-0.3160634541600682,0.07990199999999992
2020-04-09,0.2332099758939428,0.37439105171887577,-0.32110682190344275,0.06645599999999996
2020-04-13,0.2326643472530616,0.3569375604195779,-0.3141742336816179,0.14362099999999994
2020-04-14,0.23130486643976025,0.35814862171804923,-0.31366231305408265,0.149132
2020-04-15,0.23046270196358104,0.3707688510561087,-0.2616605358381693,0.09268999999999994
2020-04-16,0.23005788464514032,0.37348894164031404,-0.2482407718825987,0.129591
2020-04-17,0.22844422294890893,0.3797533016609921,-0.12657299706498198,0.108792
2020-04-20,0.22676313104469725,0.3726305156400097,-0.05744435549270005,0.13365100000000002
2020-04-21,0.2212264455592462,0.36872910684271815,0.0033796354107630266,0.13281600000000005
2020-04-22,0.22182385185200257,0.3667503551974075,-0.075469535201659,0.06719199999999997
2020-04-23,0.2221336908911526,0.3686216870754163,-0.01636274561707679,0.05266399999999999
2020-04-24,0.22194798960550938,0.3906189468102675,0.037580870074199135,0.044410000000000005
2020-04-27,0.22137797435859405,0.3869478883011653,-0.006725926648776193,0.06881499999999996
2020-04-28,0.22004986524287057,0.39596849417501206,0.005806424907634999,0.101331
2020-04-29,0.22025589606686652,0.2508848435205558,0.030277229383338655,0.12207600000000002
2020-04-30,0.2172675405905309,0.26539773270511813,0.08885289836138421,0.06047399999999997
2020-05-01,0.2180145485640924,0.27005797569689105,0.09184861108229742,0.06859700000000002
2020-05-04,0.21618375131627815,0.2713268607946558,0.03717328399523995,0.089053
2020-05-05,0.21579039041359946,0.2704687076928958,0.04843041474287818,0.07974900000000001
2020-05-06,0.21284526912158488,0.26875700060916996,0.03658704419284242,0.08856200000000003
2020-05-07,0.21316579722315013,0.2726046051205014,0.04929735605470764,0.083986
2020-05-08,0.21343460204910403,0.2692339377888933,0.011636829570039975,0.08040799999999998
2020-05-11,0.21359475209985201,0.26238609687110664,0.00042710898313724766,0.06708399999999998
2020-05-12,0.21323424035894004,0.2661581407951482,0.014132953775897295,0.05666899999999997
2020-05-13,0.21411907390791485,0.26597748548222844,0.02974472996933808,0.083704
2020-05-14,0.21382681571869844,0.26969608195398803,0.05270153801973798,0.09293900000000005
2020-05-15,0.21432892414028856,0.26336451967104113,0.0297090550881996,0.08596799999999999
2020-05-18,0.21379191811797715,0.2705329433672951,0.011007205771992656,0.07872499999999999
2020-05-19,0.21413205250778633,0.2724588065354245,0.007815690046515,0.083204
2020-05-20,0.21307853692675913,0.2750517856139039,0.010815259172348435,0.07390399999999997
2020-05-21,0.21242367493205624,0.27587979942149854,0.020658163437485944,0.06830799999999998
2020-05-22,0.21246158709402152,0.2759685706043703,0.017907290341295012,0.07352800000000004
2020-05-26,0.21250918740000976,0.28669885873615736,0.016158259010831066,0.07004000000000005
2020-05-27,0.21242896315919588,0.2910715243112377,0.009876697788768485,0.07782899999999998
2020-05-28,0.2126040669206335,0.30056670880834113,0.021762602226533256,0.063894
2020-05-29,0.21172772199783227,0.30211518596862996,0.025656782516295995,0.04874200000000001
2020-06-01,0.21183974821654772,0.31978680898957373,0.025717390752740654,0.05135400000000001
2020-06-02,0.21158931166879802,0.3373563557902208,0.0216948845998865,0.061544000000000015
2020-06-03,0.2118913648019884,0.3722341939698083,0.04329891457816179,0.05703699999999995
2020-06-04,0.2113311186087176,0.2622422044651801,0.02964956355119333,0.06473700000000002
2020-06-05,0.2109931492453467,0.282522559133834,0.10246322072937039,0.072054
2020-06-08,0.21020746521889874,0.30828494302390735,0.07255130490753597,0.060060999999999976
2020-06-09,0.21049981400474554,0.30891645300815107,0.08722263508883804,0.05792799999999998
2020-06-10,0.2114225643183125,0.31279815590303217,0.09441788618094618,0.042825999999999975
2020-06-11,0.21077136325467985,0.3277164798909201,0.16493428892548317,0.069683
2020-06-12,0.20913261772819633,0.3350371993504797,0.1464349448491666,0.07271899999999998
2020-06-15,0.20861545256870978,0.3172317922373079,0.11937245636365926,0.07461299999999998
2020-06-16,0.20794645456973862,0.3101538126572524,0.10516235781946917,0.07570600000000005
2020-06-17,0.20750296436504923,0.323369516909069,0.12019201923018472,0.070328
2020-06-18,0.20797193325676197,0.3451355421322521,0.12103848878316201,0.07173299999999999
2020-06-19,0.20701481642517344,0.3461905969497473,0.11889871919833897,0.02885199999999999
2020-06-22,0.20724185297605796,0.3511945537157339,0.1177540307137113,0.06295099999999998
2020-06-23,0.20777550018381788,0.3602412851522752,0.12620702379690915,0.058555000000000024
2020-06-24,0.20768978534696467,0.36908588663542236,0.15728704255756165,0.06480400000000003
2020-06-25,0.20739316360745289,0.3628786326335488,0.1451466212868136,0.067716
2020-06-26,0.20570567988004834,0.3561785793353189,0.1462488320084519,0.074235
2020-06-29,0.20566984390478066,0.3611028381528007,0.13540283062680838,0.07641900000000001
2020-06-30,0.20558979168353322,0.3613323000661944,0.12508081020919368,0.06689800000000001
2020-07-01,0.2052027356819644,0.36053361939917317,0.1360191303857927,0.06559799999999999
2020-07-02,0.20527332066583312,0.3537331376516387,0.12204909229373176,0.03540500000000002
2020-07-06,0.20726636468578116,0.3553602031286431,0.1140356403198022,0.06614899999999996
2020-07-07,0.20392737661989033,0.3108587302800979,0.09858493643686361,0.068716
2020-07-08,0.2023788086858155,0.30971384987264305,0.09758457159933981,0.06606299999999998
2020-07-09,0.200993455676665,0.30367251504010034,0.09481454393959399,0.064996
2020-07-10,0.20026127812572386,0.23672233441607726,0.09157711977422875,0.06581300000000001
2020-07-13,0.20031149754169367,0.23906464237370595,0.1205702851036356,0.05263099999999998
2020-07-14,0.20051768580609527,0.24124047673101337,0.11926774570776316,0.06864900000000002
2020-07-15,0.20051380377822794,0.23984309820618974,0.11071198100282081,0.06565499999999996
2020-07-16,0.20037678138544077,0.23947211321904502,0.10717178554267923,0.06034200000000001
2020-07-17,0.20095240805052136,0.2359081095089077,0.10728525605607603,0.093941
2020-07-20,0.20027284631526182,0.236881719620522,0.06417263099680101,0.061587999999999976
2020-07-21,0.1990303426023321,0.24163081234451372,0.043402243702782256,0.054715000000000014
2020-07-22,0.1969803152047294,0.24029742774017834,0.01765804268108373,0.05676200000000001
2020-07-23,0.19668065938380125,0.24155817420746795,0.014171073435388204,0.058575000000000016
2020-07-24,0.1960429496375594,0.23889265033966617,0.015717582464748636,0.04764400000000002
2020-07-27,0.1956086491367553,0.24250740463917567,0.0060002276982080716,0.04440399999999997
2020-07-28,0.19698257179404344,0.24750800350593963,0.019254673951186102,0.05036299999999999
2020-07-29,0.19757060358384174,0.24489618309640962,0.007539401427495318,0.04590999999999998
2020-07-30,0.1979958439024673,0.25221141000910047,0.01365921775448245,0.05113100000000001
2020-07-31,0.19805232019504648,0.2516720550778061,0.004936674802939439,0.04829800000000001
2020-08-03,0.19802086258501075,0.24470112488916768,0.015467220945202947,0.044584999999999986
2020-08-04,0.19873077878874865,0.253053354902906,0.007052577954055506,0.04896600000000001
2020-08-05,0.1995753256931688,0.25822075301821,0.028557728179064157,0.04748000000000002
2020-08-06,0.19996524140202715,0.25822942092866763,0.027761220681680354,0.04536399999999999
2020-08-07,0.2001615079709965,0.28206944178977167,0.025805488601760462,0.046848
2020-08-10,0.20023946653009617,0.2791237850892029,0.03894161218773415,0.05216100000000001
2020-08-11,0.20161805448040207,0.28329864466044136,0.052156855979560546,0.043616000000000016
2020-08-12,0.20178647978116385,0.29803728248326006,0.04092688023632368,0.037076000000000026
2020-08-13,0.20171292969052748,0.2788643482324779,0.048071514489661266,0.038852
2020-08-14,0.2016293684106387,0.21702117818934322,0.03652129606478993,0.039884
2020-08-17,0.2014196947392529,0.22083364801121996,0.045244825237152925,0.02842799999999998
2020-08-18,0.20123402839098162,0.21953394420180314,0.030754041888500255,0.040674000000000016
2020-08-19,0.20117026881271913,0.22054862339960188,0.05211690930603549,0.03041100000000002
2020-08-20,0.20166469128774359,0.21928514393643642,0.05039276214487204,0.03276399999999999
2020-08-21,0.2015621682307601,0.22017587651269288,0.052932571540524304,0.029001
2020-08-24,0.20170298119590999,0.22796599365203574,0.03858136951338831,0.031839000000000006
2020-08-25,0.20199594630283726,0.2278661139747869,0.040789982254371915,0.031753
2020-08-26,0.2023552774561147,0.23342185322401685,0.05070270836034749,0.030069000000000012
2020-08-27,0.20224742873247806,0.2375440745456772,0.06543317817498792,0.041488000000000025
2020-08-28,0.20193549413379736,0.23548262206352033,0.05879964828194817,0.033576999999999996
2020-08-31,0.20231963844195028,0.22757085833303858,0.08588131372638447,0.025723999999999997
2020-09-01,0.2039333711368973,0.22361508568527277,0.0857590340457724,0.030208000000000013
2020-09-02,0.20426415187131652,0.24044682224809838,0.09673686556525735,0.02853900000000001
2020-09-03,0.2024286558159433,0.22804235814529664,0.14194210921999356,0.060897000000000034
2020-09-04,0.20163864675032292,0.22927706303677914,0.12051277375906197,0.029772999999999994
2020-09-08,0.20137297721103295,0.23071946910351704,0.1374580576623721,0.01546599999999998
2020-09-09,0.20081790954125867,0.24281725295310277,0.08211878945201148,0.03665499999999999
2020-09-10,0.20026113475040602,0.2415386731802443,0.07605753521942463,0.035107
2020-09-11,0.20023239193908898,0.24257761621358498,0.05299790185937331,0.043698000000000015
2020-09-14,0.19978972920149302,0.24200364942589095,0.06268817865279677,0.027365000000000028
2020-09-15,0.1997957291783823,0.23957561354570964,0.05614202945302149,0.033262000000000014
2020-09-16,0.20029958468869155,0.23907414679532168,0.06841522012973714,0.027758999999999978
2020-09-17,0.20031463521515755,0.22851351961693978,0.08095554347182751,0.028917000000000026
2020-09-18,0.20016271336101094,0.22396911446361317,0.08061537578026956,0.023280999999999996
2020-09-21,0.19913705485763872,0.2063196720451303,0.059401714843713566,0.03434999999999999
2020-09-22,0.19871921422273903,0.20735675466667092,0.06610715344489052,0.03721799999999997
2020-09-23,0.19765736043362794,0.22080947670676496,0.07881621568810107,0.040181999999999995
2020-09-24,0.19712019342464313,0.2215818150573467,0.0719059769398662,0.043464999999999976
2020-09-25,0.19724633039924036,0.21956522798140207,0.07829637186428737,0.04206500000000002
2020-09-28,0.19700397971673161,0.21914424367006533,0.07931745172258325,0.05290699999999998
2020-09-29,0.19636669968012582,0.21855248892107262,0.09747651313741562,0.03929699999999997
2020-09-30,0.19681120131740273,0.21915629370534628,0.09456861981508644,0.03542600000000001
2020-10-01,0.19619715003803156,0.2139770045298828,0.08514883177220775,0.043862999999999985
2020-10-02,0.19577755062505878,0.2147813279548822,0.09389972954871503,0.040690000000000004
2020-10-05,0.1956496005569774,0.2185249220969931,0.09849941771444007,0.04794300000000001
2020-10-06,0.19531386362959183,0.22302758627436753,0.11280217176475268,0.04368099999999997
2020-10-07,0.19302970229985214,0.222134930240922,0.13623445598250447,0.06415599999999999
2020-10-08,0.19241662162244935,0.21968095484349123,0.10342980526163939,0.053827000000000014
2020-10-09,0.19216310144842041,0.21891719575101842,0.09720444874674747,0.054147
2020-10-12,0.19187833062860016,0.22046598717041152,0.09530965644783301,0.05689899999999998
2020-10-13,0.19131895516468148,0.221104840184036,0.09920414566463126,0.05413899999999999
2020-10-14,0.18991502427310383,0.22199598305175866,0.0851793848671907,0.055720999999999965
2020-10-15,0.1900508543802952,0.2228648682129637,0.0942788884480455,0.05307199999999995
2020-10-16,0.19375901306474524,0.22088430177169768,0.08129463898001615,0.04860500000000001
2020-10-19,0.19376827015999487,0.22002744045778877,0.0993523179086549,0.04807600000000001
2020-10-20,0.19151904867227784,0.21995955871149991,0.1315195306087657,0.01468999999999998
2020-10-21,0.19064445945503197,0.2166498239876723,0.07007781089703943,0.03858400000000001
2020-10-22,0.1902006497262215,0.22018741608975514,0.05779165710672207,0.04617100000000002
2020-10-23,0.19003509773691746,0.22019623934954805,0.07035133973208374,0.051607000000000014
2020-10-26,0.18971113877686008,0.20847739443585614,0.07688147150671557,0.05042000000000002
2020-10-27,0.18895558280899835,0.20896894964176913,0.08874063737532042,0.03509100000000004
2020-10-28,0.18787814429366095,0.21134504970273996,0.12900299527717363,0.05109399999999997
2020-10-29,0.18622346339313298,0.2099255432814772,0.09990098380482937,0.03318199999999999
2020-10-30,0.18635969530847638,0.20978647301335873,0.09373451847924388,0.051931000000000005
2020-11-02,0.18564215287436797,0.20807221464297126,0.08684759215753798,0.05260900000000002
2020-11-03,0.1850191268938459,0.20771733594665243,0.08709597448662318,0.041136000000000006
2020-11-04,0.18394371035996945,0.20885306561066022,0.0420939565423418,0.04618999999999995
2020-11-05,0.18334193717647887,0.20708943947073905,0.04618454710265277,0.04175000000000004
2020-11-06,0.1833332949510456,0.20831975108410478,0.03833576842202768,0.03858900000000001
2020-11-09,0.18279231609981098,0.20537388810462573,0.019206020491295994,0.03442400000000001
2020-11-10,0.1811925331533181,0.20792202484026448,0.0265688178245706,0.04015799999999997
2020-11-11,0.1801159361637039,0.20709593658166575,0.007350236471582894,0.04112200000000002
2020-11-12,0.1790861827391367,0.20980854785053363,0.015326105277620128,0.04631899999999997
2020-11-13,0.1787748843543286,0.20919404068881012,0.006002753647186165,0.040967
2020-11-16,0.17774915142270498,0.2127655914254825,-0.0035058380329924532,0.041708999999999996
2020-11-17,0.17729228781825956,0.21350692854396727,0.005554412498680189,0.04181900000000002
2020-11-18,0.17664331473203695,0.2127209013615068,0.012235346620919824,0.03786000000000003
2020-11-19,0.1762730679883494,0.21108758005639738,0.0057991772781565976,0.04382100000000003
2020-11-20,0.1765514333734272,0.2119911440656336,0.013772362219374973,0.037992
2020-11-23,0.17629493307651797,0.21098030192873354,-0.003050535718506747,0.042682
2020-11-24,0.17627582484805285,0.2120887374270017,-0.009212030128091991,0.044176999999999994
2020-11-25,0.1759458004282908,0.21297676399063176,0.015443122085241345,0.03668199999999999
2020-11-27,0.1756915935571385,0.21340863043049133,0.013878992678075908,0.039709999999999995
2020-11-30,0.17571487799237379,0.21522084464558214,0.028573299035315997,0.04231900000000002
2020-12-01,0.1754242255834761,0.19710904310759014,0.028681049038287443,0.04073099999999999
2020-12-02,0.17521075338141393,0.20086313028510572,0.021783476861324896,0.04564699999999999
2020-12-03,0.17497237558849194,0.20212901065009015,0.023206323832847986,0.03888799999999998
2020-12-04,0.1753323953436262,0.20784469625575108,0.04624019854572431,0.01997500000000002
2020-12-07,0.17471125041286378,0.2110512722226494,0.0530566996134835,0.05924200000000002
2020-12-08,0.17323883888350072,0.20367555721604552,0.05016300655663783,0.02449800000000002
2020-12-09,0.17221251540828592,0.19575582597881994,0.05199256144819989,0.01882600000000001
2020-12-10,0.1722297921948149,0.20230404288672826,0.051328860734149884,0.040628000000000025
2020-12-11,0.17094708799349267,0.2033173858154591,0.05192734229089083,0.04220099999999999
2020-12-14,0.17107766581218545,0.20228711654608408,0.06542891119145941,0.032357000000000025
2020-12-15,0.17100245190475372,0.20130100659939926,0.055315829613487216,0.03478600000000001
2020-12-16,0.1706542014203024,0.20430557839129926,0.06414017819731696,0.024960999999999983
2020-12-17,0.1705633162959908,0.20197670160701164,0.046727119020477687,0.040023999999999976
2020-12-18,0.1700740102926566,0.2026654272440046,0.06879364284619191,0.017937999999999982
2020-12-21,0.16912486736188345,0.2046708269659876,0.06251634827139285,0.04117900000000002
2020-12-22,0.16844786825521252,0.2086260497812532,0.06011528189894094,0.03788
2020-12-23,0.16831806947738495,0.21668309254853121,0.0666670869953663,0.02533200000000002
2020-12-24,0.16840015097622582,0.2162991240514576,0.06227548469192162,0.035655999999999965
2020-12-28,0.16789437814583166,0.21802501248099032,0.058518288694506926,0.038066000000000016
2020-12-29,0.16763368139144394,0.2225662529005759,0.06717015783949667,0.03586100000000003
2020-12-30,0.16777917160802566,0.22161730936888602,0.06665119028063454,0.03418400000000002
2020-12-31,0.16738234592517978,0.22418207390231654,0.067184864917464,0.03842000000000001
2021-01-04,0.16460524812354052,0.22165157664185056,0.08133463394449852,0.03950500000000001
2021-01-05,0.16413665828216636,0.21888679110353257,0.0719493372356464,0.04382100000000003
2021-01-06,0.16370964119884274,0.2169736132753809,0.06824934588880008,0.041830000000000006
2021-01-07,0.16375389226165454,0.18508906298674355,0.07308458417218155,0.030137000000000025
2021-01-08,0.16344329632305363,0.186363258296368,0.08155611648136948,0.03345499999999996
2021-01-11,0.16279254232174944,0.18466689142028297,0.09240045941582362,0.04231999999999997
2021-01-12,0.16123096128447406,0.19859914552491426,0.09553441763687068,0.03278900000000001
2021-01-13,0.1609916579846665,0.20003577934814462,0.09429829506020881,0.03621099999999999
2021-01-14,0.1606713112133497,0.20331639814977387,0.10106180706834159,0.047539
2021-01-15,0.1609016893201905,0.20248070769287788,0.08815118045564285,0.03978300000000001
2021-01-19,0.16274778594232314,0.1873706347274788,0.08478274912646597,0.043322999999999945
2021-01-20,0.1629102595106283,0.1877269080525089,0.08939848331943145,0.028588000000000002
2021-01-21,0.16314753197037526,0.20620217276872493,0.09005610191477342,0.02639199999999997
2021-01-22,0.16338069812106584,0.21486103578603083,0.1006465460876726,0.02604899999999999
2021-01-25,0.16302992813176165,0.21016767771776726,0.108074664894379,0.04292499999999999
2021-01-26,0.16305023873921054,0.19318949645125896,0.11706834706469074,0.04094500000000001
2021-01-27,0.16062365784364807,0.2261949257136643,0.1611589930688868,0.044032000000000016
2021-01-28,0.15929700509322525,0.21331977484731918,0.12994965478429502,0.02015800000000001
2021-01-29,0.1585810306760203,0.22337022593499142,0.12423408027256294,0.02469100000000002
2021-02-01,0.15842689706945823,0.22053537958322725,0.09862174226536563,0.038727999999999985
2021-02-02,0.15846803333339218,0.21935295624648446,0.0941122551514367,0.008339999999999959
2021-02-03,0.15758186703136612,0.22036019539101348,0.12647271101396299,0.011745000000000005
2021-02-04,0.1561983540423149,0.1891525774568215,0.0436661272658839,0.028990000000000016
2021-02-05,0.15565991282470876,0.19034880441120575,0.041405185287910484,0.04606099999999996
2021-02-08,0.15516997204845404,0.19039612554975072,0.036212923883113646,0.03535000000000002
2021-02-09,0.15527681022556528,0.18914931835666451,0.050710711546568005,-0.012872999999999968
2021-02-10,0.1526299379702755,0.19164837162175144,0.05184804178691074,0.027200000000000002
2021-02-11,0.15211472575881632,0.19221705907596648,0.0418514127254547,0.032280999999999976
2021-02-12,0.15238097976760712,0.17863462335255878,0.039579912676063644,0.042770999999999976
2021-02-16,0.15227698997302433,0.1832466270745,0.03955314024576839,0.03037799999999999
2021-02-17,0.15211147313712012,0.1854636957994743,0.044342044666328406,0.04259599999999997
2021-02-18,0.15216794959337598,0.18666625505713072,0.04879416619723409,0.03706099999999998
2021-02-19,0.15224010280804517,0.1875032596724386,0.04538243410459428,0.040235999999999994
2021-02-22,0.1516446436609275,0.186728571172693,0.04546690336876755,0.034446000000000004
2021-02-23,0.15138825430276015,0.18701786131116022,0.05131812106113409,0.03240600000000002
2021-02-24,0.15050436404608586,0.18772256748361763,0.0356487340443237,0.03151899999999999
2021-02-25,0.15020502221963705,0.18347167418905375,0.05324911082092798,0.046955000000000024
2021-02-26,0.14871732653381078,0.1839547572561869,0.0920031519957133,-0.0015180000000000193
2021-03-01,0.14775531046929058,0.18479921142963213,0.0665653653811675,0.026761000000000035
2021-03-02,0.14755286789727556,0.18427343542788777,0.054204373769460135,0.017279000000000044
2021-03-03,0.1470125790582345,0.1838351557930153,0.06486161146713723,0.03238899999999997
2021-03-04,0.14489490875172376,0.18263149201073778,0.03777993195944787,0.03342400000000001
2021-03-05,0.1439109018370576,0.17456441323666091,0.05761057203540748,-0.014851999999999976
2021-03-08,0.14310732315261412,0.1795946733353433,0.0754435495924877,0.02162900000000001
2021-03-09,0.1426223105179685,0.17351991564860944,0.04755159346670956,0.041014999999999996
2021-03-10,0.14379992700214217,0.1698099931596709,0.04444130309964053,-0.0017619999999999858
2021-03-11,0.1433917419469947,0.18183356649556687,0.042574981821150354,0.02693200000000001
2021-03-12,0.14420293358727623,0.1789391660322029,0.05960052529880036,0.032575999999999994
2021-03-15,0.14488826442268898,0.18140778094605756,0.06824671772006832,0.015751999999999988
2021-03-16,0.14509160976693805,0.17838067771556074,0.047921227682919676,0.007085999999999981
2021-03-17,0.1452778458330747,0.16808052715613664,0.05409361764164655,0.031274000000000024
2021-03-18,0.1447143785337689,0.16668935230385107,0.06109442745799071,0.03765300000000002
2021-03-19,0.1440932937926446,0.16061226136246592,0.04590328928248427,0.049648
2021-03-22,0.14381847064476128,0.1558399873080428,0.02656189487151403,0.018772999999999984
2021-03-23,0.1440459937648395,0.1573076393207943,0.0422426734590228,0.03616400000000003
2021-03-24,0.143220733771565,0.15777966212786743,0.038745603412963875,0.025030000000000024
2021-03-25,0.14337488578602542,0.1574993846677896,0.04411360425039454,0.022244999999999987
2021-03-26,0.14182669481853682,0.15786118951132694,0.020614179261781468,0.03135099999999999
2021-03-29,0.1416758576048824,0.15885746942596052,0.06943281136540563,0.06254500000000002
2021-03-30,0.1420079562866461,0.15730320569357362,0.049579189817120506,0.03190799999999999
2021-03-31,0.14230790488668393,0.15661005610088985,0.05519173288821355,0.0065950000000000175
2021-04-01,0.14471723125149205,0.15816259102091565,0.04394797080524171,0.022205000000000003
2021-04-05,0.14494147479672123,0.157596297239096,0.05004430654850209,0.012653999999999999
2021-04-06,0.14500736486834412,0.15839016076302934,0.046531677736297156,0.02365500000000001
2021-04-07,0.14483972318013544,0.15816601585086948,0.048234580516831854,0.022214999999999985
2021-04-08,0.14514250593669462,0.15930761525554546,0.053218113799607863,0.019343
2021-04-09,0.1461148671852389,0.1587351960021574,0.05122724564142858,0.025795999999999986
2021-04-12,0.14612259565892227,0.15841003214166907,0.06812215266808447,0.018704
2021-04-13,0.14610852109250996,0.15959749470558632,0.06969157681717719,0.025613999999999998
2021-04-14,0.14615869555800845,0.16004911403007024,0.07976124785624272,0.015531000000000017
2021-04-15,0.14685080316807725,0.15984643944001292,0.0672511695099339,0.008947999999999984
2021-04-16,0.14719002765494704,0.15943074879109617,0.06307966226663211,0.021314
2021-04-19,0.1471967252146123,0.1617872530908473,0.09157820092962321,0.05934400000000001
2021-04-20,0.14241832864205195,0.15815225000374802,0.025127838345797016,-0.02293300000000001
2021-04-21,0.14258728339399582,0.15948284543475832,0.015433154139182559,0.015293000000000001
2021-04-22,0.14314157238231656,0.15698202312108747,0.02717353980075604,0.01689899999999997
2021-04-23,0.14304463726256378,0.15689478605634666,0.018986448465554945,0.026629999999999987
2021-04-26,0.1431871433829303,0.15680957721635252,0.01853054821725411,0.026146000000000003
2021-04-27,0.14337488760474473,0.15132370209677037,0.02784519634580651,0.022971999999999992
2021-04-28,0.14343646953027261,0.15106253525814323,0.028580708549797246,0.0032009999999999816
2021-04-29,0.14349293111811337,0.15143023768494435,0.030929596009856147,0.018458000000000002
2021-04-30,0.14340976276746367,0.151767969748217,0.02843300628716333,0.019497000000000014
2021-05-03,0.14344065592309618,0.15215400024117934,0.031336562415730185,0.014021000000000006
2021-05-04,0.14281926532799444,0.1540361437028379,0.04053988585227966,0.017663999999999985
2021-05-05,0.14323752231601697,0.1525818389854016,0.034695231122675446,-0.005471000000000004
2021-05-06,0.14324802918533128,0.15347036180209908,0.030009895570560052,0.011218999999999979
2021-05-07,0.14328131177258877,0.15157344653167754,0.027887337201745965,0.012426999999999994
2021-05-10,0.1434285624715828,0.1511435456676125,0.05395981054860549,-0.022527999999999992
2021-05-11,0.14320224602311862,0.15174502476750268,0.04922805103778283,0.033389
2021-05-12,0.14380939199792928,0.15514618872934943,0.07576312603701749,0.028522999999999965
2021-05-13,0.14303555433883045,0.15434603784255868,0.05828516889400051,0.011427999999999994
2021-05-14,0.14293069425993382,0.15405815644623783,0.04128603873592018,0.00972400000000001
2021-05-17,0.14314942409909204,0.15419542853882,0.04873021832240537,0.01249900000000001
2021-05-18,0.14304962793350295,0.1544213890338171,0.04293433327038648,0.02226800000000001
2021-05-19,0.14340275839347874,0.1548396670978404,0.0750512920271029,0.006351999999999969
2021-05-20,0.14313302412058618,0.1545512367913357,0.0629052134387959,0.023908000000000013
2021-05-21,0.14404468352427427,0.15461338513870865,0.06186797024162641,0.028055999999999998
2021-05-24,0.14523910302350734,0.15439532247277732,0.0485602214220843,0.015953999999999996
2021-05-25,0.1463156159606404,0.15511935421256604,0.05179028256115428,0.021965999999999986
2021-05-26,0.1463430811267372,0.15443572450166432,0.05378356662892966,-0.0021639999999999993
2021-05-27,0.14664874329401295,0.15318378594833673,0.04446653450684818,-0.006972000000000006
2021-05-28,0.1467911505750382,0.15254667604214897,0.04591159473467096,-0.019506999999999997
2021-06-01,0.14795478923123842,0.15175304503399167,0.04657230379925256,-0.043789999999999996
2021-06-02,0.1484131650269741,0.15046894206925562,0.06194403999704265,-0.07347000000000001
2021-06-03,0.15002426013606998,0.15022124712035234,0.051368396595874916,-0.046128
2021-06-04,0.15090423122779406,0.1512551327124203,0.059006994785566536,-0.05690999999999999
2021-06-07,0.15153799161244358,0.15053497600966043,0.04114139240125356,-0.038275
2021-06-08,0.15107698676422154,0.15232925095431954,0.04579811202157527,0.009561000000000014
2021-06-09,0.15195064760564977,0.15417729148071582,0.06344120913068388,-0.003144000000000008
2021-06-10,0.15248867579268832,0.15260231758197593,0.049318292841764144,-0.03991
2021-06-11,0.1526293894420142,0.15303562061287057,0.04407368970767439,0.00952
2021-06-14,0.15213917969170124,0.15215946266816266,0.05624004778258271,0.010838999999999988
2021-06-15,0.15366770452032302,0.15226834283352453,0.06284960595206135,0.006144999999999984
2021-06-16,0.15447237258441826,0.153079892722388,0.07360486413016565,-0.04236399999999996
2021-06-17,0.15473431462996684,0.1548480699994533,0.07411278383948047,-0.046709
2021-06-18,0.1543876850723036,0.15795176000426833,0.08218212280417078,0.025977
2021-06-21,0.15516753657809063,0.157003037832712,0.06934697013097013,0.03395000000000001
2021-06-22,0.15542146468158038,0.15610516204435326,0.07149501259694505,0.012687000000000004
2021-06-23,0.15548265230582156,0.15626362935226268,0.07971401586595522,0.0009490000000000054
2021-06-24,0.15566522170523286,0.156291766777815,0.08777169729059126,0.005461000000000021
2021-06-25,0.15587585261219158,0.15312153924768904,0.07778150691328466,-0.021193999999999963
2021-06-28,0.15588421667919386,0.1556970123587693,0.09154583890026856,0.005325999999999997
2021-06-29,0.1556583855720668,0.15611682803459717,0.08927041122018356,0.014477000000000018
2021-06-30,0.15562063947128466,0.15801069987145386,0.09229501135151547,0.028998999999999997
2021-07-01,0.15525438186046,0.15613932992238885,0.08244625453482052,0.016703999999999997
2021-07-02,0.15535583038735656,0.15760205720047932,0.08258413581372381,5.1999999999996493e-05
2021-07-06,0.1550812603155825,0.165149130447768,0.09804086782581103,0.019151
2021-07-07,0.15544534459793272,0.16647238724935537,0.09043862680036541,0.019712000000000007
2021-07-08,0.15605647072922527,0.16708465249465035,0.1020933274183796,0.02516300000000002
2021-07-09,0.15627322784138817,0.16561422191979217,0.08881114182216096,0.013904
2021-07-12,0.15740395056361492,0.16510852658481992,0.09678223423441779,0.011706999999999995
2021-07-13,0.15783264112704565,0.16223522707003085,0.09305156891640319,-0.04194800000000001
2021-07-14,0.15839060794691265,0.16513650510200292,0.09193499454843504,0.030929000000000012
2021-07-15,0.15917232129902076,0.16563509774931595,0.0961926636002403,0.030326999999999993
2021-07-16,0.15939511809131734,0.1665942640630133,0.11136434648275856,-0.003510000000000013
2021-07-19,0.15897292002872296,0.2022198568421145,0.10966265267109836,0.015059000000000017
2021-07-20,0.1569698113954092,0.18267482784841835,0.047619486312539705,0.017268000000000006
2021-07-21,0.1565601554315512,0.1624902969461767,0.030731536141163945,0.0004919999999999924
2021-07-22,0.1571340230876848,0.1625654895445365,0.03649299945340437,0.008810000000000012
2021-07-23,0.15718590211830918,0.16190599717810872,0.022006860040218373,0.018922000000000022
2021-07-26,0.16150454978398007,0.16224780644169082,0.03027961951995231,0.010885000000000006
2021-07-27,0.16536128051552454,0.1629177580731375,0.029557093119085914,0.03125899999999998
2021-07-28,0.16665895092706795,0.16158581579300604,0.023375609638076805,-0.010431000000000024
2021-07-29,0.1671999503037772,0.16132981645934827,0.01583933705166035,-0.014662000000000008
2021-07-30,0.16793594887080102,0.16335125911847784,0.0207925169548151,0.026620000000000005
2021-08-02,0.16761172693567478,0.19150961954823498,0.024196995759943635,0.01812999999999998
2021-08-03,0.1679000040315386,0.19058140700851828,0.021865162985507614,0.010163000000000005
2021-08-04,0.1676385609202019,0.19036154595659116,0.029643875156216276,0.01533000000000001
2021-08-05,0.16774014105564117,0.16371669657465143,0.020407557740515836,-0.010222000000000009
2021-08-06,0.16828119711501593,0.1621864241406151,0.027917610222185862,-0.017776000000000014
2021-08-09,0.1686118044455279,0.16124214272747944,0.022212496136036125,-0.050621
2021-08-10,0.16828114939807468,0.1609157227799774,0.018807746128095965,-0.028929999999999956
2021-08-11,0.16834064524556352,0.1607319883225578,0.024393229303122793,-0.01696599999999998
2021-08-12,0.16972988130913408,0.16485816885251656,0.025342070151696455,-0.030403000000000013
2021-08-13,0.17090632942429837,0.1646644532533781,0.018896082402245523,-0.032391
2021-08-16,0.17106207059343362,0.16494058815707835,0.02677787213067731,-0.015826000000000007
2021-08-17,0.17120709606149276,0.16393567495187522,0.031417016038836454,-0.037204000000000015
2021-08-18,0.1718678843561973,0.16384364579049499,0.05783523229801066,-0.034260999999999986
2021-08-19,0.1717708212452825,0.1645797909312573,0.07118966561430226,-0.007457000000000019
2021-08-20,0.17183819059938654,0.16543092509940135,0.07973316053272711,-0.02029600000000001
2021-08-23,0.1737020874975138,0.1637091476162226,0.047654124211064575,-0.015805999999999987
2021-08-24,0.17374442289306627,0.16340333064907459,0.04422509012209924,0.008448000000000011
2021-08-25,0.1779737701750949,0.16389957328642538,0.045171919971905866,-0.06160199999999996
2021-08-26,0.17890122044669438,0.1644855466694558,0.05275574448336012,-0.037499000000000005
2021-08-27,0.18037754380768178,0.16491102786770742,0.04459720698485847,0.01547800000000002
2021-08-30,0.1808365278611919,0.16504751931942432,0.036212522599744695,-0.05578999999999998
2021-08-31,0.18198170170630573,0.16513043888315324,0.04946555847551365,-0.029380000000000017
2021-09-01,0.18196822556452602,0.16496570439838765,0.04653773432454643,0.008125000000000049
2021-09-02,0.18229204734245652,0.16414369693584893,0.029893348507420744,0.01649700000000001
2021-09-03,0.18594622083910253,0.1642366945053913,0.03838670951088213,-0.011148000000000019
2021-09-07,0.18955496552294346,0.16462775887734227,0.07249495470133972,-0.013385000000000008
2021-09-08,0.1894923275094301,0.16637148090471432,0.08545663315521973,-0.006412000000000029
2021-09-09,0.1903368862699218,0.16511437941984564,0.07241308000106184,-0.025063000000000002
2021-09-10,0.19087410500711258,0.1648004628267264,0.07272417714833082,-0.02397699999999997
2021-09-13,0.19147094766988282,0.1656455222867245,0.07012282786381438,-0.008178000000000019
2021-09-14,0.19243951301956003,0.16574847886284216,0.07674199857187863,-0.008443000000000034
2021-09-15,0.19272390852618204,0.16373652338326922,0.040134466488662146,-0.05449200000000001
2021-09-16,0.19214644475259215,0.165572490713875,0.06069832156879193,-0.028529999999999972
2021-09-17,0.19256524724796847,0.17208657280381495,0.060027170216441356,0.011440000000000006
2021-09-20,0.1927512555461744,0.17406961590610504,0.08398405630818678,0.026204000000000005
2021-09-21,0.19299558582330342,0.1766021654305469,0.08725544065667623,-0.017111000000000043
2021-09-22,0.19351871791528302,0.17631088371796402,0.06207078698973578,-0.025462999999999958
2021-09-23,0.19360347721309518,0.1601761814130525,0.047881607593075554,-0.008581000000000005
2021-09-24,0.19369505790126396,0.15553929610869147,0.05382659753645164,-0.03762399999999999
2021-09-27,0.19468884971004202,0.15569816311139312,0.06293412840855839,0.0008039999999999714
2021-09-28,0.19391806600490447,0.15429832429285156,0.09868421924940446,-0.006506000000000012
2021-09-29,0.1939617812968272,0.155086624659499,0.0765794206870361,0.021832000000000018
2021-09-30,0.19170867555593502,0.15564369799465638,0.09466205032213912,-0.02232400000000001
2021-10-01,0.19213124985520855,0.15609196918142879,0.0829239847199578,-0.004112999999999978
2021-10-04,0.191836402061302,0.15638706476254485,0.0850604850988815,-0.009655999999999998
2021-10-05,0.19218031341865321,0.1527673118524241,0.0729758930559552,0.024563
2021-10-06,0.1940590152488964,0.15410131797827167,0.07282086982491129,-0.04133699999999996
2021-10-07,0.19371699460991373,0.15240372015972867,0.061874335045891626,0.025437000000000043
2021-10-08,0.19376133546004584,0.1518254312179585,0.07609450637863124,-0.00046999999999997044
2021-10-11,0.19463856988674622,0.1511451755480534,0.06387160605700895,0.01377600000000001
2021-10-12,0.1947854647319727,0.15207267720538722,0.07487898635687493,-0.056047000000000013
2021-10-13,0.19412579267133223,0.15193789686498815,0.07215891504626493,-0.03767799999999999
2021-10-14,0.19382442689454013,0.15373157692149442,0.05832506198194323,0.002705000000000013
2021-10-15,0.19373685049509218,0.15087456529688079,0.0620121072388585,-0.008950999999999987
2021-10-18,0.19397716794922842,0.15050007439359156,0.03733831809175539,-0.042030999999999985
2021-10-19,0.19360261806632953,0.14860563830497533,0.010486128444087611,-0.016333000000000014
2021-10-20,0.1958600484448464,0.14882565393244174,0.007130272016646261,-0.005027000000000004
2021-10-21,0.19619185599453168,0.14960335732271982,0.004370469116444481,0.01616999999999999
2021-10-22,0.19733142194745917,0.17608207300859494,0.012021189728519316,0.007393000000000011
2021-10-25,0.19740378224208224,0.17599202997783084,0.009670831265052693,0.028980000000000006
2021-10-26,0.1974007469928727,0.17801602354676357,0.023349445799202034,-0.010463
2021-10-27,0.19808353730304123,0.1765674066953077,0.014662851804790544,0.018641999999999992
2021-10-28,0.19905634820590076,0.17723967480265923,0.01175463251159889,-0.017986000000000002
2021-10-29,0.20311055234531186,0.17443723232807926,0.0387774031766302,0.002148000000000011
2021-11-01,0.20416538870678547,0.1725677340133002,0.044765311242657285,0.012081000000000008
2021-11-02,0.2042677453295196,0.17033380218875888,0.040298266433952595,0.014616999999999991
2021-11-03,0.20536631737490374,0.17195534651855443,0.03706888238644013,0.004866000000000009
2021-11-04,0.2057481472568158,0.17170719886495434,0.041728845291174516,0.02939999999999998
2021-11-05,0.21029834369647307,0.176911754189356,0.058045732909647124,-0.020759
2021-11-08,0.21111864486644683,0.1750062365819694,0.0662441944223697,0.026147000000000004
2021-11-09,0.21356776999043942,0.17837412058974755,0.054306908772251444,-0.006395000000000012
2021-11-10,0.21589198720495548,0.1726700000016195,0.0536157139905683,0.011270000000000002
2021-11-11,0.21645560104883405,0.17154942752170907,0.05049922944936236,0.019376000000000004
2021-11-12,0.21709581422716553,0.1719602501928871,0.0630954671328186,0.016708
2021-11-15,0.21738909743140508,0.1731323562101266,0.06280715166541359,-0.007434999999999997
2021-11-16,0.2173600420867311,0.17166553953831015,0.06899226790073842,-0.005604999999999999
2021-11-17,0.2199129016083529,0.17087383473901174,0.06809520831783583,0.0015159999999999896
2021-11-18,0.21989800260899128,0.17069788880735595,0.06317212400996547,0.02498800000000001
2021-11-19,0.22238953286651855,0.16490990499726826,0.053020046731034776,0.003047999999999995
2021-11-22,0.22198753095353232,0.1759804237853537,0.057579752123144645,0.004390999999999978
2021-11-23,0.2241065301169172,0.16693101367554877,0.060461705680080885,-0.005352999999999969
2021-11-24,0.22394858900522932,0.16658675682729426,0.048683791100224444,-0.050744999999999985
2021-11-26,0.22472118646823852,0.1600615221528001,0.07827765286695523,0.029411999999999994
2021-11-29,0.22461579952711824,0.19919747543371133,0.0342264381499969,-0.04206599999999999
2021-11-30,0.22477514649735553,0.16958558588388095,0.11822453219616036,-0.022818000000000005
2021-12-01,0.22537278559148666,0.19853931395260643,0.08212244348004791,-0.0006889999999999952
2021-12-02,0.22502620356815983,0.1981566578051351,0.05693962036255509,0.034921000000000035
2021-12-03,0.2249783525526098,0.20299679716723124,0.07363593649951533,0.054139999999999966
2021-12-06,0.22488167389364833,0.20204253742477649,0.0679146415492283,0.023048000000000013
2021-12-07,0.22475072109749147,0.19951542714806417,0.031244591199256072,0.040881999999999974
2021-12-08,0.22483418819310852,0.19905012692161153,0.04048627429199092,0.040268
2021-12-09,0.2262039130465058,0.1998235912263315,0.0414970589233159,0.03146300000000002
2021-12-10,0.22787479706710573,0.19444052039618615,0.011756259335870073,0.006175999999999959
2021-12-13,0.22758422717954757,0.19778505628036838,0.022239057335684764,0.028809
2021-12-14,0.22777195436473346,0.19580319683656536,0.022415129069616013,0.024343000000000004
2021-12-15,0.22845614216172097,0.1920660151229604,0.015443171448798004,0.005757000000000012
2021-12-16,0.22851029278307866,0.1957057621435776,0.016777674848314245,0.0017359999999999876
2021-12-17,0.22919588582619863,0.19824410472645762,0.024714717105318806,0.04386499999999999
2021-12-20,0.23069547773784338,0.19777342790728855,0.022880467865657172,0.03021400000000002
2021-12-21,0.23119678303222724,0.19342083451585135,0.031069759263671948,0.040794
2021-12-22,0.2334885203213418,0.19319672899243792,0.006531843223082173,0.010558999999999985
2021-12-23,0.23366608055212376,0.19136088385898284,0.011865525606268273,0.023050000000000015
2021-12-27,0.23433044688906218,0.1917778776851963,0.01663146869805604,0.05032900000000001
2021-12-28,0.2349128679044266,0.1959921497672965,0.0260696274131392,0.008576
2021-12-29,0.23513537264063467,0.19432670429517296,0.021178372551102415,0.01441300000000001
2021-12-30,0.2357573566680327,0.19493141789940835,0.022913525955137265,0.015394999999999992
2021-12-31,0.23650333805663146,0.19258555707851893,0.0246854268252773,0.003228999999999982
2022-01-03,0.23778603313578817,0.1859703134831923,0.04033161975286598,0.04069100000000003
2022-01-04,0.2383509385919342,0.1951502485011042,0.05310833862762682,0.050263999999999975
2022-01-05,0.23802936181727366,0.1948748509881248,0.0661332652881991,0.02161200000000002
2022-01-06,0.23794110917963104,0.19128040334388116,0.05511938629167462,0.034263000000000016
2022-01-07,0.23754173120749658,0.16069889243503455,0.06027473275899803,0.04514099999999999
2022-01-10,0.23845748319437243,0.15969336247954974,0.0633577910670792,0.037299
2022-01-11,0.23845175670811872,0.16061918110178788,0.05700344443739874,0.03336100000000003
2022-01-12,0.23830501758299114,0.16035923795836232,0.06010281090144923,0.037351999999999996
2022-01-13,0.2386771224179276,0.15978360350203574,0.06406973913093797,0.018114999999999992
2022-01-14,0.23836784348100606,0.16092320256934484,0.0540227312772196,0.032221
2022-01-18,0.23851534832841542,0.16089829023150332,0.06715334952082766,0.04024799999999998
2022-01-19,0.2417703352543665,0.16078882696727054,0.07886608109021667,0.044364000000000015
2022-01-20,0.24135891113946178,0.1629463657295585,0.07171160414968925,0.032520999999999994
2022-01-21,0.2413044530396114,0.16132242875303954,0.08946115538933011,0.05216800000000005
2022-01-24,0.2386366379674788,0.16209826216047338,0.1020238263969094,0.08013900000000002
2022-01-25,0.23678308469393866,0.16176579835940777,0.09089628155361193,0.054125000000000034
2022-01-26,0.23619742914664874,0.16164214345661532,0.0707846401295662,0.06397399999999998
2022-01-27,0.2356776508303549,0.16087468237457056,0.05065236797843084,0.060805
2022-01-28,0.2357034370425381,0.1630276176836146,0.035769249879305465,0.06151200000000004
2022-01-31,0.23565033702723898,0.16651619629565656,0.035881998138201116,0.05936800000000003
2022-02-01,0.235601397355861,0.16052368433008146,0.014566015773940566,0.04747900000000002
2022-02-02,0.235685774112148,0.1610766003925843,0.022601732127425805,0.03867099999999998
2022-02-03,0.23557207529403273,0.16026109956124482,0.012084443115146587,0.04755300000000001
2022-02-04,0.2352624964047265,0.15963779045452542,0.019425626455603473,0.03494799999999998
2022-02-07,0.2351471997269925,0.16346367951693536,0.012581739837099176,0.06652200000000003
2022-02-08,0.23551038312167713,0.159390563976092,0.018368063404624574,0.03749000000000002
2022-02-09,0.23619757953092063,0.2158942449259258,0.03774915327055303,0.040284000000000014
2022-02-10,0.2354162239513836,0.20702402684592508,-0.017346526382397726,0.044098
2022-02-11,0.2344462859085456,0.19011238899685542,0.006260013087858007,0.039921999999999985
2022-02-14,0.23445267507279421,0.1890326578706808,-0.0029488429696212515,0.04996700000000001
2022-02-15,0.2342415876101877,0.17983597842959323,-0.011126346260344977,0.068803
2022-02-16,0.2337060871195185,0.17362404355999903,-0.020343321656842106,0.05785700000000002
2022-02-17,0.23347851192913113,0.17647749658288417,-0.009228135986211167,0.054789000000000004
2022-02-18,0.23384169960081375,0.17541352948142053,0.0025577434501793395,0.053436999999999985
2022-02-22,0.23295230491786198,0.17907818805153486,0.012695846430361007,0.021056999999999992
2022-02-23,0.23282360914049519,0.1762247839310278,0.030837634274749087,0.057404999999999984
2022-02-24,0.2293152458005273,0.17648632593264377,0.05075403400096351,-0.019161999999999957
2022-02-25,0.22887196565662005,0.19464013761036292,0.03621632391102933,0.017025999999999986
2022-02-28,0.22781557434317778,0.1744928808133758,0.05337455803972921,0.0024339999999999917
2022-03-01,0.22762410655565876,0.17695231407651443,0.08637313510465544,0.018125999999999975
2022-03-02,0.22681231282886397,0.17058249471680853,0.06137157929991999,0.048543999999999976
2022-03-03,0.22720621005203573,0.16999649597246347,0.046909907416694735,0.009440000000000004
2022-03-04,0.22848775428437318,0.17485255313595235,0.08278801559750265,0.01972999999999997
2022-03-07,0.22570616285155226,0.17638975817344263,0.1142875580279464,0.02298800000000001
2022-03-08,0.2228343514204576,0.16834076917059404,0.08927272956108215,0.056140999999999996
2022-03-09,0.2219690261488446,0.17239089508692534,0.052552117367675566,-0.04183700000000001
2022-03-10,0.22196601027176285,0.17356882897685288,0.05744673401971068,0.04316500000000001
2022-03-11,0.22096542334968658,0.16977229501216318,0.04995322183944417,0.026415000000000022
2022-03-14,0.22090217045416136,0.17013613990732143,0.05302048049031638,-0.012133000000000005
2022-03-15,0.22020319157190058,0.1721740087479495,0.03204815760391627,-0.008879000000000026
2022-03-16,0.22005510270916168,0.17415219251963024,0.010702778387720824,-0.033865000000000034
2022-03-17,0.22059401856250824,0.20766946888039,0.0010137339327747075,-0.03662700000000002
2022-03-18,0.22059403882603434,0.20878501659232526,-0.022847160153651763,0.006315000000000015
2022-03-21,0.220581818835789,0.20723233173984662,-0.016333274176016155,0.043379
2022-03-22,0.22019363585723298,0.20657597305869344,-0.03305793161560441,0.03203199999999998
2022-03-23,0.2202586424985424,0.20873370631902372,0.02057341116171829,-0.027109999999999967
2022-03-24,0.22302889446031351,0.20743428355012358,-0.02456008310851171,0.059115
2022-03-25,0.2238915460041042,0.20818174821480703,-0.0057221882040159044,-0.00047199999999997244
2022-03-28,0.22449627926163035,0.20444695211401664,-0.0015822379872295622,0.027372000000000007
2022-03-29,0.22520963206720027,0.20655043405219617,-0.010265731302542352,0.040296000000000026
2022-03-30,0.2256858743025596,0.21013820283730422,-0.001597581105575424,0.044333999999999985
2022-03-31,0.22707078661944807,0.20988947799245977,0.02597953519605209,0.02137699999999998
2022-04-01,0.22706026237708463,0.20944632863607493,-0.005069356754363985,0.05249799999999999
2022-04-04,0.22790726079197834,0.20802977222903843,-0.0006218038365531642,0.04507
2022-04-05,0.22767243906016071,0.20456501761538165,0.02702318900250117,0.04282300000000003
2022-04-06,0.22650987137301648,0.20276203396653752,0.035482587284244166,0.032665
2022-04-07,0.22643139722278025,0.20350556073263498,0.057199289643366485,0.025416999999999967
2022-04-08,0.22675509535236757,0.19643990802018987,0.048668069789023244,0.035448000000000035
2022-04-11,0.22738606965941952,0.1927375547477674,0.055947893927943526,0.05538299999999999
2022-04-12,0.2279107327631786,0.19468749757818757,0.05991619859288941,0.05403599999999997
2022-04-13,0.229025346621145,0.20496494377861352,0.053821927253786955,0.05081600000000003
2022-04-14,0.23030949775396398,0.19191796892415602,0.06121363597453472,0.015598
2022-04-18,0.23044028336301714,0.19259780399039375,0.07660357674896287,0.02274499999999996
2022-04-19,0.2303914624104885,0.19333618832036753,0.05554725282509576,0.04513299999999998
2022-04-20,0.23052628505892622,0.19251980380643563,0.07160565678461114,0.031514000000000014
2022-04-21,0.229437193129556,0.18859271816943188,0.025609275874541787,0.04166499999999998
2022-04-22,0.23055918652303264,0.20546697959918753,0.057422502407367904,0.050257000000000024
2022-04-25,0.23021326078019086,0.20593759198930311,0.052957825825757504,0.052008
2022-04-26,0.23037779903245267,0.20722724462990486,0.059299537606588404,0.04064400000000001
2022-04-27,0.2307996964099225,0.20627162281808678,0.061579734137032605,0.038061999999999985
2022-04-28,0.23022248327353853,0.20449152535526188,0.040465619163949834,0.027959999999999985
2022-04-29,0.2310571607473243,0.20648703077434868,0.05933468909694281,0.01287900000000003
2022-05-02,0.22730115596270423,0.20539234467441123,0.05188582504698552,0.055651000000000006
2022-05-03,0.2267412759731532,0.20673944514712045,0.041154445080392676,0.05559000000000003
2022-05-04,0.2270855165192049,0.20391059627356536,0.006925496090803507,-0.014390999999999987
2022-05-05,0.2260405376917745,0.20342330279130702,0.025217700773700058,0.043364000000000014
2022-05-06,0.22659225762689286,0.202801664426141,0.03358552474237203,0.052621
2022-05-09,0.22245228784428378,0.20283369847199992,0.03193327134714491,-0.016281999999999963
2022-05-10,0.22215875631632834,0.2056423514985516,0.02734217477622114,0.015021000000000007
2022-05-11,0.21957955207209526,0.2072056185769222,0.01747031035441521,0.011348999999999998
2022-05-12,0.21814651623276263,0.2091299132648758,0.004849806290870062,0.05488399999999999
2022-05-13,0.2187635965602674,0.20755684584732204,-0.012795322562226097,0.04238700000000001
2022-05-16,0.2183481079070672,0.2084084937368561,-0.01753388637601866,0.035447000000000006
2022-05-17,0.21909762593101648,0.20787869420974464,-0.029376391539980146,0.039214
2022-05-18,0.21884895198331508,0.20764608659246597,-0.01592167961186919,0.048555000000000015
2022-05-19,0.21698670022566938,0.21116697421307198,0.0042881648370196035,0.03598100000000004
2022-05-20,0.21633865972048333,0.21294770255129916,-0.0024780338163757354,0.030699000000000032
2022-05-23,0.2131086565929589,0.20876319336005222,-0.0286064025044665,0.048606999999999956
2022-05-24,0.21230219147212892,0.21108732108870018,-0.03267429914278447,0.04150199999999998
2022-05-25,0.21027785494225212,0.21076614847204267,-0.041257931727588903,0.037968999999999975
2022-05-26,0.20995650860123247,0.21052956661853642,-0.046575926788864686,0.03885199999999997
2022-05-27,0.2092879752811936,0.20779536760448417,-0.06144332617421519,0.04708399999999999
2022-05-31,0.20850299762406194,0.20732493039886948,-0.050009287907180566,0.050820000000000004
2022-06-01,0.20969692405219093,0.20721752252641568,-0.03986779382631092,0.03494500000000003
2022-06-02,0.2083708656045098,0.20730844475652027,-0.04512392343441124,0.04458999999999999
2022-06-03,0.2087807494979442,0.2073180345896829,-0.030175871836887636,-0.016525000000000012
2022-06-06,0.2084933047308009,0.20555652776950437,-0.04200922712758162,0.035482000000000014
2022-06-07,0.20963243363769962,0.20731373303494532,-0.03397379549159901,0.035324999999999995
2022-06-08,0.2091428042770992,0.20737922712546014,-0.015325419171316801,0.04293199999999997
2022-06-09,0.2089016945531145,0.2077526789836223,0.004517264667823984,-0.03185100000000002
2022-06-10,0.20738516517620723,0.2094642112600234,0.026765252333037615,0.023577999999999988
2022-06-13,0.2057077194602977,0.21110571016105203,0.07321714120485129,0.03487199999999996
2022-06-14,0.20659113220001007,0.2113401325596199,0.056276024442384276,0.013373000000000024
2022-06-15,0.20591390599746817,0.20970893730938772,0.03823178388749965,0.0011320000000000219
2022-06-16,0.20610986845846604,0.21026980823525823,0.045131772306262696,0.011190999999999951
2022-06-17,0.20653097139617285,0.20813671336826375,0.023705957511209075,-0.047485
2022-06-21,0.20556536781027757,0.2078976108998705,0.013433138824172575,0.024581999999999993
2022-06-22,0.20378081969125333,0.20723740853640096,0.026119891329901668,-0.010572000000000026
2022-06-23,0.2031595270072844,0.2028403464335445,0.03999356456410211,0.04658499999999999
2022-06-24,0.2006292504796117,0.210690193984506,0.010030486120954196,0.048014
2022-06-27,0.20049634387373302,0.2127633292161777,0.03485666672891147,0.05004700000000001
2022-06-28,0.19988060522766443,0.21111679751151335,0.03622363085943567,0.05115800000000004
2022-06-29,0.19949558870582199,0.17262669120667926,0.04921788241485531,0.05979000000000001
2022-06-30,0.19912516811559475,0.18021387215003418,0.04811789277619527,0.059401999999999955
2022-07-01,0.19862673635016417,0.1871881422118732,0.03868012199571977,0.05432999999999999
2022-07-05,0.19825939701032227,0.19185512537883126,0.06087046041041172,0.061040999999999956
2022-07-06,0.1966158601555434,0.20897998150224106,0.06557809459053274,0.055350999999999984
2022-07-07,0.19588956811832972,0.20302754198650694,0.04915427531995972,0.04950500000000002
2022-07-08,0.19665897517458006,0.19383239081535172,0.04930638051823941,0.04050899999999996
2022-07-11,0.19674684567795978,0.20935019659354623,0.046919739812915695,0.03542000000000001
2022-07-12,0.19621713117686335,0.21079953067710874,0.04256040313830342,0.06037500000000001
2022-07-13,0.1953831887713819,0.21340820374942884,0.06277922260096616,-0.04456699999999997
2022-07-14,0.1948878367434102,0.21110389738245064,0.06798655357403235,0.05601800000000001
2022-07-15,0.19442184349921585,0.2109219332758976,0.048221182259835876,-0.036809000000000036
2022-07-18,0.1940647986194705,0.21283078357375013,0.06509013766212121,0.061340000000000006
2022-07-19,0.19502350372816987,0.2126745298361178,0.05588968812678366,0.04517899999999997
2022-07-20,0.19482024328728254,0.21446650865515837,0.06994068391654396,0.010047000000000028
2022-07-21,0.190861774290124,0.2118696505472602,0.018634618640065603,0.017591999999999997
2022-07-22,0.19082086222274194,0.21022914560315376,0.0019955167600238244,0.05052200000000001
2022-07-25,0.1909776196594959,0.2098158967503041,0.014795719580888711,0.039619000000000015
2022-07-26,0.19116150076087132,0.21334839548880774,0.02392898895862544,0.04897399999999999
2022-07-27,0.19031311757083588,0.21251162425204267,0.01985583350782208,0.017772999999999983
2022-07-28,0.18989428793374855,0.2115217143042349,0.006458149524101731,0.04249700000000001
2022-07-29,0.1900350939092633,0.2124589845956864,-0.001385299737236667,-0.005613000000000035
2022-08-01,0.18934533191009717,0.21381921901665918,0.005686242396871544,0.04050400000000001
2022-08-02,0.18948060438985712,0.21715785048563788,0.00777340207581706,0.05078800000000003
2022-08-03,0.18962036794696616,0.21705168925641968,0.01060164436118341,0.03917200000000001
2022-08-04,0.1900214907103107,0.2189762018799728,0.013307507049267447,0.039824
2022-08-05,0.1900102878311454,0.21709412192086924,0.016589729733391928,0.03594700000000001
2022-08-08,0.19019636254057828,0.21997324908897653,0.02970065810439451,0.036640000000000006
2022-08-09,0.19000996233488038,0.22178199547307242,0.025124301107298214,0.017252000000000017
2022-08-10,0.19023293198393287,0.2085872413285016,0.008987769982926719,0.045892000000000016
2022-08-11,0.1898049178388533,0.208270064123224,0.015458768990771365,0.04262099999999999
2022-08-12,0.18956422901752862,0.2096345391057711,0.008428518786238542,0.03925899999999999
2022-08-15,0.18953716879544058,0.20836637939455932,0.0138129039386361,0.045241
2022-08-16,0.18953346259962375,0.21022905932705968,0.01455125887472869,0.040497000000000005
2022-08-17,0.19056128015565507,0.20837691286549836,0.017047122181932467,0.035413
2022-08-18,0.19088654141669226,0.21005914716293358,0.024325454614654907,0.03748699999999999
2022-08-19,0.1913073742293714,0.2238343030363955,0.0511834740949155,0.035192
2022-08-22,0.19150777429680219,0.2220666398641707,0.06336490619755861,0.045346000000000025
2022-08-23,0.1909343025902848,0.22244456348321653,0.0648406236046894,-0.004823999999999995
2022-08-24,0.19156708673218892,0.22208867513774758,0.05789461255588599,0.04411100000000001
2022-08-25,0.19162498504652928,0.22335213718670513,0.06033091486292799,0.051043000000000005
2022-08-26,0.19170396193446704,0.2237834106293519,0.07965748169829454,0.04064799999999999
2022-08-29,0.19199392546473323,0.22315110959842893,0.0806262564073345,-0.03025300000000003
2022-08-30,0.19187458307888958,0.22372978543206848,0.08284210049541393,0.04775799999999997
2022-08-31,0.1919470635218544,0.22384803411682214,0.09548356966406468,0.03853699999999999
2022-09-01,0.1913084423200821,0.22235485923434592,0.07883635270314815,0.051747000000000015
2022-09-02,0.18991326517106866,0.22342391004627796,0.07826598963345333,0.03368199999999996
2022-09-06,0.1894956107936542,0.2149175306839876,0.07585454605157413,0.050479000000000024
2022-09-07,0.18928072047528077,0.2213034478702201,0.06452770336473221,0.048056000000000015
2022-09-08,0.18926871105309606,0.2158222939754095,0.05869211082679612,0.048301999999999984
2022-09-09,0.18956942178825295,0.21175802277266106,0.054774036940559656,0.048608999999999986
2022-09-12,0.18970238538642964,0.2166943397562499,0.05378401012214201,0.03350900000000001
2022-09-13,0.1889259675720889,0.21108153368380272,0.07257232645605083,-0.03665099999999999
2022-09-14,0.18912514032081873,0.21195342113067583,0.07486548506690668,0.033577000000000023
2022-09-15,0.18977195986993436,0.19750628279217491,0.06562853931211912,0.057998999999999995
2022-09-16,0.18916993010463756,0.19799824062620988,0.06719615775291934,0.05058699999999999
2022-09-19,0.18937002035134487,0.20209249277837799,0.06530707369206143,0.03725899999999999
2022-09-20,0.189595301614658,0.198772327844795,0.07458033616272189,0.054755000000000026
2022-09-21,0.18973193937202631,0.20252348143388502,0.09087877539439959,0.04525600000000002
2022-09-22,0.18923116041791596,0.20756984370356615,0.09839162780947375,0.03497900000000004
2022-09-23,0.18577090309966662,0.2061661564073133,0.10237542038407157,0.03435899999999997
2022-09-26,0.1848120054665441,0.20823017680227984,0.12545457434360452,0.04816900000000002
2022-09-27,0.18297923399967136,0.207200922992376,0.13047671703667782,0.057879000000000014
2022-09-28,0.18293508353625607,0.20856062551206359,0.12142554416554638,0.048143999999999965
2022-09-29,0.18205795209106043,0.21197942152681665,0.12260402575998183,0.05864999999999998
2022-09-30,0.18030237156495513,0.21022850697667064,0.1103851254126707,0.04679300000000003
2022-10-03,0.17971283899608562,0.2099025017894114,0.0881939311482626,0.05513499999999999
2022-10-04,0.17852063648471167,0.211988969084339,0.07438542213159186,-0.038048000000000026
2022-10-05,0.17841286302619255,0.2115636314472589,0.07715989678676757,0.053351999999999955
2022-10-06,0.17736677236590234,0.20978272267452266,0.08219669780335506,0.057973
2022-10-07,0.17704383297012308,0.2090333506343887,0.08861135847378851,0.04176399999999997
2022-10-10,0.17697594617726362,0.2097292882410579,0.10766973817032391,0.04851699999999998
2022-10-11,0.17520191136386334,0.2066090010434119,0.09244821381523227,0.048317
2022-10-12,0.17438483262045734,0.21187261300277338,0.10037555705441861,0.04549399999999998
2022-10-13,0.17277579272607907,0.21096074928922487,0.07803558102527769,0.042652999999999996
2022-10-14,0.17096685292865588,0.2105081578972513,0.07019762312611635,0.05510300000000001
2022-10-17,0.17048891156035972,0.21052320432517038,0.06200369441515577,0.05834400000000001
2022-10-18,0.1723917892412567,0.22351819223732242,0.054605518847959,0.05654300000000001
2022-10-19,0.17273149606800467,0.21603116473010145,0.05634599865620224,0.052676
2022-10-20,0.17122598354028656,0.19080387177062147,0.035581383561948815,0.034731999999999985
2022-10-21,0.1697625517271559,0.19121410032291963,0.01104614566862433,0.04295600000000005
2022-10-24,0.16884134432128362,0.19030634834241095,0.026584743364762464,0.055731999999999976
2022-10-25,0.1689158226710545,0.20722528718690106,0.02640989563434587,0.045568
2022-10-26,0.16842653872437927,0.2092327974625164,0.024702680185492015,0.035913
2022-10-27,0.16854099375432774,0.2102782259402266,0.02468301286092106,0.03922199999999998
2022-10-28,0.1696125968366869,0.20712652598436992,0.0007442624720599145,0.014044999999999974
2022-10-31,0.16973650106123322,0.20697438827318046,0.02187891326241212,0.033759999999999984
2022-11-01,0.16997392557032234,0.2082139087199188,0.022390389503836206,0.03790699999999997
2022-11-02,0.1696341812290575,0.20732368763127687,0.029774277751127592,0.037232000000000015
2022-11-03,0.1695291962257385,0.20796816585749503,0.036657814210156014,0.032723
2022-11-04,0.16892750331725237,0.20689423552884606,0.020726272546763375,0.04585799999999998
2022-11-07,0.1697978856772439,0.19265223487806704,0.025263263428391275,0.036692
2022-11-08,0.1689878419163291,0.20750326224025295,0.020211074851551686,0.048316000000000026
2022-11-09,0.168457591459683,0.2075003259429831,0.024755010487106682,0.043097000000000024
2022-11-10,0.1674729833794243,0.20857443208859805,0.02024979495470483,0.04220099999999999
2022-11-11,0.16604435358036607,0.20887700677311363,0.011546856937803579,0.027448
2022-11-14,0.16593770327618618,0.20944043172371,0.024992109846595584,0.038062999999999986
2022-11-15,0.16495253958583492,0.20973461256951006,0.01644259074306509,0.04798199999999997
2022-11-16,0.16473050533268624,0.21321668839048727,0.0172746770411166,0.039240000000000025
2022-11-17,0.16376556462339661,0.2124374632916483,0.012857337009137465,0.047066000000000024
2022-11-18,0.16343826064616074,0.2118889501224047,0.01376805730309033,0.04522999999999999
2022-11-21,0.16317932908124536,0.2081991493217459,0.016296622285651124,0.045849
2022-11-22,0.16334907846035354,0.20867218916257915,0.003864449743995635,0.024352000000000013
2022-11-23,0.16321022606936042,0.2089034189937662,0.0019801882254794068,0.02834499999999998
2022-11-25,0.16388368237928164,0.18221667620708598,-0.0006653504084751516,0.048702999999999996
2022-11-28,0.16372156638777485,0.19207673460371102,0.013450370667899558,0.04819399999999999
2022-11-29,0.16396036512457993,0.20097185227289233,0.01933859532559115,0.03929099999999999
2022-11-30,0.16228630469792488,0.18713929137178453,-0.0016317647130326407,-0.0043310000000000015
2022-12-01,0.16210532298210803,0.1872727468098644,-0.014672463930549134,0.019568000000000002
2022-12-02,0.16154359207167882,0.18648361734122365,-0.015074924316462679,0.04363900000000001
2022-12-05,0.16178725093748078,0.1856656834657284,-0.0023509870950905176,0.026214000000000015
2022-12-06,0.15999937556528884,0.19601619692683664,0.009107517745070959,0.04122399999999998
2022-12-07,0.1599456873757673,0.1985931101140196,0.022010443569952298,0.02387600000000001
2022-12-08,0.15974620882809656,0.19778912509292357,0.01792823670974583,-0.020392999999999994
2022-12-09,0.15957879699470054,0.19822700761540835,0.01326044336678317,0.024026999999999993
2022-12-12,0.15958344825709614,0.20978633900070934,0.032829218651503955,0.02559
2022-12-13,0.15775153535528674,0.2081005247191316,0.02143427824254676,0.018066
2022-12-14,0.1579240026160145,0.21184571708068975,0.011991715236645967,0.011992999999999976
2022-12-15,0.15706957650344833,0.21711932515087567,0.016347470494332494,0.028634999999999994
2022-12-16,0.1564961766060519,0.2110951344526119,0.014069464799239928,-0.008555000000000007
2022-12-19,0.15644059657145884,0.21489016391364693,0.013004859588802792,0.02154800000000001
2022-12-20,0.15655578636939166,0.19391909008051927,0.018730863843406664,0.021440999999999988
2022-12-21,0.15744964456348406,0.20521710662905968,0.004199421992491709,0.021632000000000012
2022-12-22,0.15732806468320992,0.20556639455665218,0.014737549146695977,0.029486000000000012
2022-12-23,0.15746271921725893,0.21075443693738033,0.008995851559498724,0.024733999999999978
2022-12-27,0.15744114681891272,0.19265974638811287,0.012632684284275247,0.022123999999999977
2022-12-28,0.15717705049015945,0.1941365209265987,0.026115814946816557,0.027319999999999983
2022-12-29,0.1573810110284773,0.200802364766032,0.020812925316183284,0.03140499999999999
2022-12-30,0.15729728753857958,0.19731669713685732,0.0318661825711368,0.032716999999999996
2023-01-03,0.15678266690210635,0.17990525646850752,0.042558201360779896,0.030403999999999987
2023-01-04,0.1569687252361049,0.1823181344103731,0.04375324763168162,0.02410100000000001
2023-01-05,0.15683733393493623,0.1827038938851215,0.04690134449436259,0.03644700000000001
2023-01-06,0.1556355666278532,0.18458185109734151,0.04283585813634794,-0.014204999999999995
2023-01-09,0.15500168092084368,0.18370131181269836,0.06141713655632397,0.008092000000000016
2023-01-10,0.15515446429810364,0.18409293318965028,0.052152497218373506,0.03193599999999999
2023-01-11,0.15424765839653376,0.1841084715145282,0.05022184751341044,0.04386000000000001
2023-01-12,0.15449189647124523,0.18574750153430408,0.04751298899811393,0.04211899999999999
2023-01-13,0.15500958301964718,0.18911982622557746,0.05011477440960163,0.03400500000000001
2023-01-17,0.15503006369980654,0.1894908188931737,0.06203400655709165,0.035442
2023-01-18,0.15480593268426987,0.19811965995813152,0.07125230707140207,0.04210800000000001
2023-01-19,0.15428965325316385,0.1881404226029399,0.07048854526205786,0.03445100000000001
2023-01-20,0.15403442623060515,0.187762087219605,0.06530483588224481,0.030772999999999995
2023-01-23,0.15456203770506094,0.18945485702516088,0.06188351984689369,0.037073999999999996
2023-01-24,0.1546536756877399,0.18932940755604244,0.054483534721211896,0.029502
2023-01-25,0.15407661118373442,0.1890426924126361,0.059399036385181625,0.008435999999999999
2023-01-26,0.15385326540167552,0.18983073663191063,0.04893593413950731,0.04469899999999999
2023-01-27,0.15400481710439567,0.1908300850117604,0.05669336427321947,0.042739
2023-01-30,0.15398345404545175,0.19104997136731305,0.06387602933979003,0.03903200000000001
2023-01-31,0.15440223988633833,0.1894080639395414,0.05390161656395137,0.04494500000000001
2023-02-01,0.15401286130525776,0.189058791806898,0.04043749342572839,0.014001000000000013
2023-02-02,0.15363734446061736,0.19187261943622647,0.04869674018186987,0.023612000000000022
2023-02-03,0.1531498303288455,0.19124966786695144,0.053068273709177216,0.03759900000000002
2023-02-06,0.15353429143483865,0.19120160585171794,0.05956551802143392,0.039126999999999995
2023-02-07,0.15313392301372145,0.19147445142235023,0.06266699333257936,0.03886400000000001
2023-02-08,0.15371480466686532,0.169963151210457,0.07466284561515293,0.038616999999999985
2023-02-09,0.1529318484989122,0.16929347852840454,0.04390816443964565,0.012385000000000007
2023-02-10,0.1524066682940293,0.1691086140527456,0.0312394071754524,0.02754899999999999
2023-02-13,0.15243396651658359,0.16961290570198367,0.03210929043593297,0.040411
2023-02-14,0.1529306505261235,0.1703934919527505,0.0369231193665088,0.03114900000000001
2023-02-15,0.15348426630147927,0.16942091149230004,0.03235437210383765,0.032059000000000004
2023-02-16,0.15237463709465063,0.16934059674532972,0.038952225430256754,0.033526999999999973
2023-02-17,0.15219830386832112,0.16748366859208508,0.02496751159925925,0.033540000000000014
2023-02-21,0.15193234673948727,0.16999604703023516,0.041177132380746606,0.024472999999999995
2023-02-22,0.15083200828128043,0.17044620675208855,0.03694931276876984,0.03834399999999999
2023-02-23,0.1510818496028257,0.17009615539464243,0.03326221322868081,0.043347
2023-02-24,0.15041495388225187,0.17070956951601315,0.033730426494247456,0.014742000000000005
2023-02-27,0.15030043584959982,0.1710348133269437,0.041043606885814016,0.040939
2023-02-28,0.15011157674852157,0.1707825837553915,0.0410502894778266,0.03425799999999998
2023-03-01,0.14942958357376382,0.17141637981017932,0.03362426156985637,-0.006306999999999979
2023-03-02,0.14945131264516065,0.17115644662690774,0.03047058843860706,0.015520000000000006
2023-03-03,0.14990652311842267,0.17213685307143597,0.021522890159996505,-0.05974299999999999
2023-03-06,0.15017845945915512,0.1736974353655478,0.024604072956676548,0.018783999999999995
2023-03-07,0.14966979242893994,0.1722504077966993,0.028980691723493407,0.031303
2023-03-08,0.14998493826877252,0.17148016948800984,0.0351034445148308,0.023954000000000003
2023-03-09,0.14989177238234655,0.1712247298559428,0.047983303126187565,0.01758800000000002
2023-03-10,0.1493753225228022,0.17244816831254786,0.05176380471489869,0.032649999999999985
2023-03-13,0.14766219038201037,0.1755445202408022,0.06699788881771615,0.001927000000000012
2023-03-14,0.14745409052273445,0.17202318451314508,0.05421984601485971,-0.051692000000000016
2023-03-15,0.1467075609941971,0.17530663100097885,0.06312502350045357,-0.041161
2023-03-16,0.14626077987763442,0.16312797402608403,0.05614356760278927,0.04188399999999998
2023-03-17,0.1452279056270217,0.17360781356927452,0.05931446327873241,0.051112999999999964
2023-03-20,0.1452192047619631,0.16154008260095043,0.07063695252956159,0.03540400000000002
2023-03-21,0.14490536326886014,0.16206899617414128,0.05653156246827462,0.042483999999999994
2023-03-22,0.14455895915080347,0.16230484528099295,0.07026182968333408,-0.04436500000000004
2023-03-23,0.14433062487593476,0.16147339613110398,0.08271451753615872,0.03292500000000001
2023-03-24,0.14428213160218514,0.16147652211802124,0.06752645643062269,-0.033181000000000016
2023-03-27,0.14389192359372935,0.16136290137311365,0.06500835017472639,0.03608600000000001
2023-03-28,0.14373662680588772,0.16171993136399268,0.049894603711452934,0.03861300000000001
2023-03-29,0.1446665277003842,0.16142148390337574,0.043030531484437834,0.04073499999999999
2023-03-30,0.14390361205718324,0.16003086216905527,0.04861653155209944,0.04267099999999999
2023-03-31,0.1446318163281527,0.16003268549797042,0.03813628231752375,0.04155400000000001
2023-04-03,0.14486845561448114,0.16051106824723493,0.0444965561192176,0.03806000000000001
2023-04-04,0.14497468875389924,0.16045632330812193,0.042345990250732185,0.044455999999999996
2023-04-05,0.1451155371109849,0.1603201895262638,0.05096867678803632,0.03415699999999999
2023-04-06,0.1455635829335627,0.16077685488890356,0.03691509517264571,0.046067
2023-04-10,0.14573726060152237,0.16057757993207847,0.04803235499585168,0.041462
2023-04-11,0.14699371120337362,0.15855735813376776,0.05018222219620211,0.038969000000000004
2023-04-12,0.1470317572520679,0.15803527368333742,0.05156914999376186,0.04345399999999999
2023-04-13,0.14854731852125308,0.15772568586350447,0.04089837585774245,0.045799000000000006
2023-04-14,0.14862375167607994,0.1579058959674382,0.044572568056888695,0.030798999999999993
2023-04-17,0.14903720226591718,0.15799623952657196,0.043038090978770704,0.034786999999999985
2023-04-18,0.14913631844272673,0.15843815588131985,0.04075714813175321,0.03803699999999999
2023-04-19,0.14951265718408788,0.15896885241873254,0.047554510449853565,0.024290000000000006
2023-04-20,0.14922872527515357,0.15740772152221327,0.01891897318048469,-0.007441000000000003
2023-04-21,0.14983043461676193,0.15408714880893898,0.010573867244125401,0.032058
2023-04-24,0.15013522218087272,0.15444818084119508,0.011184730573353452,-0.0038630000000000053
2023-04-25,0.14979509034454663,0.1545814307346683,0.016886737201292135,0.011975000000000013
2023-04-26,0.1502780794442227,0.15493264013790492,0.026478045928032046,0.027298000000000017
2023-04-27,0.14984280119020252,0.15419156093117797,0.012778982826682855,0.03187400000000001
2023-04-28,0.15082601573100216,0.15451798611165768,-0.0008106046201283856,0.025841000000000003
2023-05-01,0.1509261434429724,0.15447679834542907,0.014994477287854746,0.021762000000000004
2023-05-02,0.1472350570119196,0.15582919700706352,0.017658760199961238,0.016250999999999988
2023-05-03,0.14705065475458015,0.1563241957667922,0.018581019293694184,-0.067216
2023-05-04,0.1473831225002795,0.15718616239848543,0.028186551813634275,0.054145
2023-05-05,0.14704779063902007,0.15617094755776995,0.003989373841444599,0.016538999999999998
2023-05-08,0.1470584742193103,0.15593856378201457,0.005343590241613849,0.028151999999999983
2023-05-09,0.1462930441002824,0.1560726860790455,0.005119921911190928,0.02210799999999999
2023-05-10,0.14524908717844834,0.1574990327551052,0.0008491934094156106,0.02199000000000001
2023-05-11,0.1448459725677892,0.15770561757929286,-0.00248096968400216,0.03015000000000001
2023-05-12,0.1454238058120969,0.15819551553224048,0.0023187687433905146,0.04672399999999999
2023-05-15,0.14561894523509025,0.1544931022722078,-0.004118709648305463,0.031332
2023-05-16,0.14577954527567594,0.15721527288448275,0.0022200234857821244,0.045770000000000005
2023-05-17,0.14564216209397987,0.15362009237092952,-0.0057096273883437965,0.030712000000000017
2023-05-18,0.14619998968373576,0.1548651254278657,-0.001256074533429602,0.025243000000000015
2023-05-19,0.14648044083410397,0.15406216716003596,0.002307775224136971,0.029148000000000007
2023-05-22,0.14656388247498442,0.15456947792779255,0.008068033074422082,0.03225800000000001
2023-05-23,0.14671375934661737,0.1546457545374486,0.02022022590522135,0.032346000000000014
2023-05-24,0.14676642545441979,0.15482674589446407,0.033076709661968406,0.026360999999999996
2023-05-25,0.14650809814531573,0.15502370036596277,0.030519276216406405,0.030959000000000014
2023-05-26,0.14627821240814506,0.1541595186862623,0.02482861585602547,0.042261999999999994
2023-05-30,0.14564108430626688,0.1537436124192346,0.020952029366511693,0.02143199999999998
2023-05-31,0.1454868588908575,0.18220121527504404,0.02042014001333539,0.01224699999999998
2023-06-01,0.14543771060509733,0.18172859003522526,0.034523258758451275,0.022095000000000004
2023-06-02,0.1449972458974674,0.1563205303230139,0.01618231634090958,0.014272000000000007
2023-06-05,0.14596298742970956,0.15711549906521696,0.02769723950555153,0.02573600000000001
2023-06-06,0.14653497903416868,0.15585347840267985,0.016183982362034638,0.0008449999999999847
2023-06-07,0.14646722447391353,0.15482292281995874,0.01103291545397464,0.03128800000000001
2023-06-08,0.1464348537789218,0.15440790288022002,0.013994648145815414,0.03673699999999999
2023-06-09,0.14636753262690128,0.15524978096000672,0.02091701732623022,0.017572000000000004
2023-06-12,0.1466033684655986,0.15749794427680125,0.03367123237373318,0.023679000000000006
2023-06-13,0.1467308562743225,0.15617394404206644,0.024091655748854357,-0.002134999999999998
2023-06-14,0.14843942291834875,0.15600841562159867,0.026879511791159688,-0.10681899999999997
2023-06-15,0.14913504396482702,0.1548602101690889,0.0281129140305445,0.022502999999999995
2023-06-16,0.14860713822086896,0.15646429645392457,0.03113493085515956,0.01813200000000001
2023-06-20,0.1483751960722902,0.15727123388062123,0.048635596088876576,0.026646000000000003
2023-06-21,0.14802600840672125,0.1550477455284503,0.03900745333373315,0.019955
2023-06-22,0.1481469756632898,0.15506677513049236,0.0393274585435856,-0.001363000000000003
2023-06-23,0.14788450085617283,0.15478587637760607,0.028950338330177433,0.02341299999999999
2023-06-26,0.14723634318967155,0.15405137215271106,0.027661431751401344,0.02407200000000001
2023-06-27,0.1471644329147339,0.154183544473659,0.03241459974036198,0.021432000000000007
2023-06-28,0.1467472080602587,0.15433447533704037,0.030521975254890032,0.02599599999999999
2023-06-29,0.14658572296477038,0.15611962613629393,0.028654810000571962,0.04075100000000001
2023-06-30,0.1463747677848982,0.15650016891656673,0.03267885924276878,0.014946999999999988
2023-07-03,0.14698137868957692,0.1591951484369462,0.02761308107974117,0.030682000000000015
2023-07-05,0.14699313132737402,0.15868895963808177,0.04220286685949501,0.024029999999999996
2023-07-06,0.14711247139595937,0.15584059142933437,0.05148254077110359,0.020938999999999985
2023-07-07,0.14730191091028003,0.1553991486329906,0.04817856715357835,0.01325599999999999
2023-07-10,0.14711102034963414,0.15532893680140822,0.04713498342305425,0.024479
2023-07-11,0.14726368805619008,0.15636171352902906,0.044901633188896145,0.0038849999999999996
2023-07-12,0.14982246104829408,0.1595703316015516,0.04010230611051277,0.027980000000000005
2023-07-13,0.14991054277854005,0.1591529993892844,0.04071263821735424,0.02410900000000002
2023-07-14,0.15012003013438205,0.16047765784376555,0.0462780384376596,0.026766999999999985
2023-07-17,0.1497189352120808,0.15975675653318896,0.04517932881955819,0.024225999999999998
2023-07-18,0.14955260741864537,0.16027373557563665,0.043550000806599126,0.027144
2023-07-19,0.14960840447948698,0.16044722989167862,0.04212926469056391,0.019968000000000014
2023-07-20,0.14895566388229822,0.15791532938882072,0.028382402448829613,-0.01755000000000001
2023-07-21,0.14914765317292808,0.1589039927562416,0.007231491078540625,0.020031999999999994
2023-07-24,0.14969172825711044,0.15899333099321383,0.014152543535653844,0.025084999999999996
2023-07-25,0.14885165552763802,0.15863561887713815,0.016588058762211477,0.018212000000000006
2023-07-26,0.1483554391906036,0.15875682120922283,0.009063231984527714,-0.06267000000000003
2023-07-27,0.14855193326688304,0.15948813335185794,0.023445028612703284,0.016694000000000014
2023-07-28,0.14821229998948338,0.15949005699334234,0.006778289445630803,0.012309000000000014
2023-07-31,0.14867514372567692,0.15935189894040905,0.010040455393900721,0.020522999999999986
2023-08-01,0.14837094053887173,0.15940685646223282,0.021164676328047444,0.003178000000000014
2023-08-02,0.14852713467813813,0.15916877938832014,0.03153078001907961,-0.004142000000000007
2023-08-03,0.14898915207226612,0.15949976747165767,0.0323076537111667,-0.017326000000000008
2023-08-04,0.1486587938000697,0.15863967882480282,0.031208201472740643,0.02781599999999998
2023-08-07,0.14847579067592942,0.15850007644828137,0.028107637426161708,-0.012179999999999996
2023-08-08,0.14813334825806873,0.15797520693906758,0.033301852318418895,0.007797999999999999
2023-08-09,0.1500831654383072,0.1540803764499292,0.027262770003868952,0.022826999999999986
2023-08-10,0.14961579713950332,0.15404570243212182,0.026581407208377428,0.012187999999999977
2023-08-11,0.14966255878123727,0.15413897790572073,0.020142002706806217,0.025426000000000004
2023-08-14,0.15071541360470553,0.15508567270780893,0.031222039249337502,-0.0011700000000000044
2023-08-15,0.1506569136483795,0.15608408846405658,0.03876663057558502,0.017281999999999992
2023-08-16,0.14983651541218623,0.15777101496839466,0.03776785958986745,0.01710399999999998
2023-08-17,0.1493771835690586,0.15850584765508638,0.034071953191822546,0.003590999999999983
2023-08-18,0.14917086668421348,0.1556493916610284,0.03883085622969962,-0.04133300000000001
2023-08-21,0.14917530789787284,0.15693114663891633,0.039263357529521425,0.012421000000000015
2023-08-22,0.14913015871024218,0.15754829043209706,0.0416551435156125,0.004710999999999993
2023-08-23,0.14927580801541201,0.15555585708501296,0.03680416008199372,0.0019339999999999913
2023-08-24,0.14915232350237603,0.15761225586983083,0.04638635173175923,-0.013893000000000016
2023-08-25,0.14899834976820447,0.15527915219767385,0.028420649962058786,0.01233099999999998
2023-08-28,0.14912300149213376,0.15496526441433933,0.03215897743311355,0.013061000000000017
2023-08-29,0.14875382479662994,0.15491487790713343,0.03096406105957003,-0.012053000000000008
2023-08-30,0.14898314303943497,0.15508249079206873,0.03404110901053131,0.03806100000000001
2023-08-31,0.14931358144358467,0.1560654452824132,0.029255376163223934,-0.023231
2023-09-01,0.14862966411650166,0.1558798937545056,0.02267960257001081,-0.003719
2023-09-05,0.14843894808941635,0.15666536890862173,0.03566146696233996,0.025408000000000014
2023-09-06,0.14815955199360295,0.15891203261580705,0.04831522214244055,-0.0031959999999999766
2023-09-07,0.14840270932474744,0.15864363321916103,0.045199980993498395,0.0038920000000000066
2023-09-08,0.14841387492529048,0.1587546575794593,0.03470703259595298,0.012787999999999994
2023-09-11,0.14892682413915012,0.15666402412922573,0.041099717314639655,0.018636999999999987
2023-09-12,0.14894693945924836,0.15651543957430222,0.033768250435962766,0.008557000000000009
2023-09-13,0.1498391657860744,0.15535996073922043,0.030348163266914446,0.014995000000000008
2023-09-14,0.1510166116386329,0.1553959823470679,0.021515563798797988,0.022796999999999984
2023-09-15,0.15161417970324345,0.15529233136137338,0.03201152312280475,0.006084000000000006
2023-09-18,0.15138217676506494,0.15554658719941902,0.05254320336946686,0.020502999999999993
2023-09-19,0.1513593158318687,0.15669593517141184,0.062159834531269914,0.01865699999999998
2023-09-20,0.15187478169411,0.15661057151244942,0.061416969478940764,0.020515000000000033
2023-09-21,0.151387422912378,0.15856448055480493,0.08004744804484876,0.01528199999999999
2023-09-22,0.1509373501653182,0.15870779558641873,0.08585181236796297,-0.004077999999999998
2023-09-25,0.1508973597886309,0.16006277322374954,0.09966551630991838,0.028470999999999996
2023-09-26,0.15105986824841672,0.15919983358370252,0.12860740317052596,0.021402999999999978
2023-09-27,0.15100323817198164,0.15922080544660505,0.12091693569583328,0.011274000000000006
2023-09-28,0.15031047970443392,0.15826896112201147,0.08871528165920614,0.02987999999999999
2023-09-29,0.15004745170153203,0.15836311516946544,0.07869076561283955,0.030499
2023-10-02,0.14946126334160412,0.15782465420793076,0.08730028836824141,0.003371000000000013
2023-10-03,0.1491609149057953,0.1603969175426381,0.10144360649138756,0.042224999999999985
2023-10-04,0.14923464599758599,0.15922405782552734,0.0999507582051086,0.024405999999999983
2023-10-05,0.14897987936163587,0.1592161184462155,0.09479092655294266,0.037011000000000016
2023-10-06,0.1482576257064509,0.15970331005960625,0.09029544512608376,0.03557199999999999
2023-10-09,0.14866269125134354,0.16019813033371144,0.08938742084575999,0.03127300000000002
2023-10-10,0.14742645676748348,0.1561229095620305,0.07529559708788736,0.02814899999999998
2023-10-11,0.14688596042194796,0.1591303273540826,0.07451911420772034,0.03761800000000001
2023-10-12,0.1463112710985671,0.16213520038468993,0.06733003127040155,0.03204900000000002
2023-10-13,0.14625539159001769,0.1623662444734088,0.07159950869381787,0.030447999999999975
2023-10-16,0.14626057067268933,0.1620695518802525,0.061051958387319694,0.01844900000000002
2023-10-17,0.14596150229798902,0.1624941630731347,0.048290372622114275,0.030119000000000007
2023-10-18,0.1466102100939672,0.1627801738526862,0.04734575705815727,0.036108
2023-10-19,0.14451386259598098,0.16095754427377526,0.03207098482082216,-0.011965999999999977
2023-10-20,0.1451427846870414,0.16185554379593145,0.019432336543972945,0.03623899999999999
2023-10-23,0.1473636169385211,0.16170797205003876,0.022438445746139735,0.03359799999999999
2023-10-24,0.14934633546382556,0.16106077304530342,0.02082658865018977,0.02108300000000002
2023-10-25,0.14941614529253147,0.16344943895975225,0.019399955845853994,0.03709799999999999
2023-10-26,0.14918111645984183,0.16308073618578867,0.022396348673068556,0.030478000000000005
2023-10-27,0.14833581493759737,0.16821681553668225,0.026260340762813444,0.027782
2023-10-30,0.1494202629688574,0.1621527062091957,0.01144789431584331,0.029985999999999985
2023-10-31,0.15040265880787435,0.16173983307075832,0.005039620468626715,0.026806999999999997
2023-11-01,0.15106754884728837,0.1621515697448491,0.008973078384523075,0.014187999999999978
2023-11-02,0.15026946256320683,0.16001590224133663,-0.017052804289815954,0.021553000000000017
2023-11-03,0.15003560727114118,0.16087717510968383,-0.018606012773922348,0.01924300000000001
2023-11-06,0.15027519486210156,0.16077813213950887,-0.005848579766677187,0.003714999999999996
2023-11-07,0.15022996390193002,0.16065737493021467,-0.011924789110755674,0.014779999999999988
2023-11-08,0.14982350239542921,0.16156967213176748,0.009768035781363538,-0.003847000000000017
2023-11-09,0.15003579383221924,0.1625508004158299,0.008509403790476044,0.02987899999999999
2023-11-10,0.1494054556430163,0.1622153978195186,0.011933763608267534,0.025775999999999993
2023-11-13,0.14903072622046495,0.1622519681005658,0.012937500317378864,0.010234999999999994
2023-11-14,0.14886259855631703,0.1614369285580292,0.005571775181663824,0.024229
2023-11-15,0.1484997427132398,0.1613403679639222,-0.006365969130217863,0.035741999999999996
2023-11-16,0.14771892646415993,0.16132935831185405,-0.006171815996196178,0.01439299999999999
2023-11-17,0.14792901064467928,0.1605359833927755,-0.0011171502519079501,0.018645999999999996
2023-11-20,0.14823880010053095,0.16009480447868885,0.0002674736625699614,0.04350399999999999
2023-11-21,0.14838758307101466,0.16027039051600944,-0.0006473664051313,0.032716999999999996
2023-11-22,0.14838665615765692,0.15941794218644817,-0.011876662994543097,0.008666000000000007
2023-11-24,0.14858768048097123,0.15581682557462828,-0.00855092947095712,0.010256000000000015
2023-11-27,0.1485744791647329,0.15591409865860725,0.001992646566162909,-0.012898999999999994
2023-11-28,0.14845963997931064,0.1563005697213496,0.00026754112563318055,0.018619999999999998
2023-11-29,0.14871554948390692,0.15626970060576773,0.004022722076960916,0.022092
2023-11-30,0.14960900026989937,0.15618195790394526,-0.002731226559714167,-0.0038439999999999863
2023-12-01,0.14977682690892316,0.15642063633680028,-0.002511206895991547,-0.006562000000000012
2023-12-04,0.148467246517668,0.1569413095073411,0.005401772503911606,-0.053059999999999996
2023-12-05,0.14799090003420337,0.1580977733304859,0.013011948165241288,-0.036920000000000036
2023-12-06,0.14758199632703026,0.16409708328705433,0.00876480309368513,0.004490999999999995
2023-12-07,0.1478695696832206,0.16216402522436527,0.013693365881435798,-0.12421800000000002
2023-12-08,0.14818737860872425,0.15808236829035766,0.008787074899944985,0.020822000000000007
2023-12-11,0.14849023702999095,0.15784820821998902,0.013983565671208481,0.011505000000000015
2023-12-12,0.1484698652730543,0.16311154995098107,0.016258565148201065,0.012271000000000004
2023-12-13,0.14652912237494994,0.1630237511709395,-0.00048272219142961315,-0.09756400000000001
2023-12-14,0.14546234178317224,0.190448659711692,0.010767862604162348,-0.009815000000000018
2023-12-15,0.14642373397601974,0.1905695037564285,0.010126890491051477,-0.01758599999999999
2023-12-18,0.14603815855164654,0.1896140271275957,0.002645556928980719,-0.034745
2023-12-19,0.14660832451947936,0.1874299937870075,0.003249306830804488,0.02177699999999999
2023-12-20,0.14666202651155805,0.19257985572802208,0.017332457235976317,0.00011500000000000399
2023-12-21,0.1465842452116364,0.19314744432319317,0.00885615955038957,0.0036609999999999976
2023-12-22,0.14625582342940222,0.1914601392383239,0.013692439510642557,-0.031971
2023-12-26,0.1462643599818827,0.19198239293982317,0.018471614655780733,-0.003428000000000042
2023-12-27,0.14637152151247018,0.19242194719189099,0.0006213450132841747,-0.020883000000000013
2023-12-28,0.1474391789249019,0.19163208654167954,0.010929491567615746,-0.014506000000000019
2023-12-29,0.1475011197080894,0.19253027642632123,0.005548946068747118,-0.04951699999999998
2024-01-02,0.1467113798654747,0.16401442527547083,0.016711925328936644,-0.01585700000000001
2024-01-03,0.14693297828663862,0.156786428370607,0.04164583276489092,-0.02432100000000001
2024-01-04,0.14667906716621185,0.1576810769297642,0.02696095672950194,-0.014996999999999983
2024-01-05,0.1461913970337143,0.15725281613100833,0.020903234612004273,0.024046000000000012
2024-01-08,0.14618833743687046,0.16581283290051507,0.023820464784472445,0.020441999999999988
2024-01-09,0.14626052617611104,0.165728946857182,0.02552882310380275,0.017643999999999993
2024-01-10,0.14422947358692928,0.16629965462753635,0.029324808807487807,0.010048000000000001
2024-01-11,0.1439169788142725,0.16704931720135688,0.023906674696225066,0.023140999999999995
2024-01-12,0.14376610974519044,0.17503034180722682,0.030523997544431913,0.010173999999999989
2024-01-16,0.14442527653475568,0.17634599630865147,0.0307256364904632,0.031127000000000016
2024-01-17,0.14510237989465222,0.17820516073818096,0.04101112702370699,0.025202000000000002
2024-01-18,0.1449510313019121,0.17718250817940767,0.034336206817105086,0.028241000000000016
2024-01-19,0.14428649807200206,0.1730188143689609,0.034387009569335575,0.025759000000000004
2024-01-22,0.1469447734599428,0.17850735042976457,0.087508551683147,-0.010974000000000012
2024-01-23,0.14729877906391486,0.17345532598103328,0.03379738706999946,0.0007439999999999947
2024-01-24,0.14810298967446295,0.1777240807439511,0.04607571199658497,0.012798000000000004
2024-01-25,0.14799531520465195,0.1772543330812353,0.03481390967726436,0.025359999999999994
2024-01-26,0.14846284402602072,0.17634641428828474,0.045031320718750045,-0.009343000000000018
2024-01-29,0.1485666399506717,0.17639450173549073,0.051197466946904024,0.009884000000000004
2024-01-30,0.1489079785090789,0.16941231959734315,0.045137112302468835,0.018404000000000004
2024-01-31,0.15030749131676707,0.16881136844406594,0.04790775862269184,-0.023981999999999976
2024-02-01,0.15309283323158887,0.1667397945356874,0.03325217954704496,-0.02298800000000001
2024-02-02,0.1559451553057175,0.16659839910796748,0.03894973357089854,0.014840999999999993
2024-02-05,0.1568808296960002,0.16947621959392206,0.04766400082196043,0.0072349999999999914
2024-02-06,0.15748470432183448,0.1670682696069704,0.04294451093199175,-0.00977699999999998
2024-02-07,0.15790126761263562,0.16148199348066983,0.04314660601555581,-0.004024
2024-02-08,0.15607050779997053,0.16398086452699126,-0.004901372005475441,-0.020817000000000002
2024-02-09,0.15602307881602015,0.1633051417902401,0.02006092221802072,-0.011939000000000005
2024-02-12,0.15629472934146246,0.15939574084846186,0.013612628315558456,-0.05176999999999998
2024-02-13,0.15532090638392076,0.1686785115923945,0.031545662674486746,-0.06686
2024-02-14,0.1554228258287767,0.1631288632502404,0.006028037184900276,-0.07060300000000003
2024-02-15,0.15561848627101377,0.161862264942757,0.016890758095620517,-0.10121199999999997
2024-02-16,0.15525575067890968,0.15988097887756825,0.010199035797504502,-0.058264999999999983
2024-02-20,0.15516515423532817,0.15974264393853088,0.01373559100560029,-0.09796499999999997
2024-02-21,0.1547667327473285,0.16132374295599486,0.022068834071046733,-0.04992100000000002
2024-02-22,0.15473287190279694,0.1610686764189926,0.009327533063282573,-0.06326899999999999
2024-02-23,0.15454471361244393,0.15996007069843507,0.007666773477044364,-0.048019000000000006
2024-02-26,0.1543242157214822,0.16104064675796592,0.008903488420655692,-0.08414899999999997
2024-02-27,0.15436308413094843,0.16083992482172943,0.0106908509651443,-0.094938
2024-02-28,0.15433936944888904,0.16173097285653387,0.0030619007596182357,-0.100637
2024-02-29,0.15439541265275625,0.16317769018894573,0.04249089448250587,-0.06331099999999998
2024-03-01,0.15421172906095176,0.1614029549413221,0.012555831719375743,-0.08571499999999999
2024-03-04,0.15450792157371668,0.1619634154373801,0.01652486729356889,-0.07189199999999998
2024-03-05,0.15506885514177035,0.16114784846822777,0.030396695152814013,-0.024592000000000003
2024-03-06,0.15544900381734367,0.16079934377087207,0.02475558508157724,-0.06259399999999998
2024-03-07,0.15570077072974164,0.16190106398670803,0.028099446693615804,-0.040248000000000006
2024-03-08,0.15582091472990497,0.16230400851980512,0.020175655459844233,-0.024313999999999975
2024-03-11,0.15647606395380587,0.16340856344058483,0.03263732701061124,-0.023557999999999996
2024-03-12,0.15645804311724112,0.16314979665103815,0.02699530724397317,0.00959299999999999
2024-03-13,0.1571476981270985,0.16451037550114914,0.03235335106895407,-0.044321
2024-03-14,0.15633953490640998,0.16091768272898013,0.031827889775811,-0.035112000000000004
2024-03-15,0.15555481052881304,0.1611609513965301,0.03875022500186409,0.0018259999999999943
2024-03-18,0.15608980877531287,0.16053890796447268,0.014581515106045495,-0.019336999999999993
2024-03-19,0.15669252982097828,0.16046256167931144,0.01977259989498409,-0.031695
2024-03-20,0.1566714426666415,0.16041222851614667,0.018894572878230625,-0.044880999999999976
2024-03-21,0.15579388699288674,0.1624840475209065,0.02802296291337153,-0.0019929999999999948
2024-03-22,0.15574335577743564,0.1621583551348882,0.033379251552297734,-0.06184400000000001
2024-03-25,0.1559270413800719,0.16218550189343972,0.04025032123253183,-0.029896000000000006
2024-03-26,0.15631750120578367,0.1611264748294073,0.042403734276440425,-0.035470999999999975
2024-03-27,0.1565555134692787,0.16205060217667772,0.027264935711620114,-0.014350000000000002
2024-03-28,0.15644518031751006,0.16166515935615755,0.033287072918426086,-0.03175399999999998
2024-04-01,0.15620384666158624,0.16343198068165732,0.047852780056639455,-0.017698999999999993
2024-04-02,0.15638769892297774,0.1643324042910679,0.05322794090940666,0.010703000000000018
2024-04-03,0.15631098964965268,0.16365565563881532,0.06233165328840265,-0.035722000000000004
2024-04-04,0.15659772968190017,0.16325670891276975,0.06506727178940344,0.026211000000000012
2024-04-05,0.15631584593359255,0.16445120863750035,0.06849047917971285,0.012125999999999998
2024-04-08,0.15621394975754618,0.16466322283574278,0.06624825171146034,0.015845000000000026
2024-04-09,0.15642637591744243,0.1640492366002409,0.06937966296674777,0.013002999999999987
2024-04-10,0.1559046291290264,0.16475129748685755,0.0764019624586188,-0.008782000000000012
2024-04-11,0.15660704122257324,0.16382140802935075,0.06805566337443017,0.017995999999999984
2024-04-12,0.15657362276945455,0.16468428510392685,0.07798629188605422,-0.019802000000000042
2024-04-15,0.15556931902796772,0.16506838357329995,0.08464560462989465,-0.055854000000000015
2024-04-16,0.15558247906408573,0.1656230148714843,0.0932260519976209,-0.014301000000000008
2024-04-17,0.15523481933710637,0.1645323478783922,0.09619023188008866,-0.001471
2024-04-18,0.1553939435452339,0.16506119102775407,0.09633049757235279,0.02684000000000003
2024-04-19,0.15471839843819166,0.160703715586638,0.0782550789057869,0.00041600000000002746
2024-04-22,0.15471241291395574,0.16334073691664971,0.0898002300845521,0.012871999999999995
2024-04-23,0.15743601062702328,0.16150272544268557,0.011867097025949624,0.0047750000000000015
2024-04-24,0.15544094226310362,0.1608609028418549,-0.005239834502174495,0.02240700000000001
2024-04-25,0.15353657171869342,0.1640488179852719,0.006703834359734234,-0.030662999999999996
2024-04-26,0.15383550941867782,0.16390570733544416,0.0036684093253487593,-0.021933000000000036
2024-04-29,0.15425139769150045,0.16431067489322987,-0.018248243079562493,-0.07014800000000002
2024-04-30,0.1541624063781123,0.1666352989829464,-0.013504839256555878,0.008099999999999996
2024-05-01,0.15259465169203876,0.16684585066921764,-0.018552890045842013,0.015288000000000024
2024-05-02,0.15220860157319224,0.16855334760919505,-0.023994068340072866,-0.003961999999999993
2024-05-03,0.15224768968015107,0.1693720261249535,-0.031170162868445678,0.020427
2024-05-06,0.1523498129649185,0.16793047064440336,-0.041820622830782556,-0.05990999999999999
2024-05-07,0.15252580128445084,0.16799573155507755,-0.0407663045260252,-0.012811000000000017
2024-05-08,0.15518852886666773,0.1675048613903255,-0.031789394665274695,-0.01480300000000001
2024-05-09,0.15582798835894368,0.16735394564438022,-0.05110179179633528,0.029366000000000003
2024-05-10,0.15736210909919346,0.16712023337997708,-0.05059281165085755,-0.024376999999999982
2024-05-13,0.1578211595810855,0.1673544245835273,-0.04512808331338705,-0.003931999999999991
2024-05-14,0.15812877310435536,0.16663139410878897,-0.03372043228518032,-0.00026799999999999047
2024-05-15,0.15896379189715906,0.16665467804032144,-0.04587839206703978,0.037571999999999994
2024-05-16,0.16005875569169045,0.16504993522266237,-0.03197803648581701,-0.05657899999999999
2024-05-17,0.16055690155846056,0.16524210887940344,-0.045215826014523064,-0.06349900000000003
2024-05-20,0.16145099409528438,0.164900886674965,-0.03519686215739706,0.006916999999999979
2024-05-21,0.16168663525864682,0.16313123538177404,-0.030499640604446737,-0.048988000000000004
2024-05-22,0.1620592441556292,0.1619636950334331,-0.02580271818850824,-0.01724500000000001
2024-05-23,0.1621215778567721,0.161002473748291,-0.005995889005581345,-0.04669000000000001
2024-05-24,0.16198235621843982,0.1612453423678565,0.0017492646855039318,-0.070055
2024-05-28,0.16242385222311412,0.16136078769593595,0.00668968650200269,-0.05083099999999999
2024-05-29,0.16294906885027263,0.16072850764639376,0.017521270449382398,-0.06786099999999998
2024-05-30,0.1631747768342977,0.1614723424776904,0.029774089164110146,-0.08491300000000002
2024-05-31,0.16298723640023566,0.161371725339533,0.027761609214802196,-0.04843699999999998
2024-06-03,0.16215437517038078,0.16212050623853871,0.02931002797242946,-0.02637700000000001
2024-06-04,0.1623540979995487,0.16202109378697718,0.046039622159079016,-0.01919499999999999
2024-06-05,0.16258323318249324,0.16186847504306837,0.049468544142190776,0.020054000000000016
2024-06-06,0.16274819562760023,0.1607848506202999,0.03016137360706478,0.028473
2024-06-07,0.16279212501382848,0.16232683049136176,0.020259574007840023,-0.009071999999999997
2024-06-10,0.16379224991634198,0.1617413341015832,0.03669418642707295,0.0006530000000000147
2024-06-11,0.16370196956613434,0.16165537319591033,0.037806499065315,-0.00159200000000001
2024-06-12,0.16415539961326833,0.1605830541823873,0.042094066764364224,-0.015253000000000017
2024-06-13,0.16434450042192014,0.1614334137408314,0.034420461645896794,-0.04168600000000003
2024-06-14,0.1647015991536498,0.1616265974036838,0.02970730130166313,0.01324900000000001
2024-06-17,0.16477834505535568,0.16261158373843318,0.04432024505192739,-0.020458000000000004
2024-06-18,0.1638944452424763,0.16231961504357975,0.04946724077991618,-0.051161999999999985
2024-06-20,0.16381194092026488,0.1618291645282946,0.04619708068046094,-0.027480999999999978
2024-06-21,0.16370602056256867,0.1607292325007549,0.04140459954543915,-0.0028819999999999957
2024-06-24,0.163768555926279,0.15976056224129048,0.03785525658745126,0.029523999999999995
2024-06-25,0.16431769600261242,0.15944370617433515,0.03615674816148132,-0.049727999999999994
2024-06-26,0.16460369960091217,0.15961303524216255,0.0557954148177959,0.0026609999999999967
2024-06-27,0.16451973931133757,0.15938364219002507,0.040091186048776456,0.005287000000000014
2024-06-28,0.16455317426576468,0.15966378533549888,0.04895856427545592,-0.004217000000000026
2024-07-01,0.16393352088888788,0.16058346944663385,0.038894587225922206,-0.02559800000000001
2024-07-02,0.16391935252663786,0.16304382582850685,0.047820722054888715,-0.001465999999999995
