date,y_true,y_pred,vrp_wedge,put_call_skew_30d
2014-05-07,0.14678050026939674,0.14727120054070103,-0.013584635834740316,0.026614
2014-05-08,0.14705663898384247,0.147243786872555,-0.014007763249749228,0.023198999999999997
2014-05-09,0.14712827098998427,0.14642455640309476,-0.01606099448522036,0.023502999999999996
2014-05-12,0.14744793093447825,0.1468293315458641,-0.012803426248433503,0.022926000000000002
2014-05-13,0.14782604974556465,0.1468166438240611,-0.017659357199008102,0.022761000000000003
2014-05-14,0.14804356770888086,0.1464024911039679,-0.018649614464667702,0.01980499999999999
2014-05-15,0.14658885409490227,0.14674784013579295,-0.015799582055608635,0.023881000000000013
2014-05-16,0.14552056532406366,0.14647355675277363,0.0009832386106453095,0.017838999999999994
2014-05-19,0.1455647154230804,0.14748525442207464,-0.005135353883611082,0.021540000000000004
2014-05-20,0.1454085778658138,0.14748559629617541,-0.006680319703019133,0.021485000000000004
2014-05-21,0.14554854755925092,0.1473095051226873,-0.007062041222235527,0.01951899999999998
2014-05-22,0.14515250930372814,0.14732803832173175,-0.013267807145530636,0.020220000000000016
2014-05-23,0.14585207231063538,0.1475408925868257,-0.006693426982743694,0.01625600000000002
2014-05-27,0.1459240348372301,0.14749530270556038,0.0008365091496473631,0.012371999999999994
2014-05-28,0.14624957037028902,0.1480208845636631,-0.0008681176482403796,0.015323000000000003
2014-05-29,0.1462739546538946,0.1480253580195664,0.002975595740611986,0.014826000000000006
2014-05-30,0.14619557246432505,0.14781962827418307,0.0013079923167314822,0.022464999999999985
2014-06-02,0.14620284278714948,0.14764996314910508,0.012839130742997279,0.020101000000000008
2014-06-03,0.14627592625827857,0.1475298806341793,0.01790462727314121,0.01877799999999999
2014-06-04,0.1472904189263567,0.14738794085100188,0.02361111369979746,0.022954999999999975
2014-06-05,0.1472191984614883,0.14719751762634573,0.023862910439298196,0.01793800000000001
2014-06-06,0.14780495907839236,0.14719351668096894,0.022196515269770678,0.02374900000000002
2014-06-09,0.14784961318139214,0.1480967526432543,0.028639008442949324,0.020820000000000005
2014-06-10,0.14843713128951805,0.14792651298163517,0.02539613489446317,0.023405999999999982
2014-06-11,0.14844603680261334,0.14790547422048364,0.025970619437382367,0.02340299999999998
2014-06-12,0.14912717196381756,0.14757582746479256,0.026721593293021095,0.025977
2014-06-13,0.15017217073835373,0.14784605027447742,0.02936003084754274,0.025139999999999996
2014-06-16,0.14999111409702834,0.1480395947145936,0.04249437374779774,0.025561
2014-06-17,0.1508739963651181,0.14839836124940894,0.05248585987020714,0.022308999999999996
2014-06-18,0.15336436160174624,0.14846948055388764,0.051843611673673684,0.024114999999999998
2014-06-19,0.15365807023809636,0.14862929354520596,0.04822978222193823,0.020358999999999988
2014-06-20,0.15491673496323397,0.14877447021304932,0.047187187310175335,0.014440999999999982
2014-06-23,0.15526103695433394,0.14868655107203343,0.05055859827576098,0.020667999999999992
2014-06-24,0.15515011900120074,0.14853203429435727,0.049966799577095544,0.019503999999999994
2014-06-25,0.15600659303581677,0.14823222576019743,0.04201610440109729,0.015688000000000007
2014-06-26,0.15592109417489874,0.1483724768031226,0.043215504824013914,0.021259
2014-06-27,0.15580453234896777,0.1486768061790688,0.07587966203529843,0.004747000000000001
2014-06-30,0.15551290076359592,0.14867203592723752,0.06642936435748195,0.0169
2014-07-01,0.1554521067484732,0.1486574270570706,0.05788780395452492,0.017355999999999983
2014-07-02,0.15609287618142112,0.14870775415586976,0.05315815493299035,0.015778000000000014
2014-07-03,0.15680043354844736,0.14879160905267788,0.04697926513382657,0.016579999999999984
2014-07-07,0.15755786847475178,0.14859954689522162,0.0609296134579361,0.01346
2014-07-08,0.15901758111359574,0.14883919712003663,0.06234917849257547,0.015456999999999999
2014-07-09,0.15917285702494816,0.1488037193215175,0.05716092241860228,0.016453999999999996
2014-07-10,0.15960036993881796,0.14789036386024865,0.0658269522054614,0.01272799999999999
2014-07-11,0.15991648028577674,0.14772558021437998,0.05738783532065078,0.01711199999999999
2014-07-14,0.16054225097728236,0.14763180729837475,0.05679060963588552,0.019710000000000005
2014-07-15,0.1621692641901541,0.14869714556662192,0.08088226343981555,-0.011186000000000001
2014-07-16,0.16277451898520723,0.14767909008998595,0.026456611723768744,0.014854000000000006
2014-07-17,0.15741709633532716,0.14762320994878422,0.018042721089088803,0.004128999999999994
2014-07-18,0.1570220240284984,0.1499277087656731,0.005002899377353626,0.011010999999999993
2014-07-21,0.15721566517699523,0.14976091040467296,-0.0024922154222995763,0.0020540000000000003
2014-07-22,0.15765083354542242,0.14975684102318015,-0.001826089571708267,0.006041000000000019
2014-07-23,0.1584068772720214,0.15050379088025123,-0.0029786180267171447,0.002821000000000018
2014-07-24,0.15831876521379581,0.1500066518687022,-0.002678847660206485,0.006713999999999998
2014-07-25,0.1589229090995978,0.1498865251961943,-0.0042221894326039955,0.008934999999999998
2014-07-28,0.15911878276742086,0.1501168086831304,-0.0011954338398662556,0.011826000000000003
2014-07-29,0.15967736523601275,0.1501426033513594,-0.0007176004582281625,0.014846999999999999
2014-07-30,0.16134294556722345,0.1501124291307091,0.003073746460085597,0.012200000000000016
2014-07-31,0.16128914946576947,0.15002687619530228,0.015034870741903628,0.012308000000000013
2014-08-01,0.16208670869125227,0.1502298034579023,0.014707390022339784,0.01888300000000001
2014-08-04,0.16165357176759038,0.15005444909543314,0.008532750204154366,0.015151000000000026
2014-08-05,0.16209718977766766,0.15036144673778684,0.01142404829664162,0.016934000000000005
2014-08-06,0.16198111077389657,0.14999928320103312,0.007600513400466663,0.021463999999999983
2014-08-07,0.1627345895946059,0.1495691662225891,0.009916801101408412,0.018020000000000008
2014-08-08,0.16292446135033353,0.14928917910087586,0.004623817486659493,0.020974999999999994
2014-08-11,0.16296459710894098,0.14918046555843503,-0.0011922243435737723,0.017839999999999995
2014-08-12,0.16290540418309307,0.14920941039328559,-0.008143635030593122,0.016953999999999997
2014-08-13,0.16308993175168834,0.14908170762874387,-0.016460634684528658,0.018924000000000024
2014-08-14,0.1636943545997211,0.1490072276098555,-0.022310096093945242,0.01802300000000001
2014-08-15,0.16255021811798342,0.14886406708772443,0.004084928399459675,0.021541999999999978
2014-08-18,0.16246942245355417,0.14866547891888154,0.0028707801383810183,0.018165999999999988
2014-08-19,0.16248453835638554,0.14907424388108936,-0.004737909793217615,0.018389000000000016
2014-08-20,0.16294497294682325,0.14872361426714661,0.0054454331690115265,0.010067999999999994
2014-08-21,0.1630828063824053,0.14887543789197188,-0.005385814004610745,0.01827799999999999
2014-08-22,0.16315812962855733,0.15647748018748564,-0.0015229603633377664,0.018753999999999993
2014-08-25,0.16316195401194838,0.1564808442887556,-0.004978004443366629,0.01543799999999998
2014-08-26,0.1631698175472385,0.1553977579381553,-0.013623387882592472,0.012897999999999993
2014-08-27,0.1632811665394451,0.15606625402954288,-0.005186452026789218,0.010314000000000018
2014-08-28,0.1634301240251865,0.1559629572500249,-0.0003941439830096316,0.01866900000000002
2014-08-29,0.16356262347845277,0.15264964522478802,0.006682072470442224,0.018507999999999997
2014-09-02,0.16378148931995737,0.1564274862329634,0.0222673245818705,0.024778999999999995
2014-09-03,0.16392603345393167,0.15560494196837585,0.024251200021806113,0.021448999999999996
2014-09-04,0.16431585552283223,0.15498711896254827,0.027349618273342702,0.021425
2014-09-05,0.16423150398694863,0.15548217428329753,0.029172613262845357,0.026639999999999997
2014-09-08,0.16406788875253955,0.15552603501996248,0.034734293861311064,0.025276999999999994
2014-09-09,0.1641404559801419,0.15545073149719418,0.0373917914977583,0.027533000000000002
2014-09-10,0.16448358640565464,0.15547102210481634,0.039678099353362487,0.024911000000000016
2014-09-11,0.1642161911419673,0.15572952760295994,0.046304083070418986,0.028117000000000003
2014-09-12,0.164121710044126,0.15613559159548887,0.04585591663071971,0.026527999999999996
2014-09-15,0.16455254408717393,0.15354320033073646,0.04962549365772531,0.025780000000000025
2014-09-16,0.16610445540516547,0.15303467795452633,0.053679153824818165,0.024316000000000004
2014-09-17,0.16551048776227634,0.15321535558556934,0.045666845484644114,0.023065000000000002
2014-09-18,0.16548133652864883,0.15334639985059426,0.04651136185046381,0.022474999999999995
2014-09-19,0.165353969590047,0.15305656484350677,0.04256775020087343,0.021085999999999994
2014-09-22,0.16552645136034533,0.15405916714196635,0.05450319340517508,0.024935000000000013
2014-09-23,0.16593347182494453,0.15379753596326817,0.056135420188427,0.024306999999999995
2014-09-24,0.16627333262049282,0.1537032182569861,0.05229864849244906,0.03242299999999998
2014-09-25,0.1665461788827077,0.154120797284181,0.07442442297452447,0.02232200000000001
2014-09-26,0.16651253191353357,0.15346114869093874,0.0653257663552699,0.023696000000000023
2014-09-29,0.16670573540565994,0.15987694271698383,0.07598415695648578,0.03504199999999999
2014-09-30,0.1672444329817477,0.16011764685397975,0.07389933519738691,0.02692
2014-10-01,0.16695638951005434,0.15980052093067834,0.065119693019472,0.029493999999999992
2014-10-02,0.16736056491523274,0.15943292623086547,0.0625927399255913,0.029716999999999993
2014-10-03,0.16721112849508632,0.15940220782954978,0.05457255630214081,0.03257499999999999
2014-10-06,0.16779180350454734,0.16005757248060698,0.05657900512357189,0.028469999999999995
2014-10-07,0.1677549741440182,0.159013666985005,0.07183655557695581,0.029327999999999993
2014-10-08,0.16755299341292815,0.15823026530587295,0.06794437436148643,0.022647
2014-10-09,0.16694617312237275,0.15821993488937125,0.07530097110287498,0.029278
2014-10-10,0.16594388584347633,0.15819852756247865,0.08201164687702917,0.034359
2014-10-13,0.16510524381071132,0.15723547540391386,0.09570378276950173,0.03985
2014-10-14,0.16369401623984553,0.15826979491025514,0.08057110298085088,0.04075699999999999
2014-10-15,0.16185349441806235,0.15620590440971585,0.10961000714801389,0.049375
2014-10-16,0.160555555086864,0.15627537324611424,0.1009124635801937,0.05311400000000005
2014-10-17,0.1599189656677059,0.1572985316010269,0.07287242486152976,0.04206299999999999
2014-10-20,0.16010949715749181,0.15608352016809704,0.05086247863725318,0.042413000000000006
2014-10-21,0.16043254031248355,0.15536392033534177,0.029352146705948157,0.03862499999999999
2014-10-22,0.15758609948782024,0.15468106436817483,-0.007971853176422516,0.039748000000000006
2014-10-23,0.15742353466876394,0.15534981073665607,-0.02732404034670191,0.03822600000000001
2014-10-24,0.1576412858178539,0.1550667079833914,-0.02174878502564112,0.03517000000000001
2014-10-27,0.15815295329598553,0.15431783761418333,-0.013863170300336736,0.033028
2014-10-28,0.15869052343203283,0.1547481851333299,-0.031209654865461595,0.037314000000000014
2014-10-29,0.15679635074018322,0.15469117624458706,-0.043796244295937176,0.035704000000000014
2014-10-30,0.15633244792548215,0.1542366498970847,-0.035823056497372024,0.021335999999999994
2014-10-31,0.1561977055863072,0.15588912762033005,-0.04576675850023715,0.023417999999999994
2014-11-03,0.1563379576032842,0.15644676297563614,-0.04154157780869305,0.03198400000000001
2014-11-04,0.15632875164485477,0.1562271676968635,-0.04358166773496644,0.03283900000000001
2014-11-05,0.1561101243054885,0.15648058299877285,-0.049600080826574466,0.03401499999999999
2014-11-06,0.15621822202929134,0.1566478550859232,-0.051360127656886384,0.03293800000000002
2014-11-07,0.15595235052178397,0.156322633749404,-0.04604383693260558,0.033929000000000015
2014-11-10,0.15551931035683558,0.15737418367244144,-0.04560439456728582,0.02421899999999999
2014-11-11,0.15641322791800416,0.15767598087836587,-0.05066978033817529,0.03049300000000002
2014-11-12,0.15635780081824524,0.15986869970608808,-0.036267688424187455,0.023198999999999997
2014-11-13,0.1560999929675936,0.1605622188441047,-0.035039833240101265,0.029673000000000005
2014-11-14,0.15576226627048592,0.16015966426028808,-0.022777293007592514,0.030937999999999993
2014-11-17,0.15580662115132562,0.16047903914966102,-0.019048658876889335,0.031992999999999994
2014-11-18,0.15577120788242674,0.16040182207401116,-0.01939728955279374,0.03064800000000001
2014-11-19,0.15596816882447412,0.16077055192339282,-0.009511868838810889,0.027281
2014-11-20,0.15591217187553727,0.1601856584654323,-0.0059649394699064495,0.03034300000000001
2014-11-21,0.15595461256424265,0.15958014595655373,-0.010802753990653086,0.029484999999999983
2014-11-24,0.15579002828219513,0.1595070180103209,0.00954552272862011,0.004553999999999975
2014-11-25,0.15590846363091942,0.15923208372951805,-0.010160676253936851,0.02498599999999998
2014-11-26,0.15610359499134285,0.15914612940816408,-0.0028665607010770755,0.021593
2014-11-28,0.1568299778892727,0.1585884739202626,0.01267973928809138,0.029145000000000004
2014-12-01,0.1568037198943754,0.15880942577222193,0.03245296031735603,0.03217699999999998
2014-12-02,0.1562303259582832,0.15910846796946068,0.025099592069135673,0.03432199999999999
2014-12-03,0.15620908022811367,0.15852207712759667,0.03057101727881817,0.030764000000000014
2014-12-04,0.1556652344449334,0.15907240151166013,0.02991728565850435,0.029074000000000016
2014-12-05,0.15576046036072885,0.15901793484271332,0.033598337571096065,0.030957999999999986
2014-12-08,0.15521428576628316,0.1590928617475414,0.034396239291182795,0.02815999999999999
2014-12-09,0.15527333081987868,0.15591096717994493,0.042828690922412954,0.03307399999999999
2014-12-10,0.15444908939097576,0.15260452144524833,0.05873915249939021,0.03592300000000001
2014-12-11,0.1538797966377214,0.15261619060075637,0.05024198194389248,0.03700499999999998
2014-12-12,0.15321717209827407,0.1530825262500103,0.06875855026680502,0.036638000000000004
2014-12-15,0.15234316068541492,0.15315195008186852,0.0657031596620482,0.037572999999999995
2014-12-16,0.1508249290644585,0.15218731978371214,0.06101073327257531,0.043687000000000004
2014-12-17,0.15027820513495707,0.15281999687292516,0.04276413279257332,0.031146000000000007
2014-12-18,0.14906528386877727,0.1524065058747109,0.007008843576631146,0.04622100000000001
2014-12-19,0.1490753657119162,0.1539646986172528,0.0026002093012494343,0.03199300000000002
2014-12-22,0.14893658110712893,0.15706671681024387,-0.008152477992029228,0.03792599999999999
2014-12-23,0.14782179543779048,0.15671666580653446,-0.0008422598311185747,0.037332000000000004
2014-12-24,0.14809667102972662,0.15670133084001214,0.0003419107418510259,0.03340299999999999
2014-12-26,0.14853860629319712,0.15574361484070584,-0.007143898448273761,0.035502000000000006
2014-12-29,0.1486883987503992,0.15580120541790854,0.010520383961562046,0.03217300000000001
2014-12-30,0.14894417349997163,0.15580132364966515,0.008919150449487795,0.03920799999999999
2014-12-31,0.14814111996302728,0.1556066999742762,0.017500528528550385,0.038328
2015-01-02,0.1486199925307272,0.1554962288654017,0.02434133978274211,0.03852800000000001
2015-01-05,0.14935697714156007,0.1522052708546199,0.03151630439159456,0.04120399999999999
2015-01-06,0.14834914255796394,0.15216073466533736,0.0389420245612169,0.040745
2015-01-07,0.14819680961809117,0.15227649532433718,0.022978546944629447,0.046636999999999984
2015-01-08,0.14814830201421586,0.15217496248212173,0.013495035820095536,0.041884000000000005
2015-01-09,0.14788662603319544,0.15201418175929635,0.014318372300422683,0.04156099999999999
2015-01-12,0.14729598733528299,0.15199403375893053,0.010075504836235621,0.04338900000000001
2015-01-13,0.1459187991134233,0.15144512431681853,0.008973627864679729,0.046326000000000006
2015-01-14,0.14510820371274974,0.15134905387103958,0.00874690538120268,0.04172200000000001
2015-01-15,0.1446991010149349,0.14896609305276495,0.017937226645115933,0.044305999999999984
2015-01-16,0.1442942425110871,0.14895564188687788,0.015552478431866829,0.041595999999999994
2015-01-20,0.1435982536465857,0.14897353308436986,0.013779757216909827,0.045036999999999994
2015-01-21,0.14622709727214991,0.1490780454940851,0.027195139894828996,0.02853900000000001
2015-01-22,0.14603192226453515,0.14895637860153696,-0.0037481606110587318,0.038326
2015-01-23,0.14626632558239663,0.14892382414259403,0.0007861530904231251,0.03700700000000001
2015-01-26,0.14596688275534367,0.14904566070805933,0.012050089027409089,0.02907600000000002
2015-01-27,0.14584537974019476,0.14893215751010044,0.016540107614579913,0.036501000000000006
2015-01-28,0.1451718705328274,0.14910813516488575,0.03036842891255309,0.025334000000000023
2015-01-29,0.1433001419585085,0.14877144015106786,-0.010303042117964706,0.029725999999999975
2015-01-30,0.14259069573791466,0.14769653798016913,0.000613141276797069,0.040879
2015-02-02,0.14174915685932815,0.14764536194055206,0.0009239937462354741,0.041604
2015-02-03,0.1417977154017941,0.1479066339301806,-0.008097982975867501,0.04121
2015-02-04,0.14072667946161815,0.15258772718195787,-0.006909506420678946,0.042015
2015-02-05,0.14147821663262877,0.1524273300211192,-0.008013143933701755,0.03736900000000001
2015-02-06,0.14173138662543927,0.1514547567834728,-0.008543778642729566,0.039518
2015-02-09,0.14168840530980872,0.15142902527950305,0.006841434914632044,0.044288999999999995
2015-02-10,0.14145435688623786,0.15197654438699046,-0.005255574142011388,0.03773199999999999
2015-02-11,0.14290053769325636,0.15131818939459554,-0.0011921447526528905,0.03989800000000002
2015-02-12,0.1429107642816875,0.1506262945810013,0.001204192816630062,0.03806100000000001
2015-02-13,0.142397200786043,0.15117780874176862,-0.003971264450936929,0.030583000000000027
2015-02-17,0.14256326812918238,0.15068384535914034,-0.0018985720602788247,0.031400999999999984
2015-02-18,0.14250195725122514,0.1524523319585667,-0.002692167373895271,0.03267700000000001
2015-02-19,0.1427417864536243,0.1515184732329432,-0.004388671598083288,0.030557
2015-02-20,0.1422799970922465,0.15246308472274603,-0.005594474147934125,0.03225800000000001
2015-02-23,0.1435479555724929,0.14625139653980979,0.00374251028639766,0.03376500000000002
2015-02-24,0.15845874112962524,0.1462336454227217,-0.00031051953488592243,0.031754000000000004
2015-02-25,0.16124127371151767,0.1461426901015588,0.0062587476582664225,0.030830999999999997
2015-02-26,0.16620612674376575,0.14619043488378874,0.003907783372988222,0.031810000000000005
2015-02-27,0.16861975061801174,0.1464131017166976,0.007558621424195416,0.029637000000000024
2015-03-02,0.16927167822059172,0.14630315693508422,0.01857386262010771,0.03545599999999999
2015-03-03,0.1717386479089461,0.14659008152179537,0.025836931928295864,0.04092899999999999
2015-03-04,0.1726188053811679,0.14644513212805135,0.03144969048430252,0.042774000000000006
2015-03-05,0.17332976351452403,0.14778954772008066,0.025843693919160304,0.03917799999999999
2015-03-06,0.17355479760171263,0.1466382971503243,0.04171724065034493,0.044254000000000016
2015-03-09,0.17451130090960928,0.14731035938727377,0.03652442158776817,0.03778100000000001
2015-03-10,0.1746139387510421,0.14751554359507826,0.055245810869394424,0.03457199999999999
2015-03-11,0.17577067166464835,0.14681280543796668,0.06368468597781188,0.03581799999999999
2015-03-12,0.17615287402293778,0.14745296849564024,0.056287427087551356,0.037328
2015-03-13,0.17642221479106618,0.1470538301111594,0.0635611994521903,0.03481100000000001
2015-03-16,0.1767902709185098,0.14712617391408492,0.053794147427712075,0.036326
2015-03-17,0.17688051616732425,0.14704891433778916,0.05847828300477356,0.035924999999999985
2015-03-18,0.1755172761432003,0.1495615592256305,0.0366745322375856,0.03506099999999998
2015-03-19,0.1777815555195466,0.14953602983685205,0.03275342772636247,0.03423499999999999
2015-03-20,0.17859217737287114,0.1472069387026971,0.014977821272935316,0.029992999999999992
2015-03-23,0.17912713083324708,0.14710360754652305,0.022270565093373024,0.031532000000000004
2015-03-24,0.17982071471233826,0.1471334266843634,0.026582596320579938,0.03320899999999999
2015-03-25,0.17922895166000016,0.14717423501485105,0.030847932020537844,0.03404200000000002
2015-03-26,0.1794218933437149,0.14660905807136404,0.036516454698867606,0.03667500000000001
2015-03-27,0.18354791749627183,0.14710703618028054,0.028268305911675534,0.039625999999999995
2015-03-30,0.18488087602977135,0.16945625595517988,0.03538060797843737,0.034770999999999996
2015-03-31,0.18669453890885257,0.1694472618514947,0.04907697010221729,0.029725
2015-04-01,0.18712987834427347,0.16835541839611032,0.04354058330559987,0.03909400000000002
2015-04-02,0.18699711213184236,0.16770569273568986,0.04238221142944201,0.033463999999999994
2015-04-06,0.18708413532664178,0.16518114134378623,0.040259869081284455,0.03445400000000001
2015-04-07,0.18769698732572238,0.16304674141452843,0.040242137703068004,0.035219999999999974
2015-04-08,0.19156005615835411,0.16452102700140442,0.035262499111363976,0.03510000000000002
2015-04-09,0.19252441545068497,0.16337479651350986,0.030002420455018608,0.03248799999999999
2015-04-10,0.19363809154801118,0.1636397904455833,0.025867894630642096,0.03149500000000002
2015-04-13,0.1941014821511403,0.16392992729912087,0.035623441391283206,0.032854999999999995
2015-04-14,0.19422822641470944,0.16311156247756042,0.028764979802301555,0.032528
2015-04-15,0.19457672649645294,0.16206624895245836,0.0310547621107633,0.029424000000000006
2015-04-16,0.1949090393658786,0.15981061970035979,0.03565208682957011,0.029710999999999987
2015-04-17,0.19554943436411062,0.15690437334518642,0.048592139159355646,0.028838000000000003
2015-04-20,0.1959927219744257,0.15642434208682207,0.04349458132382045,0.02976000000000001
2015-04-21,0.19605532214462357,0.1565878459205877,0.044562617002124216,0.025315000000000004
2015-04-22,0.19575082423519108,0.15582215588392073,0.02320140823926442,0.025035
2015-04-23,0.19711040886004055,0.15547057342551354,0.013388235121242043,0.021310999999999997
2015-04-24,0.2001918060015303,0.1561279163065058,0.01984813050977602,0.02419400000000002
2015-04-27,0.20016927759701797,0.15664318725967788,0.03120827287578337,0.031709000000000015
2015-04-28,0.19980174966953454,0.15610869848112038,0.024101212898826746,0.029978000000000005
2015-04-29,0.19934893092135303,0.15545653084284378,0.02745149205732303,0.028158000000000016
2015-04-30,0.19957407849227568,0.15502399000479294,0.03334329607641848,0.03550500000000001
2015-05-01,0.19951939142592864,0.1549547282285672,0.02722940636267568,0.035883
2015-05-04,0.19947707747546115,0.15481909697719515,0.02203912590528484,0.02626400000000001
2015-05-05,0.20000508491715627,0.16955773501346433,0.027350115746454406,0.02942900000000001
2015-05-06,0.19985946367237065,0.1669212626764656,0.027443126527991968,0.03326100000000001
2015-05-07,0.1999935670543037,0.16931054705305926,0.035552262943179536,0.030016000000000015
2015-05-08,0.20014639994597883,0.1720522682354842,0.02187188839659604,0.02696900000000002
2015-05-11,0.20060609082314587,0.16606962488267296,0.024430552323383314,0.022929000000000005
2015-05-12,0.20070940621952685,0.16900082683677198,0.02824094365888108,0.024048000000000014
2015-05-13,0.2007988965915023,0.16649732829867092,0.024509230328312537,0.02892699999999998
2015-05-14,0.20000691360695308,0.16719005600583192,0.007851479993742916,0.027322999999999986
2015-05-15,0.20031137344916802,0.16696133394155244,0.0066422302979460834,0.02817
2015-05-18,0.20101935432973428,0.16559937262740307,0.00609436724152998,0.021310999999999997
2015-05-19,0.20138820980848343,0.1655741971112813,0.00763251733774678,0.018319000000000002
2015-05-20,0.20157671219542303,0.16599620963092965,0.011466071011760809,0.014862000000000014
2015-05-21,0.2017054813485291,0.16552818443092013,0.007528109177498993,0.020938999999999985
2015-05-22,0.20185797922299117,0.16546227185268617,0.015279622300898549,0.020315
2015-05-26,0.2016642692542187,0.16616640244284367,0.03045874758735928,0.026481000000000005
2015-05-27,0.2019796980407209,0.1662089218276304,0.028028933275113632,0.02241499999999999
2015-05-28,0.20205208133581434,0.1657602352460651,0.035020824375294524,0.01974200000000001
2015-05-29,0.20192817958586332,0.16505070223061435,0.04590674182771351,0.020883000000000013
2015-06-01,0.2016406676936893,0.16502728693686472,0.04949149107029764,0.02493100000000001
2015-06-02,0.20113923103273093,0.16526120126441968,0.05849903485788685,0.023602999999999985
2015-06-03,0.20134422602700655,0.16545795243731803,0.06324344892215147,0.02418899999999999
2015-06-04,0.2013898590713674,0.1657210416091631,0.06690650384749192,0.026389999999999997
2015-06-05,0.2022374197443267,0.16551082318140686,0.06927634484523362,0.026434000000000013
2015-06-08,0.20278359221108533,0.16707236914712245,0.07608737558365064,0.02255600000000002
2015-06-09,0.20282202617046935,0.16560823013511788,0.07685909515062794,0.025223999999999996
2015-06-10,0.2030449995922292,0.1842487310885655,0.06987415377025459,0.021504999999999996
2015-06-11,0.20336363526947188,0.18557608161966482,0.07591823837035652,0.024529999999999996
2015-06-12,0.20374465861709193,0.18531806996779882,0.07637031585096994,0.021716999999999986
2015-06-15,0.2036071740267452,0.1859402571082164,0.0857697935933754,0.021734000000000003
2015-06-16,0.2041304362906999,0.1863831743255522,0.07507316331434341,0.026461000000000012
2015-06-17,0.20451997369584532,0.1825016615416102,0.06549259641450514,0.023808000000000024
2015-06-18,0.20430663485493983,0.18392510610746612,0.05148631056520725,0.018168000000000017
2015-06-19,0.204652147769346,0.18561584127941133,0.05606479290466815,0.019130000000000008
2015-06-22,0.20509068139523254,0.18025851069665302,0.05318644624977997,0.009704999999999991
2015-06-23,0.20508074617864108,0.17316263801776613,0.06560961523995734,0.007605000000000001
2015-06-24,0.20532842750363645,0.1802109862286269,0.06889536784257416,0.002477000000000007
2015-06-25,0.20529323966957952,0.16303464334588985,0.0657536107822313,0.009841000000000016
2015-06-26,0.2051161705516847,0.16721647427359698,0.060905055139695075,0.009957999999999995
2015-06-29,0.2046469635959742,0.18004234372526431,0.09222314124552869,0.022727999999999998
2015-06-30,0.2048284419907114,0.17904367422173115,0.09983459335590222,0.014755999999999991
2015-07-01,0.20501937106587986,0.1690630274104975,0.08816828428249418,0.020707000000000003
2015-07-02,0.20508753569681473,0.1632025803270186,0.08678417222239856,0.02129499999999998
2015-07-06,0.2061631837354382,0.17081626525694504,0.0825753296125585,0.02520699999999998
2015-07-07,0.20538774317037864,0.16924124931605974,0.07728723132992843,0.023719000000000018
2015-07-08,0.20545558473999417,0.17644577494457545,0.08398860479913517,0.021084999999999993
2015-07-09,0.20600953919077014,0.1767016549252667,0.08073754581454701,0.021604000000000012
2015-07-10,0.20663712632790265,0.17218533951376036,0.06802776417431508,0.021979
2015-07-13,0.20736372042091983,0.17021257498926862,0.06323319677558831,0.020133000000000012
2015-07-14,0.20756591792480625,0.17143030148999525,0.05384136637874293,0.018088999999999994
2015-07-15,0.20883005535981045,0.17093821808774445,0.04942430335160505,0.019871
2015-07-16,0.21009956097621224,0.19239581104554232,0.04789292327694214,0.017266999999999977
2015-07-17,0.2114033908586815,0.19242237149797473,0.05208382396201547,0.019317
2015-07-20,0.2128114415261952,0.1913170070578303,0.06141120460115687,0.02004499999999998
2015-07-21,0.2146641581335874,0.19191463438289422,0.064689612098741,0.009923999999999988
2015-07-22,0.21316405873652192,0.1638273509397989,0.016796879948727667,0.020550999999999986
2015-07-23,0.21288409946003006,0.16229139646812757,0.01601963378672147,0.022281999999999996
2015-07-24,0.2128964039379729,0.15702766295949094,0.022261833594508756,0.023397
2015-07-27,0.2133447270551293,0.1567025224212578,0.03198850151808669,0.024331999999999993
2015-07-28,0.2163013135065079,0.1566428833830822,0.025808382506600697,0.022189999999999988
2015-07-29,0.2228180820225243,0.15972985191649736,0.024374885442163235,0.01675399999999999
2015-07-30,0.22322095408907947,0.15857444597885315,0.020872952128260708,0.020690000000000014
2015-07-31,0.22689475364887288,0.1577161235194181,0.013817013121115357,0.017857000000000012
2015-08-03,0.22771095225460367,0.15716552724709323,0.014410851674347691,0.020547999999999983
2015-08-04,0.23009677735064893,0.1664470244407727,0.02240666973782754,0.01891799999999999
2015-08-05,0.23060406753082008,0.1749224659547432,0.027703055500054724,0.01952100000000001
2015-08-06,0.2314194318837544,0.17341654164011108,0.0295211175923826,0.021940000000000015
2015-08-07,0.23179652611823495,0.16643344379847588,0.044430503009224576,0.011198999999999987
2015-08-10,0.2326179975402051,0.16659361548004795,0.029404745075623323,0.024378999999999984
2015-08-11,0.23394550917271603,0.16496491872907262,0.03722450362096397,0.022328000000000015
2015-08-12,0.23373065981628502,0.15148620394998097,0.048849383512004074,0.00812099999999999
2015-08-13,0.23420209890870436,0.15839063085987592,0.03461126241034676,0.024418999999999996
2015-08-14,0.23434945089681716,0.1565214040084385,0.03153143671086231,0.02221200000000001
2015-08-17,0.2342094134464303,0.15575722055409383,0.04904693169789617,-0.007097999999999993
2015-08-18,0.23477323486652854,0.15609867819460055,0.027633187019458744,0.017154000000000003
2015-08-19,0.2346628664909166,0.1544610880525988,0.02488217117284333,0.017531999999999992
2015-08-20,0.23462377673193294,0.19911323091555932,0.07624540431420634,0.02355099999999999
2015-08-21,0.2341378166903854,0.14889513168948146,0.10460091941717489,0.033518999999999965
2015-08-24,0.22565537072207614,0.14364354750183533,0.15339691508614287,0.046178
2015-08-25,0.2239126067106187,0.14350637202878216,0.13906648746807662,0.061363
2015-08-26,0.22057217156894715,0.1438099178625941,0.06209911865351103,0.08258899999999997
2015-08-27,0.21984040427019644,0.15341259865460413,0.014361511751704359,0.08919499999999997
2015-08-28,0.21955169237664757,0.15472053535090677,0.12300321281208254,0.06635000000000002
2015-08-31,0.21772659475241674,0.1552666131730881,0.07935043212822124,0.07417800000000002
2015-09-01,0.21750827189541508,0.15390010626266357,0.10907249425473275,0.07687400000000005
2015-09-02,0.21706829667999564,0.15425282276507965,0.04277893116778553,0.08574300000000001
2015-09-03,0.21668663431611032,0.151823905912153,0.02507509895441906,0.07764500000000002
2015-09-04,0.21615347825241857,0.1486966750676917,0.05059679895460495,0.07019299999999995
2015-09-08,0.21613050969607184,0.1517283554926227,0.018403931286293307,0.067554
2015-09-09,0.21650266228953313,0.15535723864604048,0.007613704369612617,0.078484
2015-09-10,0.21704450384900947,0.15511583350130279,0.01075987556697211,0.08681899999999998
2015-09-11,0.21715316987347846,0.15501470840663067,-0.00286575736550998,0.09354099999999999
2015-09-14,0.21753280891453464,0.1548521604763564,0.00836295643690338,0.083231
2015-09-15,0.21740784737236316,0.14957362360511983,-0.015561425678159102,0.07213800000000001
2015-09-16,0.21815683050849577,0.14926001269436973,-0.028044970248139123,0.07117000000000001
2015-09-17,0.2168414537028254,0.14835138167332754,-0.05670489753472441,0.06451700000000002
2015-09-18,0.2161225319556499,0.14731056812148732,-0.04588632956579225,0.06764900000000001
2015-09-21,0.2160475278275501,0.1480081677823599,-0.05721950713530216,0.06809699999999996
2015-09-22,0.21570223093857802,0.1423227966510518,-0.02972888254816536,0.06743100000000002
2015-09-23,0.21575450894784504,0.14224609713643172,0.019893803034425506,0.06531599999999999
2015-09-24,0.21528755925043214,0.1422953264213816,0.0319807617580192,0.06460700000000003
2015-09-25,0.2117819863515137,0.178572086827697,0.06158841790765157,0.073378
2015-09-28,0.21078838600257782,0.17787093422990533,0.11882703753736257,0.070656
2015-09-29,0.20922737213718662,0.17694781482392496,0.09381744711293327,0.07573799999999997
2015-09-30,0.20888458244712066,0.17516177645471712,0.07530268847133426,0.06709000000000004
2015-10-01,0.20885799740482308,0.17376376005891234,0.06982980207891043,0.06929999999999997
2015-10-02,0.20822826598358857,0.17167614694485067,0.05390873055925072,0.06975900000000002
2015-10-05,0.20814597874780963,0.17195597752821784,0.042795410035805725,0.06451800000000002
2015-10-06,0.2045152439712484,0.16549073402482792,0.04808955354614636,0.06703800000000004
2015-10-07,0.20403324213319107,0.1631222407928884,0.03857053226526086,0.06795899999999999
2015-10-08,0.20296614305764343,0.15667388565164134,0.018085976459211783,0.06234500000000001
2015-10-09,0.2026180515821902,0.1574818267151072,0.008726811790713995,0.060291999999999984
2015-10-12,0.20282479063497189,0.15749518498047355,0.0052046732605027235,0.061506000000000005
2015-10-13,0.20251614749427363,0.15806489228937645,0.012448914237045028,0.06257699999999997
2015-10-14,0.2020712184905375,0.15952512947634828,0.008048376057267798,0.06213800000000003
2015-10-15,0.20127581073451226,0.15819670325438254,-0.0027173180579893597,0.048305000000000015
2015-10-16,0.20107963355210795,0.15751391843492082,-0.012436897421493481,0.051118000000000025
2015-10-19,0.20189785272714408,0.15936276845151431,-0.017865957672589694,0.048914999999999986
2015-10-20,0.2021006682797475,0.15814311449663526,-0.011705978426404806,0.04116599999999998
2015-10-21,0.2002475481451091,0.15746799904946282,-0.024229876923506366,0.053783
2015-10-22,0.19716660036107897,0.15985457164109432,-0.050803107218494487,0.045807000000000014
2015-10-23,0.19681361434936526,0.15762492632621408,-0.051263876781249385,0.049843
2015-10-26,0.19671769256135088,0.15781685195632617,-0.023470996257488164,0.044825000000000004
2015-10-27,0.2007542052793123,0.15423644005201598,-0.022730260120289142,0.044548000000000004
2015-10-28,0.20229566588268139,0.15478312785801002,-0.029580636135323995,0.04256800000000002
2015-10-29,0.20283617668087892,0.15805353373389858,-0.020089559687304664,0.042818999999999996
2015-10-30,0.20312949900143185,0.18650724725801662,-0.00822212861216412,0.03834499999999999
2015-11-02,0.20270375710579977,0.18540789324328993,-0.009719410572243153,0.044834999999999986
2015-11-03,0.20289332643440197,0.1734326993415351,-0.014185674856576569,0.04860900000000001
2015-11-04,0.2033527102834197,0.17763113796791125,0.01138661707521807,0.049679
2015-11-05,0.20369953913896416,0.17966925746013473,0.017817724264746954,0.043297
2015-11-06,0.20337276161420617,0.18330399331404837,0.015350446605028961,0.04860399999999998
2015-11-09,0.2033129727503962,0.1802590797993532,0.02750369761327004,0.04714499999999999
2015-11-10,0.2036831419755329,0.18519175881920272,0.02296028060639671,0.04879999999999998
2015-11-11,0.2039383857758886,0.1851269133422004,0.031665087234067135,0.05098699999999998
2015-11-12,0.20407308351332498,0.18826494121703485,0.04607112674824021,0.05195199999999997
2015-11-13,0.2038948122841549,0.18507246291784743,0.05730875217879497,0.05131700000000003
2015-11-16,0.20397535576434792,0.18706895043239324,0.047164556540356534,0.056387999999999994
2015-11-17,0.20456848317884443,0.18390349185035015,0.04637134076117244,0.05197199999999999
2015-11-18,0.20437058703111718,0.18549160444351287,0.03900277632592475,0.04877500000000001
2015-11-19,0.20418652918367677,0.1857234078693804,0.043707883800514796,0.04866799999999999
2015-11-20,0.20423588054313052,0.17922722834948626,0.06728525485624459,0.049679
2015-11-23,0.2041281226119168,0.17869874120757376,0.07527427763274885,0.05054
2015-11-24,0.2040755852864997,0.17974357068362468,0.0658903612452266,0.051204
2015-11-25,0.20420315995046126,0.17962138762444238,0.06278941991429934,0.04769000000000001
2015-11-27,0.2044370945465358,0.17887567744804486,0.07120806936231891,0.04926799999999998
2015-11-30,0.2043681309027705,0.1791736449096502,0.08058798326423663,0.05202000000000001
2015-12-01,0.20415408518603273,0.18376489631799506,0.0688094196538574,0.05579600000000001
2015-12-02,0.20404804034338017,0.18306002470672378,0.07528946232218936,0.05824199999999999
2015-12-03,0.20298485356520937,0.17952320240098238,0.08083078902839061,0.05960099999999999
2015-12-04,0.2024667909639093,0.18132164931375183,0.05848046629992443,0.055465000000000014
2015-12-07,0.20251088822735652,0.19145841390560475,0.06628056041980585,0.058025999999999994
2015-12-08,0.20229737080332214,0.19108662861107673,0.07371146330887515,0.05446199999999998
2015-12-09,0.20178902999144438,0.19103037195512818,0.07972383764009391,0.05894800000000003
2015-12-10,0.2019210030997303,0.19066469126781965,0.07669382616230405,0.057195000000000024
2015-12-11,0.20195808138399773,0.18983214604263793,0.10632455318768941,0.06973099999999999
2015-12-14,0.20137837685433932,0.1892673559154032,0.09824493511944746,0.06756799999999999
2015-12-15,0.20156420044577827,0.18970346888428782,0.08590651000031205,0.06296599999999997
2015-12-16,0.2009166395489343,0.18777847702340242,0.06168261446467402,0.06058299999999997
2015-12-17,0.2005820847700698,0.1893846575389183,0.06725384638523044,0.05737999999999999
2015-12-18,0.20016488986652453,0.19031018485339599,0.085054489018074,0.06268700000000002
2015-12-21,0.20046039997682777,0.19064996853595426,0.06726524557451921,0.06148600000000004
2015-12-22,0.20030603275161574,0.19083092476945734,0.04972885190378004,0.059682999999999986
2015-12-23,0.200509969446401,0.1908681417903864,0.033731310735807846,0.049097
2015-12-24,0.20115232695513904,0.1897043183088291,0.03367331889687025,0.04855899999999999
2015-12-28,0.20142061184990195,0.18990896163596513,0.0469183298564379,0.055537
2015-12-29,0.2015391553871068,0.1899225868149942,0.039855196244068886,0.05037
2015-12-30,0.2013946371113417,0.1899107550780986,0.04349548154694938,0.053014000000000006
2015-12-31,0.20141990290741518,0.19002604443752344,0.053402047977806344,0.05199000000000001
2016-01-04,0.19943707765584315,0.1961442945070671,0.0766782934327751,0.06322
2016-01-05,0.20017461808100806,0.1935258469819349,0.07602996250574676,0.061193
2016-01-06,0.19998784408284517,0.19671471281372083,0.08200615830494115,0.06092399999999998
2016-01-07,0.19976273446163048,0.19669159417287133,0.10397701164114342,0.055794999999999983
2016-01-08,0.19876999277493732,0.1988807536059073,0.09472879675492135,0.06572300000000003
2016-01-11,0.19814229787039267,0.19921275356780913,0.09177406321998957,0.06206099999999998
2016-01-12,0.19813018033820903,0.19798938791991774,0.07783287345546236,0.058676000000000006
2016-01-13,0.19649831939306983,0.1963270786993978,0.08420626566368034,0.06522299999999998
2016-01-14,0.1953146561415984,0.1953927035795165,0.06460303910553766,0.06859500000000002
2016-01-15,0.19399149903862264,0.19414901085549155,0.08540861931099425,0.07956099999999999
2016-01-19,0.1925250507728012,0.19461564819323812,0.0785487464188509,0.06551299999999999
2016-01-20,0.19116513408948801,0.19450669970346274,0.10135740733345308,0.06360100000000002
2016-01-21,0.1908176041794009,0.19515762096444128,0.0844383912982403,0.071853
2016-01-22,0.19077771855566542,0.19480934833511962,0.048543510425892,0.069853
2016-01-25,0.19047653118609625,0.19493478671561335,0.06189906376144422,0.07206100000000001
2016-01-26,0.18960029996626787,0.19468720827016545,0.04911154194992043,0.07065700000000003
2016-01-27,0.18648311862265946,0.19727414160994491,0.03223373499022353,0.07058900000000001
2016-01-28,0.18039134516838107,0.17388787335530273,0.010777998803358224,0.06391999999999998
2016-01-29,0.1805195093264253,0.17289350445636353,-0.027816378423613647,0.06158199999999997
2016-02-01,0.17640821242054802,0.16963112805995362,-0.04090570586519432,0.054454999999999976
2016-02-02,0.17558327094682935,0.16544693626635162,-0.028070225024996676,0.06327600000000003
2016-02-03,0.17226859378562834,0.16517522087416586,-0.03551400699669849,0.06789899999999999
2016-02-04,0.1714546634208019,0.16397217144328854,-0.03511495952719723,0.066685
2016-02-05,0.16972306068302628,0.16426893717601898,-0.026469513514948084,0.07143600000000003
2016-02-08,0.16831546114286602,0.16196713553987344,-0.015621365134920295,0.07271099999999997
2016-02-09,0.16657666371925445,0.16218486138215393,0.005543967762175195,0.05490299999999998
2016-02-10,0.16487645715327415,0.1620204463708614,-0.023647221742967628,0.07233399999999995
2016-02-11,0.16349646682918856,0.16200146205698904,-0.001397363943590857,0.07232100000000002
2016-02-12,0.1629478486532181,0.16379399789515275,-0.030355812010158967,0.07484799999999997
2016-02-16,0.16268353831966648,0.1636526565178311,-0.043074246583131026,0.06601600000000002
2016-02-17,0.16257145124563313,0.16389387385631804,-0.057659444352170214,0.07050500000000001
2016-02-18,0.1621313887758117,0.16374998531015447,-0.051315690380029394,0.06684199999999998
2016-02-19,0.16190917836685817,0.16482397729457351,-0.05411946236528256,0.06618100000000002
2016-02-22,0.1621318031202146,0.16562724566559167,-0.06220753520468614,0.054853999999999986
2016-02-23,0.16190900585776224,0.16603030472888503,-0.0510208332291385,0.05855099999999999
2016-02-24,0.15994379414242627,0.16718760719465545,-0.05870069560637292,0.056389999999999996
2016-02-25,0.1602480629503968,0.1667517776811256,-0.07152893034927293,0.061856999999999995
2016-02-26,0.16421090636129565,0.16500188231104906,-0.05931165735242508,0.06225000000000003
2016-02-29,0.16467456269026157,0.1637187246820359,-0.01767309892793717,0.05591500000000002
2016-03-01,0.1646127143782304,0.16430780116877733,-0.04212092971554118,0.06214899999999998
2016-03-02,0.1652035746932368,0.16501064224890988,-0.02815672910653963,0.062266000000000016
2016-03-03,0.1649150071280732,0.1697216399722792,-0.01815921346177643,0.055602999999999986
2016-03-04,0.1648757670639933,0.16600465495738678,-0.011017585967635857,0.05745699999999998
2016-03-07,0.1649274822007555,0.16129356675023726,-0.004780004357364864,0.057087
2016-03-08,0.16472560410639944,0.15974695423442956,0.005066366938380973,0.059025999999999995
2016-03-09,0.16481682621292515,0.16061335558464837,0.011368112482225023,0.05787400000000001
2016-03-10,0.16311977269326094,0.16070565429870504,0.009840276019008054,0.058639
2016-03-11,0.16153218437556335,0.16656934401623483,-0.003984554144265379,0.05543100000000001
2016-03-14,0.16123567797501728,0.1688639526589646,0.003047049903304677,0.04978900000000003
2016-03-15,0.1606980295926021,0.17475150815164406,0.005643779155710293,0.05805000000000002
2016-03-16,0.16057311680208622,0.1743922454636838,0.00837976440542057,0.030621999999999983
2016-03-17,0.15963042925092177,0.17455162079902847,-0.01634779429061184,0.046988
2016-03-18,0.16011525042011673,0.17444894667109292,-0.025853621154517836,0.05260000000000001
2016-03-21,0.1608310366126997,0.17439842736663672,-0.024367231240311288,0.049921999999999994
2016-03-22,0.16010197758859698,0.17402068677492896,-0.024805279386293955,0.04954600000000001
2016-03-23,0.16021175113812025,0.17414186599930942,-0.023361958468591598,0.05052699999999999
2016-03-24,0.1600348409614129,0.17370470520427442,-0.014149815699621288,0.05470699999999998
2016-03-28,0.16000186343944828,0.15642487036420907,0.003577302196354354,0.056398000000000004
2016-03-29,0.15964957979336375,0.16219292314411068,0.009671210841774247,0.049450999999999995
2016-03-30,0.15983081656680825,0.16284832929862694,0.011092329370162801,0.050625
2016-03-31,0.16011716373866536,0.16177324395902154,0.012077504311856058,0.05105900000000002
2016-04-01,0.16040460431378176,0.16066317945641012,0.009781801446655414,0.050587999999999994
2016-04-04,0.16061269889136842,0.16282786112001224,0.020010060696206894,0.05310999999999999
2016-04-05,0.16090563666202878,0.16395363506381277,0.03266648900400557,0.054890999999999995
2016-04-06,0.16134453460388212,0.1627694871376633,0.03232021607029051,0.049011
2016-04-07,0.16076305106133074,0.16287639452553626,0.039141180522678926,0.05646999999999999
2016-04-08,0.16066748560385835,0.16149609522857583,0.03072254718651396,0.05580199999999999
2016-04-11,0.16101518644453264,0.16317763977685243,0.0451740799432058,0.052091000000000026
2016-04-12,0.1611343615948906,0.164183645191856,0.04358603902254815,0.05457100000000001
2016-04-13,0.1637322684879363,0.16295827874440103,0.03898142860807474,0.04288800000000001
2016-04-14,0.16416279425333924,0.1579990156427028,0.04115732894076091,0.046624
2016-04-15,0.16512143070784996,0.1634453727132161,0.047594917470751785,0.04698000000000002
2016-04-18,0.1655857613391927,0.16335798586244357,0.055567021612411754,0.03756499999999999
2016-04-19,0.1654496160428359,0.16167744938869658,0.0782241211538392,0.042551000000000005
2016-04-20,0.16532635375813282,0.16148643019984166,0.01673933036279307,0.032966999999999996
2016-04-21,0.16790345586157043,0.16130903573068578,0.01881947155997385,0.04205500000000001
2016-04-22,0.168190363957092,0.15825607935736383,0.01868252999437514,0.041326
2016-04-25,0.16831455975033835,0.15885258256424759,0.029093329122515554,0.037662
2016-04-26,0.1685004406242808,0.15872257490489056,0.03031028340975722,0.03773399999999999
2016-04-27,0.16867435271019857,0.15910629711705912,0.032441693011339645,0.034161
2016-04-28,0.1641371870820421,0.18738555330404738,0.042955968314624504,0.04713300000000001
2016-04-29,0.16135182694561792,0.18725919593846227,0.04146555540918759,0.04591299999999998
2016-05-02,0.16187745562484945,0.18168227981645768,0.030877782465205977,0.04208200000000001
2016-05-03,0.16132427537094213,0.18168227981645768,0.0308871441473956,0.039255999999999985
2016-05-04,0.16196221107934822,0.18167150838782636,0.03499103853405647,0.04192600000000002
2016-05-05,0.16156635240836556,0.18167150838782636,0.028352179420085277,0.04500100000000001
2016-05-06,0.16177348875313385,0.18231056755688582,0.030136372950691992,0.043076
2016-05-09,0.16225732091611125,0.18255566689016978,0.02870153417326199,0.040858000000000005
2016-05-10,0.16201766476869597,0.18231056755688582,0.01505000819632868,0.041962
2016-05-11,0.16303539694404828,0.18231056755688582,0.019638145364942017,0.03573500000000002
2016-05-12,0.1696135319483051,0.18201272420149217,0.014237123079342051,0.04549700000000001
2016-05-13,0.1695220821236943,0.1825339128032026,0.02022620551047863,0.035871000000000014
2016-05-16,0.16938487282196105,0.18201272420149217,0.010216190805087205,0.04550000000000001
2016-05-17,0.16959231137683797,0.18263838700782883,0.008808455070941856,0.042698000000000014
2016-05-18,0.16992744911796373,0.18391748456299978,0.0073366570244861595,0.046795
2016-05-19,0.1694035603405851,0.1840288944923819,0.011686594521466587,0.04380199999999998
2016-05-20,0.1694607906225736,0.1839646538494278,0.0040875296516791615,0.04225300000000001
2016-05-23,0.16956714810357604,0.1839646538494278,0.0003864816896692602,0.039386000000000004
2016-05-24,0.16953712596443574,0.1817070532011808,-0.014437825823665179,0.03983600000000001
2016-05-25,0.17274245295826451,0.18218137512992116,-0.018443129101475025,0.03218800000000002
2016-05-26,0.17411856301459874,0.18392352299061535,-0.020702628937215167,0.03160399999999999
2016-05-27,0.17391256700500196,0.1839072516456572,-0.0007938350647853087,0.03364900000000001
2016-05-31,0.17369592980958723,0.18398955743401416,0.01907372818979114,0.037499000000000005
2016-06-01,0.17375311268726668,0.1839006275308447,0.02672220927439989,0.01636599999999999
2016-06-02,0.17381236671596478,0.1826903479619588,0.02597349866415774,0.022319000000000006
2016-06-03,0.1747529299506749,0.1824344108733928,0.023626201358884158,0.0027359999999999884
2016-06-06,0.17493554408057008,0.18221872961738375,0.03191781610628269,0.026609999999999995
2016-06-07,0.17500521733473617,0.16895047972358898,0.04285664597550792,-0.011680000000000024
2016-06-08,0.17504193349576505,0.16887845753761152,0.037693333853822786,-0.00016800000000000148
2016-06-09,0.17694004368539432,0.16866795951062277,0.041384810009925166,0.024586999999999998
2016-06-10,0.17760966756735597,0.16852065837439026,0.05143876880309595,0.05014000000000002
2016-06-13,0.1773266344022383,0.16876968852740884,0.0852830333937393,0.04274800000000001
2016-06-14,0.1773614802702253,0.16869355715600115,0.091620904377689,0.054981
2016-06-15,0.17750939516556014,0.16988490131101427,0.10003653649522923,0.04092700000000002
2016-06-16,0.17843545407243433,0.16912376104308013,0.08239504246011733,0.06396800000000002
2016-06-17,0.17928050859873937,0.16908281033188283,0.08995077389712214,0.05717100000000003
2016-06-20,0.18127663662370275,0.16847329763913962,0.09585191504734099,0.044365000000000016
2016-06-21,0.18153521827491012,0.16848086787698738,0.09383255158801049,0.025057000000000024
2016-06-22,0.1810291515985299,0.16864250439891076,0.08437014863682635,0.05993399999999999
2016-06-23,0.18104835662262078,0.16783568679646346,0.07359850841301036,0.052696999999999994
2016-06-24,0.18088316815869213,0.16978536401692065,0.12500791507234693,0.048262
2016-06-27,0.18035444438151635,0.17052888361331506,0.13414397586096646,0.06301800000000002
2016-06-28,0.18032415878578345,0.1689313456803809,0.10309978056792815,0.05610399999999999
2016-06-29,0.18034340795565246,0.16813721772891638,0.08281983207047977,0.05129800000000001
2016-06-30,0.1802582949582853,0.16808796055055883,0.06635608163655815,0.053508
2016-07-01,0.1804993180500172,0.16857416721090254,0.06569549261289764,0.03861999999999999
2016-07-05,0.18106867390538034,0.16943514306144647,0.07378769251065481,0.05490999999999999
2016-07-06,0.18039531075565113,0.1688765630842267,0.06476393142850631,0.052697999999999995
2016-07-07,0.18055223791124173,0.16885624425044093,0.06260052401899285,0.050929
2016-07-08,0.1813308477774265,0.16896609200241158,0.05010224855277076,0.047387999999999986
2016-07-11,0.18150825308983173,0.1706745376788264,0.056516488982029045,0.04061199999999998
2016-07-12,0.18197526582508927,0.17097246457139673,0.04957479791916422,0.042696999999999985
2016-07-13,0.18279395817922503,0.1762022372211972,0.052332240018823584,0.04328799999999999
2016-07-14,0.1829296794638147,0.17612197712442595,0.05437091847705855,0.03714999999999999
2016-07-15,0.18333373613885648,0.175831023836848,0.049328169782679676,0.040257000000000015
2016-07-18,0.18342388769927132,0.1757713151646689,0.055377155172835146,0.04127600000000001
2016-07-19,0.1836739624129855,0.17609410012460894,0.0539670107080755,0.043014
2016-07-20,0.18299816434418414,0.17408622825250217,0.012969898207304625,0.03394
2016-07-21,0.18277842947104325,0.1710938560575554,0.009402562543190163,0.03911099999999998
2016-07-22,0.182694917991594,0.16845921705581,0.008376247106864576,0.039659
2016-07-25,0.18285533388254924,0.16666535540449975,0.01247275303222925,0.04156399999999999
2016-07-26,0.18493760701457748,0.17065326069371514,0.012883520255180886,0.043351
2016-07-27,0.18474263090599027,0.17130508645975132,0.025824454515505996,0.027171
2016-07-28,0.18312357172762433,0.1739267930892129,0.013045559254000388,0.03395000000000001
2016-07-29,0.18245109601491544,0.17430038421634894,0.018989963154301126,0.03562599999999999
2016-08-01,0.18270235723951334,0.17592004800577,0.010390496414406702,0.03490599999999999
2016-08-02,0.1825099105874419,0.17610426796922563,0.014788033974775405,0.03626199999999999
2016-08-03,0.1834022141650618,0.17476060338461483,0.011398330225939252,0.038117999999999985
2016-08-04,0.18382504843006195,0.17481904575672363,0.018282423552311605,0.030847000000000013
2016-08-05,0.18389011074070652,0.17454255620942632,0.007628647744341105,0.03656099999999998
2016-08-08,0.18373635719874848,0.175217770185995,0.0121086964601681,0.03342500000000001
2016-08-09,0.18391314356785135,0.17503307443472696,0.006606785429161405,0.03492400000000001
2016-08-10,0.18381147028247471,0.175312666606163,0.007704979986554589,0.019557999999999992
2016-08-11,0.18380145959334687,0.17472111269930268,0.008811266402001805,-0.0027620000000000144
2016-08-12,0.1835777406344102,0.17473223674080174,0.0054839808125755896,0.035095000000000015
2016-08-15,0.18379062331588833,0.17420880827219248,0.00927533837943137,0.04760700000000001
2016-08-16,0.18405442679027773,0.17434876717189515,0.013684550218738989,0.031131999999999993
2016-08-17,0.18387814267418692,0.1790205126161876,0.016270394711654645,0.03751300000000002
2016-08-18,0.1838825178970323,0.17578086011690966,0.024881276460926832,0.03567899999999999
2016-08-19,0.18363350044314117,0.17562334316295294,0.019282694636805847,0.03565200000000002
2016-08-22,0.18329024051979956,0.17600277169383344,0.025305281064793794,0.036898000000000014
2016-08-23,0.18358401956242018,0.17431171387096256,0.026449518683207718,0.026111999999999996
2016-08-24,0.1828656557142757,0.17655365580528762,0.02922493342443741,-0.016907000000000005
2016-08-25,0.1787281253698558,0.17621928478012563,0.04400649222441769,-0.09711200000000003
2016-08-26,0.17700431659311952,0.1762593980160902,0.04486412102597817,-0.10162199999999999
2016-08-29,0.17680905512216655,0.1740375036405272,0.023573326851533682,0.038185
2016-08-30,0.17613514727483187,0.1740328412030331,0.024718585973448504,-0.00756900000000002
2016-08-31,0.17552599675707758,0.172497370455012,0.031112503405634206,-0.018455000000000027
2016-09-01,0.17547601352859446,0.1742986284997979,0.027042371479887556,0.007709999999999995
2016-09-02,0.17536321195438573,0.17403820158050398,0.017850616941931324,-0.028295999999999988
2016-09-06,0.17521402893797985,0.1737231335113972,0.01572902249130731,0.043530999999999986
2016-09-07,0.1749921086662875,0.17384124455518235,0.01317701464202814,-0.006522
2016-09-08,0.17486234663512198,0.17289835370359355,0.011375418538517451,0.03908700000000001
2016-09-09,0.17509246916653454,0.17351623932780574,0.03495638271728188,0.003318000000000043
2016-09-12,0.17472840726926397,0.17506222738463523,0.02656358702999212,0.002804000000000001
2016-09-13,0.17446652627349085,0.17693694099026172,0.03973094594308735,0.04992099999999999
2016-09-14,0.1748395489490854,0.17701821235931844,0.04112673541711853,0.008377000000000023
2016-09-15,0.1747027542573825,0.17705851569019715,0.02290193711432334,0.013180999999999998
2016-09-16,0.1735236608189262,0.17654320487971553,0.12029877859157626,-0.093439
2016-09-19,0.17344630106226844,0.1763301126406452,0.03432377984392718,0.03998400000000002
2016-09-20,0.17364160543836676,0.17639246874149425,0.04704714794476256,0.02472699999999997
2016-09-21,0.17304657326434236,0.17460827449175112,0.03311720741219293,0.05167900000000003
2016-09-22,0.17314918896669232,0.17271335969777893,0.0272372629602175,0.030216999999999994
2016-09-23,0.17314389068649425,0.16355490014730567,0.03431539523474647,0.023503999999999997
2016-09-26,0.17339701915284234,0.16260985884309184,0.07537038911118324,0.041769999999999974
2016-09-27,0.17321102371275407,0.16149948924959462,0.06796803799102036,0.049820999999999976
2016-09-28,0.17271373987324948,0.1647331232897252,0.0662183447447588,0.02139000000000002
2016-09-29,0.17200262051202372,0.16064962956412313,0.12833299837966045,0.03164299999999998
2016-09-30,0.17180093279888942,0.16307220145241055,0.08242594806819523,0.02096200000000001
2016-10-03,0.17159561550629723,0.1599873459901265,0.07778983468960568,0.03478800000000001
2016-10-04,0.17126711965972485,0.16276337298831295,0.0827607013729984,0.029219000000000023
2016-10-05,0.17139748082138842,0.16151070504011736,0.09290195942240945,0.03292700000000001
2016-10-06,0.1708075222612851,0.1638794296394224,0.0926926173226768,0.01667099999999999
2016-10-07,0.17039773025509714,0.16383256134677215,0.0925806560882374,0.015129000000000004
2016-10-10,0.16989094805429084,0.16493187579172003,0.07856805119459737,0.02088599999999996
2016-10-11,0.16701406812555167,0.1725114881705433,0.09797962833260071,0.03268500000000002
2016-10-12,0.16682418800183038,0.17256629096102813,0.09868599727784902,0.03755699999999995
2016-10-13,0.16703602617805624,0.17328804111763052,0.0871309227252984,0.04320299999999999
2016-10-14,0.16670501691439643,0.17236142984013286,0.08622279296123395,0.013175999999999966
2016-10-17,0.16762130623683824,0.17368152770833273,0.08582856498856783,0.024619999999999975
2016-10-18,0.1667989487913621,0.17339376229337855,0.07794824845514722,0.03933600000000001
2016-10-19,0.1636513989734709,0.17243356723365602,0.0333585861720781,0.022724999999999995
2016-10-20,0.16346842775246023,0.17189563907085734,0.01956278063849945,-0.20805799999999997
2016-10-21,0.16346892159336635,0.17193831880441238,0.012132105667586796,0.030203000000000008
2016-10-24,0.16327193070408008,0.17181688666912598,0.008097388504096081,0.03920299999999999
2016-10-25,0.1631078741486451,0.17190991875206818,0.005143019624457623,0.03731300000000001
2016-10-26,0.16269170805059135,0.17189833556790718,0.008169976340292012,0.03517400000000001
2016-10-27,0.16250996786306846,0.16859303279367252,0.03672279297512987,0.05895500000000001
2016-10-28,0.16119009318227737,0.16936179989144465,0.03690444953815483,0.03627
2016-10-31,0.1611361716773956,0.1702816780946884,0.03754067392186414,0.03368499999999999
2016-11-01,0.16048584557580828,0.17009443632086987,0.041390185012694675,0.054326999999999986
2016-11-02,0.16019042149056,0.17028630449637758,0.05239964295308003,0.03453299999999998
2016-11-03,0.15916883685710317,0.16881431102618444,0.053576975780399244,0.04877300000000001
2016-11-04,0.1577137611601448,0.1687885146300231,0.05556424992851672,0.053047999999999984
2016-11-07,0.15755958929287484,0.17008904265972025,0.03156172987915884,0.05557900000000002
2016-11-08,0.1564984997133867,0.17014724593796304,0.024714526817047944,0.05024799999999999
2016-11-09,0.1485393125784689,0.17024551530021792,-0.0024256440544730973,0.047159000000000006
2016-11-10,0.14812517630089428,0.17027424494565582,-0.005005625628048405,0.039673000000000014
2016-11-11,0.1488567533544995,0.17027489491468756,0.002991509644725332,0.04053899999999999
2016-11-14,0.14819261508386097,0.18489671811065547,0.01608197355263352,0.04523800000000003
2016-11-15,0.14716638811414431,0.18606500935327652,0.0009643259104277491,0.04834599999999997
2016-11-16,0.1466111965127867,0.1873569988675212,-0.004183176925192877,0.04147199999999998
2016-11-17,0.1471068513141585,0.1891439693023602,0.002898502934299968,0.042633000000000004
2016-11-18,0.14718827929206915,0.1896966233751214,0.002327147697788301,0.029987999999999987
2016-11-21,0.14687448356896404,0.1892243119670471,-0.006799977776461297,0.04058599999999998
2016-11-22,0.14303077175412937,0.18895639276575066,0.005356984977815393,0.03378999999999999
2016-11-23,0.14206266319851113,0.18940700244021771,0.029595446864010333,0.04851
2016-11-25,0.14290534380554215,0.18958574185188545,-0.012976986032853327,0.034057000000000004
2016-11-28,0.14296473545168575,0.1892413089757695,-0.009096047822273301,0.03764600000000001
2016-11-29,0.14292365753725,0.18900377163380028,-0.005845359599053607,0.032763000000000014
2016-11-30,0.14288225251944078,0.18841817222832144,0.009508921821812955,0.024768999999999985
2016-12-01,0.14153501553422587,0.19019413624547749,0.01118508216589209,-0.14898799999999995
2016-12-02,0.1412451206841164,0.15375919710969543,0.009116863979997919,0.023231
2016-12-05,0.1411073981038051,0.15454063192049294,0.008059320230911826,0.029569000000000012
2016-12-06,0.14193928145896711,0.15182226381921604,0.012802885807437742,0.023430000000000006
2016-12-07,0.1397404330978299,0.1524772267112222,0.04193880829871441,-0.18436200000000003
2016-12-08,0.13974251068639582,0.15328042282735677,0.015019717501275204,-0.006925999999999988
2016-12-09,0.13956082462536465,0.16252600640973802,0.03811847741527566,-0.012833000000000011
2016-12-12,0.13932910006813273,0.165796268326669,0.04020983921142168,0.023461999999999983
2016-12-13,0.13990218078348687,0.16441588130750345,0.03159549377525586,0.02137799999999998
2016-12-14,0.13814609772842873,0.16695453344381997,0.02979559479800903,0.014648999999999995
2016-12-15,0.13795864478490805,0.1746069015310612,0.022084989810220723,0.004048999999999997
2016-12-16,0.13554949140793748,0.17636021731548338,0.018821849980718647,0.02355099999999999
2016-12-19,0.13533896098748807,0.17384447224158012,0.006245405727689057,0.013361000000000012
2016-12-20,0.1360840739500269,0.17417872261643091,0.004216997704463682,0.014222999999999986
2016-12-21,0.1359486024099784,0.1746613838776591,0.009053399085597824,0.020461000000000007
2016-12-22,0.1358896660835772,0.17700474598899085,0.0290813531871785,0.014345999999999998
2016-12-23,0.1357057578393042,0.17553497134132903,0.035467155952879886,0.024472999999999995
2016-12-27,0.1356448589233385,0.17606973419000277,0.049546097275398826,0.02732599999999999
2016-12-28,0.13551962316726204,0.1712004387898903,0.05760162524111806,0.027905000000000013
2016-12-29,0.13537560752849329,0.17621364946934598,0.05648429460021234,0.03540899999999997
2016-12-30,0.1346601821006715,0.17194804573046243,0.06558254477791317,0.03469400000000003
2017-01-03,0.13383800050474262,0.1703724405644603,0.06523215075525296,0.043696999999999986
2017-01-04,0.13343610617027943,0.16914659009657318,0.064773857340328,0.03925299999999998
2017-01-05,0.1327140012628803,0.16593942377671683,0.05758882300715759,0.03765099999999999
2017-01-06,0.1309061850894264,0.163144116270214,0.03380759170886452,0.03629299999999999
2017-01-09,0.130719867842253,0.1650516497545821,0.04933017426011735,0.032079000000000024
2017-01-10,0.1302264500496693,0.14322159070871077,0.03733603795836965,0.029873999999999984
2017-01-11,0.12889520603306454,0.1447458414069311,0.029463567974733623,0.039044999999999996
2017-01-12,0.12921550858161243,0.14426472867190382,0.032877856358442675,0.035545999999999994
2017-01-13,0.12836114551645159,0.14945597224453985,0.025227526125970845,0.032272999999999996
2017-01-17,0.12838118059806194,0.14890251838041427,0.030704972518718066,0.036717
2017-01-18,0.1280365157068804,0.1493376308283851,0.02564393286779096,0.03920000000000001
2017-01-19,0.1308085495570304,0.1556458479077709,0.04204705848323603,0.035463999999999996
2017-01-20,0.1306671636584015,0.1497120734482164,0.031676447097027494,0.03823599999999999
2017-01-23,0.1307981458003981,0.15555122984866057,0.03928853583981709,0.026364
2017-01-24,0.13065238829554734,0.1562440545551451,0.0373771764196589,0.030200999999999978
2017-01-25,0.1279285298836859,0.15564611105247061,-0.0046365993325024335,0.019483
2017-01-26,0.12759086811790818,0.15537272196477256,-0.006793413953960298,0.029008000000000006
2017-01-27,0.1276053421209661,0.157107869193342,-0.011079588863645434,0.030127999999999988
2017-01-30,0.12764950984361612,0.15751301414867339,-0.004001288491329524,0.029199999999999976
2017-01-31,0.12686495749270388,0.15129340201079355,-0.011429071547249064,0.03544699999999998
2017-02-01,0.12644013617220118,0.15562233337720577,-0.010695046799452101,0.031420000000000003
2017-02-02,0.12523360615660922,0.15157003061554428,-0.011869540132606798,0.030123999999999984
2017-02-03,0.12463730553791254,0.15600371738348717,-0.014925114431459968,0.027051999999999993
2017-02-06,0.1241969867915854,0.1520348252194336,-0.0089934608360622,0.02940899999999999
2017-02-07,0.12401421847232191,0.15243606757229802,-0.0022961643334923065,0.026027000000000022
2017-02-08,0.12401038258974582,0.15366477418722646,0.006106077381043101,0.028115
2017-02-09,0.12402632780330382,0.15273103938018942,0.011572648195822155,-0.007620999999999989
2017-02-10,0.12454549553902086,0.15308142345830392,0.008058064274446636,0.027800999999999992
2017-02-13,0.12470174054624257,0.15361665562582677,0.004477341872297175,0.013775999999999983
2017-02-14,0.12429185607415824,0.15314744099999705,0.012592163205256968,0.017406000000000005
2017-02-15,0.12434773596642856,0.13536209906822935,0.010509620193785763,0.022092999999999974
2017-02-16,0.1251217353288393,0.13252144136067118,0.005884611533108403,0.027155000000000012
2017-02-17,0.12502378701158467,0.1329250173896076,0.008705225977822056,0.009045999999999998
2017-02-21,0.12474543846551713,0.13584655251207206,0.009651469293659287,0.02235200000000001
2017-02-22,0.12540365355397678,0.13298168697406465,0.011485148441003817,0.028376000000000012
2017-02-23,0.12499389301962699,0.13323549189729417,0.009827766106946051,0.027878999999999987
2017-02-24,0.1250891218807657,0.14978183600656877,0.029745822313439613,0.034275
2017-02-27,0.12507647365580007,0.1447209937390891,0.03600665639605091,0.026651000000000008
2017-02-28,0.12499560785597147,0.14989612603686323,0.04431045678616985,0.02984099999999998
2017-03-01,0.1254743788596376,0.1420267374630931,0.036671604302993155,0.023864999999999997
2017-03-02,0.12525071812591057,0.14270942778786094,0.041215548651631864,0.026759000000000005
2017-03-03,0.12578543267907005,0.1494105527097645,0.04722587198695938,-0.0008060000000000012
2017-03-06,0.12581690632132647,0.1560775478710967,0.05378565380676645,0.018871
2017-03-07,0.1258032793228335,0.15645076060027424,0.04887353598503215,0.04047200000000001
2017-03-08,0.12560036899544239,0.15672499035595977,0.046156456906077906,0.053675
2017-03-09,0.12576185139800228,0.1577028297492733,0.05680942699466257,0.01754900000000001
2017-03-10,0.12604349427749276,0.15809834700418088,0.044755452731703366,0.026438000000000017
2017-03-13,0.12597878093438442,0.15701787724605312,0.05343491609880105,0.02046500000000001
2017-03-14,0.1263271438206606,0.15865878329832397,0.06241629350725647,0.019596000000000002
2017-03-15,0.12617221119093008,0.146809996797337,0.06197268550023924,-0.013909000000000005
2017-03-16,0.12545725229547794,0.15476634520072372,0.04692109741202723,0.0002680000000000182
2017-03-17,0.12520444265586533,0.15707571712907184,0.05180950618606339,-0.005612000000000006
2017-03-20,0.12533181022252488,0.15729413331384043,0.051980818692455896,0.016009999999999996
2017-03-21,0.12481387606851219,0.15853388383444844,0.06228910495332812,0.024930000000000008
2017-03-22,0.12450390532378731,0.1590447841244075,0.06569989889263259,0.00442300000000001
2017-03-23,0.12449503700889457,0.13713908166656116,0.06803532864510398,-0.0024309999999999887
2017-03-24,0.12447587021370118,0.13378962527828098,0.07202551705092831,0.02532799999999999
2017-03-27,0.12447129302251142,0.13475246637243463,0.06832279358980249,0.027613
2017-03-28,0.12458905676990728,0.1325047684044388,0.06427514349153733,0.011501999999999984
2017-03-29,0.12701115657536488,0.13368597310039285,0.07109737939764815,0.017859000000000014
2017-03-30,0.12746283826760826,0.13918397291778375,0.07093105616281721,-0.045864000000000016
2017-03-31,0.12725760184165483,0.13737057065032865,0.07549649132564176,0.011422999999999989
2017-04-03,0.12704910115398155,0.13722570566675027,0.060169073606862813,0.020245000000000013
2017-04-04,0.12677093245510954,0.1402470565375199,0.06097536664718195,0.02041799999999999
2017-04-05,0.1258035734974357,0.1412076736620364,0.06935119124234555,0.02244299999999999
2017-04-06,0.1258475557025554,0.1388880191650631,0.0608056268349447,0.015595999999999999
2017-04-07,0.12600834768416697,0.14211596505536195,0.06227658103419122,0.019561999999999996
2017-04-10,0.12583552833778813,0.14528233424500112,0.06452729505097511,0.023862000000000022
2017-04-11,0.1262908861789405,0.14814489299582612,0.07212095079284471,0.030369000000000007
2017-04-12,0.1267087657214765,0.1535136658085522,0.07129612923625217,0.03264900000000001
2017-04-13,0.1264125074929554,0.1537779484426447,0.08514821533427278,0.02435100000000001
2017-04-17,0.1247650833204766,0.15455582069580695,0.0606643923865994,0.01175799999999999
2017-04-18,0.12430722679556916,0.15625334757356263,0.07026697967006845,0.01829900000000001
2017-04-19,0.12341497704030381,0.15566683094728742,0.03765554005124322,0.014228999999999992
2017-04-20,0.12601616421796502,0.1534446464913281,0.022229905102207265,0.02471200000000001
2017-04-21,0.12640250998885205,0.16011330291174833,0.029212660536585833,0.022074999999999984
2017-04-24,0.1263400236558006,0.15998105788481534,0.01261376995530486,0.02035200000000001
2017-04-25,0.12631768855139638,0.15987591057805683,0.022984239326499872,0.013111000000000012
2017-04-26,0.12658149172413333,0.16019878164080456,0.016436869429539896,0.013280000000000014
2017-04-27,0.12697690591908065,0.16028727518325955,0.016232799188519775,0.020141999999999993
2017-04-28,0.12730684708767392,0.14493971826441265,0.014333334248404744,0.021690000000000015
2017-05-01,0.127313296769884,0.1452346947260025,0.022109001682892454,0.015121999999999997
2017-05-02,0.12829632270843527,0.14870192505205687,0.016402491836724237,0.021474999999999994
2017-05-03,0.1284571596883061,0.14762387044740113,0.018755593707123597,0.018965999999999983
2017-05-04,0.12924459697755136,0.15027009713908482,0.020304620531197914,0.015262999999999999
2017-05-05,0.12968386305765237,0.14979735388832552,0.020656531059613223,0.02254500000000001
2017-05-08,0.13009945689790034,0.14993127673795856,0.023255795158572193,0.02116900000000002
2017-05-09,0.13011313904610802,0.15074810320754733,0.020247298685043366,0.019570000000000004
2017-05-10,0.13040420094432756,0.1491360840073057,0.020892374550785464,0.01983399999999999
2017-05-11,0.1305165997776927,0.15049666734132228,0.02761569412212929,0.025421
2017-05-12,0.1306342706893199,0.15107641582660847,0.027549006713545585,0.025020999999999988
2017-05-15,0.13140712371770008,0.1506802106495962,0.03191580326855162,0.01727300000000001
2017-05-16,0.13035287102748797,0.15137511645840593,0.029659820078932836,0.020527000000000017
2017-05-17,0.13012962630161515,0.15239619523819725,0.05598857571928614,0.03165499999999999
2017-05-18,0.13022658162222797,0.1518048822122742,0.060204452981943324,0.025512000000000007
2017-05-19,0.13105058817396267,0.15135416366955265,0.04784394295023971,0.026761000000000007
2017-05-22,0.1304101324112184,0.1519764883810841,0.03740090172357531,0.019651000000000002
2017-05-23,0.13005295503740902,0.1519338048313047,0.033007657938477486,0.02172199999999999
2017-05-24,0.13036727324517094,0.15112845980865836,0.03712976233786766,0.019889000000000018
2017-05-25,0.13014568424118367,0.15167570356686266,0.0315021960368618,0.018719999999999987
2017-05-26,0.1292266969266554,0.1522017061905924,0.024852526894574137,-0.001678999999999986
2017-05-30,0.1284404583440547,0.151584156029928,0.02055748983451175,0.017527000000000015
2017-05-31,0.12871582495736747,0.1515869070132075,0.02410523832101419,0.01714299999999999
2017-06-01,0.12926434629762437,0.1520861730418809,0.02480672085445719,0.014616999999999991
2017-06-02,0.13018450967232859,0.15328439486107734,0.021542748434541376,0.019699000000000022
2017-06-05,0.13226961335240625,0.13542576663175632,0.02237313439817759,0.021550999999999987
2017-06-06,0.1329408038794152,0.1466030435452424,0.02082974287681638,0.019227999999999995
2017-06-07,0.13392151611948433,0.13529084875105066,0.01803714274095021,0.021093
2017-06-08,0.13331739131045348,0.14112090351539686,0.014313539641040957,0.01694699999999999
2017-06-09,0.1333336410052938,0.14251700584327193,0.013345935018258342,0.049629000000000006
2017-06-12,0.13236647486089223,0.15946822138938352,0.017269214846616615,0.024508999999999975
2017-06-13,0.13254570613936065,0.15960574999278518,0.003693714774345186,0.02499399999999999
2017-06-14,0.1328609803606369,0.16259725592425858,0.001331195013818759,0.03298200000000001
2017-06-15,0.13246646237192028,0.1611583515371917,0.006212730910137215,0.028904000000000013
2017-06-16,0.1322547974442446,0.16234078852088576,0.0034887694942142555,0.024993000000000015
2017-06-19,0.13139653370187343,0.16138764268529016,-0.004061906623072126,0.027369000000000004
2017-06-20,0.13167789965912544,0.16325009514496566,0.0062032608830262514,0.028443999999999997
2017-06-21,0.13129158549607464,0.1662794122632902,0.027583756534729414,0.02783000000000002
2017-06-22,0.13089001748245807,0.17398859822767138,0.024034291391195145,0.017443000000000014
2017-06-23,0.13094583585030187,0.17252974702846544,0.016840374464845376,0.015156000000000003
2017-06-26,0.13093445246186264,0.16267329507026232,0.02522954093035054,0.01816000000000001
2017-06-27,0.13080282516950195,0.16380038383647952,0.038317103678756764,0.020101000000000008
2017-06-28,0.13055261939539345,0.16083352026681402,0.045360209089027936,0.022529999999999994
2017-06-29,0.12988282217178765,0.16390847402391467,0.0479574914836251,0.018186000000000008
2017-06-30,0.12992341409214916,0.16275233272856285,0.05437654667301789,0.011952000000000018
2017-07-03,0.1315229642460352,0.16126895098531432,0.046672187519215674,0.013243000000000005
2017-07-05,0.13185589123850214,0.161555155640263,0.04641999569100069,0.017431999999999975
2017-07-06,0.1317308832531958,0.16146603581568444,0.05735314718161996,0.019234
2017-07-07,0.13163096945701455,0.165378131704189,0.0484085586310857,0.020037
2017-07-10,0.1316496806606722,0.1677778095331721,0.044896755297174795,0.009346999999999994
2017-07-11,0.13194937063055864,0.13992321706302902,0.044963593450494055,0.02146999999999999
2017-07-12,0.13168077755504567,0.13909132754456707,0.046561649755839096,0.02638399999999999
2017-07-13,0.1314529604775445,0.13836887213561638,0.04824325254682796,0.01833600000000002
2017-07-14,0.13082163465883828,0.13957059276505684,0.03727738379963219,0.01793699999999998
2017-07-17,0.1314436892992269,0.13875564040198757,0.04605348724242017,0.018535999999999997
2017-07-18,0.131125244738424,0.13991121255729924,0.04718204485381719,0.02074100000000001
2017-07-19,0.13133542609981677,0.13626538129399884,0.07231959275254987,0.0005429999999999879
2017-07-20,0.12867787365197703,0.1409009741224444,0.010503037574888102,0.018268000000000006
2017-07-21,0.12938979524669014,0.14019621221304113,0.0012972379798900646,0.015613000000000016
2017-07-24,0.12928908220875363,0.1402807616465415,0.015346525257953464,0.009745000000000004
2017-07-25,0.13985403432504367,0.13887665102610705,0.0074756601635066755,0.019871
2017-07-26,0.1441204763902714,0.13866972831285473,0.007001117380045441,0.021699999999999997
2017-07-27,0.14434958449946567,0.13876839648258868,0.012052296352023983,-0.025263000000000008
2017-07-28,0.14430739229132677,0.13819155121827212,0.012296456093924574,0.01780699999999999
2017-07-31,0.14462082386676484,0.1383762113634782,0.018319338443330585,0.018441999999999986
2017-08-01,0.14468993717682885,0.1403192390269616,0.007154879058430957,0.014832000000000012
2017-08-02,0.1449464195302699,0.1390859513159265,0.010281551993475663,0.018325000000000008
2017-08-03,0.14513673682342287,0.14022009143851794,0.009071026701527873,0.019106999999999985
2017-08-04,0.149392182259178,0.1386502892151861,0.008787645053865561,0.023564
2017-08-07,0.15225943383087046,0.1353693577268996,0.009585935680080815,0.020162000000000013
2017-08-08,0.15384086715784454,0.13541851594014676,0.012659345299198044,0.020993999999999985
2017-08-09,0.15551404627532536,0.13832304210100757,0.012888659854614626,0.023975999999999997
2017-08-10,0.15932113874646964,0.13664470634619588,0.03541480546091946,0.023403000000000007
2017-08-11,0.1598389917609589,0.13545315540356123,0.02868407819783761,0.025151000000000007
2017-08-14,0.160295743496909,0.14854365940305128,0.01937636694224079,0.023854000000000014
2017-08-15,0.16094515875907112,0.13990761390477474,0.02023118423784019,0.022388999999999992
2017-08-16,0.16133615669923135,0.1399252418237576,0.010971641327082934,0.024751999999999996
2017-08-17,0.16133736999861836,0.1436625455246481,0.028755209282430333,0.020863999999999994
2017-08-18,0.16187574966856733,0.14073794633834094,0.04144647565722928,0.02530400000000002
2017-08-21,0.1628636955670311,0.14971298148255968,0.044480382667589746,0.022570000000000007
2017-08-22,0.1625244792440187,0.13988345134946123,0.032855814725816807,0.027092999999999978
2017-08-23,0.16269435011870062,0.1518289820223041,0.03621647316133286,0.02423700000000001
2017-08-24,0.16282112154764727,0.14948279741777376,0.03837412728013248,0.02649399999999999
2017-08-25,0.16319761671219613,0.15610191251763705,0.04196238385190387,0.021388000000000018
2017-08-28,0.163504876641839,0.157637680623797,0.0356423260923277,0.026096000000000008
2017-08-29,0.1639099257267913,0.1586375483548778,0.034531792839746875,0.020143999999999995
2017-08-30,0.16418668937211167,0.1554165059414571,0.03382951688089916,0.026746999999999993
2017-08-31,0.1646522270262785,0.15186834347602746,0.030121047391344663,0.026684000000000013
2017-09-01,0.1648934570850313,0.13928678173165665,0.024487903303110334,0.028396000000000005
2017-09-05,0.1651557920688962,0.15206306233411487,0.04284884016715068,0.030173000000000005
2017-09-06,0.16517424693354563,0.15006149556963086,0.03395696338316012,0.02768599999999999
2017-09-07,0.16565141872347547,0.14361282574742104,0.026123881499654264,0.03429400000000002
2017-09-08,0.1654950225502532,0.1440973716230804,0.030499092134965405,0.030282000000000003
2017-09-11,0.16551349384548886,0.14360198910823183,0.03233604740254466,0.030364999999999975
2017-09-12,0.16549572968162626,0.14331428078529101,0.038376640899889874,0.031069000000000013
2017-09-13,0.16548949228931834,0.14338570125938777,0.039317557765402245,0.029776999999999998
2017-09-14,0.1654080532157799,0.14405822786878988,0.033548946787191905,0.03142900000000001
2017-09-15,0.16664288189335982,0.14371594261861415,0.035313419548738983,0.034496
2017-09-18,0.1666749396934415,0.13935011221377933,0.048803471384002664,0.025618000000000002
2017-09-19,0.16664436826265594,0.13941875879850435,0.043157972280679996,0.02481799999999998
2017-09-20,0.16730355373280933,0.15230820743413176,0.04793367851014112,0.027725
2017-09-21,0.16858016348513072,0.15325417487901835,0.05587536554743229,0.023252999999999996
2017-09-22,0.16951484951410323,0.15288477883209892,0.05145105499275214,0.024647999999999975
2017-09-25,0.17082515275159493,0.1535506020704115,0.064908593437812,0.025729000000000002
2017-09-26,0.1711950801819035,0.15447325390175803,0.06497378565828706,0.017508999999999997
2017-09-27,0.16996735364703644,0.15275431387054947,0.04834836433537634,0.022687000000000013
2017-09-28,0.17292539277134866,0.15253908307890696,0.061694145123961985,0.019568000000000002
2017-09-29,0.17346637522965863,0.15647431280523375,0.056512542385707853,0.021238000000000007
2017-10-02,0.17630823064714718,0.15588000644494596,0.06652338603063465,0.024655999999999983
2017-10-03,0.17650234492606606,0.15845850646364004,0.06937090930384943,0.021643999999999997
2017-10-04,0.17973691636697275,0.15559651662218082,0.0672293938523377,0.021314
2017-10-05,0.18158322434797997,0.15488132208585756,0.06308069603184593,0.02251599999999998
2017-10-06,0.1819413095275305,0.15492457581855987,0.06312167761128046,0.02275000000000002
2017-10-09,0.18240617264423645,0.15518540502144848,0.06899798571711704,0.022827000000000014
2017-10-10,0.18229231299421736,0.15442801644074283,0.06541926780212512,0.02190499999999998
2017-10-11,0.1821536993872754,0.15404866909473808,0.06842671374810606,0.020219999999999988
2017-10-12,0.18220225357794112,0.15449730566303443,0.06124725657229452,0.025416000000000022
2017-10-13,0.18272368473373293,0.1551088724229272,0.06412531427142752,0.023802000000000018
2017-10-16,0.18615292311347978,0.15497988415966749,0.06635096620678232,0.020919999999999994
2017-10-17,0.18613478899217847,0.1556269469501096,0.0763825123299528,0.016454999999999997
2017-10-18,0.18465100403418971,0.15494868567538048,0.03415935045315202,0.029125000000000012
2017-10-19,0.18461413966357051,0.1526384347946569,0.01231339829726888,0.02470900000000001
2017-10-20,0.1858388313856694,0.1533067269011012,0.007711488348898149,0.021099000000000007
2017-10-23,0.18605024953518998,0.15238820527723834,0.009642224160665902,0.02257999999999999
2017-10-24,0.18604044145539342,0.15257165256228478,0.013966234523172583,0.023499999999999993
2017-10-25,0.1858579628761467,0.16755105682521357,0.013374729879432473,0.023177000000000003
2017-10-26,0.18619262286579857,0.16426479688879195,0.034121712713668984,0.019227999999999995
2017-10-27,0.186646618673183,0.15700753073963655,0.028618912538945912,0.023722999999999994
2017-10-30,0.18616671364933596,0.16020435908331648,0.02879930648531076,0.02030900000000002
2017-10-31,0.18700138700746696,0.16077464654435059,0.021465796981670643,0.025088
2017-11-01,0.1874446140866318,0.15981609790776619,0.02557977143184051,0.016795000000000004
2017-11-02,0.18753082773999435,0.15852739543700414,0.014298288506770535,0.02138799999999999
2017-11-03,0.1876598342464928,0.16356335088217627,0.004961237224077181,0.020769999999999983
2017-11-06,0.1884152247105745,0.15874840229498008,0.01674886857406127,0.02188699999999999
2017-11-07,0.18877060145233826,0.15793824350684238,0.014393469880592452,0.024722999999999995
2017-11-08,0.18870954108072752,0.15338597296808973,0.010554309600205564,0.02377600000000002
2017-11-09,0.18878610186277214,0.1531441176230126,0.018961838326597036,0.023003999999999997
2017-11-10,0.18880277822915192,0.15226629242878278,0.01190185014729317,0.023743000000000014
2017-11-13,0.18886043754620338,0.15251798603664415,0.010908885806072688,0.026281
2017-11-14,0.18909429891931676,0.1518875566215642,0.015761396405672173,0.02667899999999998
2017-11-15,0.1891875724134722,0.15254183602757737,0.01856552624859273,0.026027999999999996
2017-11-16,0.18881096303122918,0.15101180214522184,0.022209741291061236,0.024392999999999998
2017-11-17,0.18961417189333526,0.15283762539228493,0.03669941312141756,0.028286000000000006
2017-11-20,0.18963055827474914,0.15272791989730433,0.036677809321724014,0.024554999999999993
2017-11-21,0.18953598973134694,0.1533700457253363,0.02313209383852921,0.01983399999999999
2017-11-22,0.18946219169068762,0.1541388856021279,0.02784320875283039,0.019648
2017-11-24,0.19002864904151384,0.1537899324161296,0.03023927816789579,0.02003100000000002
2017-11-27,0.19076747859755977,0.15366931971333964,0.0380118113817246,0.016870999999999997
2017-11-28,0.19066464026960192,0.15169208448651753,0.03466416635414496,0.024874000000000007
2017-11-29,0.1902889409477924,0.15186024548856128,0.04028992984218818,0.02252699999999999
2017-11-30,0.18969952517751948,0.1705261679654778,0.033614822150794976,0.01597499999999999
2017-12-01,0.18839883645337613,0.16970164080267097,0.03284395352842073,0.019607999999999987
2017-12-04,0.18809999515671233,0.1768992785966856,0.05379399084544714,0.022020999999999985
2017-12-05,0.1878281131476822,0.170076034202184,0.02702219758697666,0.018830999999999987
2017-12-06,0.187482454816911,0.17639238011916258,0.029845416250045192,0.020794000000000007
2017-12-07,0.18738890944704883,0.16970743750918166,0.026970072403516593,0.008060000000000012
2017-12-08,0.18751977427741537,0.16892864278778616,0.018508176607371446,0.028291999999999984
2017-12-11,0.18740578403849223,0.1675778650319152,0.008248984425071909,0.020450999999999997
2017-12-12,0.18715771516963814,0.16968686378994882,0.03721505895413038,0.01963100000000001
2017-12-13,0.1870585965344068,0.1699341549008442,0.06825589467220894,-0.02050100000000002
2017-12-14,0.18703019172513138,0.1744259310674945,0.02857996481023592,-0.054078000000000015
2017-12-15,0.18688545640301962,0.169725953351295,0.02471721979336053,-0.0065930000000000155
2017-12-18,0.18650300882944612,0.16912235625461172,0.047232268139580286,0.03859299999999999
2017-12-19,0.1866235129888684,0.1693829281722501,0.04641666342091,0.04796900000000001
2017-12-20,0.18632045426889746,0.1691004731611167,0.037477355277671154,0.06713200000000002
2017-12-21,0.18716082884324062,0.16994174098633563,0.025280116583423967,0.013880000000000003
2017-12-22,0.18714352052315997,0.16867262830349297,0.031067534432310417,0.02382999999999999
2017-12-26,0.18868560583366953,0.16816492997562735,0.049818297498210345,0.024655999999999983
2017-12-27,0.18891072535134157,0.16872498601561428,0.0411446232003172,0.03253299999999998
2017-12-28,0.1893194676543652,0.16939081572485581,0.04662781734264568,0.020490000000000008
2017-12-29,0.18938291329410753,0.16853553913972336,0.05548075585501552,0.01319999999999999
2018-01-02,0.18835003588431273,0.1613875478339798,0.05809034482994793,0.03853200000000001
2018-01-03,0.18825936330638127,0.16604843509465814,0.06506990655269479,0.039247000000000004
2018-01-04,0.18870983532235655,0.16501635262910244,0.06448380086633665,0.013824000000000003
2018-01-05,0.1886932152619991,0.16499847732235093,0.0611875033918447,0.019704
2018-01-08,0.1887861601176779,0.16864041362303375,0.07228794177782172,0.008479000000000014
2018-01-09,0.18860596423250783,0.17015388574285223,0.07458570677310611,0.010501999999999984
2018-01-10,0.18840217037967838,0.16953083886776046,0.06817525362931226,0.013118999999999992
2018-01-11,0.18840486955838895,0.16750917416579345,0.05776124459034568,0.018792000000000003
2018-01-12,0.18867312314081008,0.16560878578343996,0.06048253752365321,0.018009000000000025
2018-01-16,0.1896585149036072,0.16528614375015374,0.07653108074195224,0.006497000000000003
2018-01-17,0.19048092490116886,0.1608363109209367,0.06882352538215453,0.017887000000000014
2018-01-18,0.191078091311624,0.16511689853203101,0.06833714869507317,0.014740000000000003
2018-01-19,0.1910270093156422,0.1650106115826302,0.06925141241760734,0.012994000000000006
2018-01-22,0.19047196062729582,0.16549053259750923,0.1055706286967947,0.013724999999999987
2018-01-23,0.19080810901318004,0.15973902128952158,0.11775695484534193,0.022518999999999983
2018-01-24,0.18349134041214124,0.1593438415576614,-0.008985801315014558,0.007552000000000003
2018-01-25,0.18058303457147118,0.15925656250073145,-0.02668035359519519,0.012136000000000008
2018-01-26,0.1806401623515049,0.16046710897692998,-0.025516413191902065,0.013995000000000007
2018-01-29,0.18057303627265175,0.1594989578572567,-0.012934616388402126,0.012000999999999984
2018-01-30,0.180246857115821,0.1566381080895471,-0.007731203770328099,0.008512999999999993
2018-01-31,0.18033331111804005,0.15921744919887665,-0.021267877582018424,0.009031000000000011
2018-02-01,0.1803832715874057,0.15825112885183024,-0.025510182964976036,0.014256999999999992
2018-02-02,0.18040484651642197,0.15669765435454325,-0.01200870094044923,0.009690999999999977
2018-02-05,0.17699090299805484,0.1558302709277423,0.04262773219398705,-0.03535699999999997
2018-02-06,0.1745735503593744,0.15708765491317395,0.006277112910832272,-0.05139300000000002
2018-02-07,0.17346433766308456,0.15679691001797835,-0.009603229931404,-0.04286999999999999
2018-02-08,0.1718788349383042,0.15496776188017597,0.03955049253565818,3.300000000000525e-05
2018-02-09,0.16828921373914976,0.15296220745993808,0.00445133759148425,0.035953999999999986
2018-02-12,0.16772155562489474,0.1531539024753823,-0.032947424147850735,0.04078200000000001
2018-02-13,0.16721231243579554,0.1626472921124711,-0.045212124829756645,0.039407
2018-02-14,0.1666276439889272,0.1624964761071465,-0.06350262120763495,0.024978
2018-02-15,0.1661510402026739,0.16564998453557692,-0.07258335884716696,-0.0010310000000000041
2018-02-16,0.16571047391943777,0.1664381063527488,-0.057927604131259636,0.011117000000000016
2018-02-20,0.16534691842376273,0.16590450359050635,-0.06260600851408529,0.025691999999999993
2018-02-21,0.16439524892525903,0.16303952091972349,-0.06690919394059686,0.023527999999999993
2018-02-22,0.16465103885614002,0.16402055852275074,-0.06829435917526402,0.021601999999999982
2018-02-23,0.1644949666634251,0.1601147753615902,-0.05528510712124349,0.022399000000000002
2018-02-26,0.16430423670519415,0.1601726384981947,-0.04148531545383036,0.030008000000000007
2018-02-27,0.1638693060861875,0.1623634028532346,-0.022906678747052073,0.019122
2018-02-28,0.16331153811027085,0.16172283890346092,-0.025626188687855295,0.023390999999999995
2018-03-01,0.16246810188001415,0.1614334161626477,-0.005112414767869888,0.033029
2018-03-02,0.16226096682512164,0.16064508118652973,-0.02270088347588836,0.03486800000000001
2018-03-05,0.16138344618373968,0.16042283332220184,-0.02092114170207235,0.024437999999999988
2018-03-06,0.16086278516909072,0.160492261413284,-0.040553719123891885,0.031170000000000003
2018-03-07,0.1612043187961166,0.16216266155667106,-0.015394308718599287,0.022328000000000015
2018-03-08,0.16170787411690132,0.16103926293852455,-0.01732581529148111,0.03109999999999999
2018-03-09,0.1612683774931062,0.15832504851198273,-0.023802045386655396,0.02820600000000001
2018-03-12,0.16121206276848143,0.1594487865667233,-0.006960807140100056,0.022055999999999992
2018-03-13,0.16112986534595988,0.15972421033954368,0.012433861627046211,0.02312900000000001
2018-03-14,0.16081638463341258,0.16040161333523137,0.018757190462434598,0.02223899999999998
2018-03-15,0.16111569058405723,0.16052632586127044,0.0230589407173995,0.024734000000000006
2018-03-16,0.16106175068833503,0.1594019896555183,0.015247178640738823,0.025689000000000017
2018-03-19,0.15987297415082377,0.1622200003203912,0.05130922946400976,0.027177000000000007
2018-03-20,0.1598138468766785,0.16214399820607336,0.04971396096145353,0.026104000000000016
2018-03-21,0.15967227453521982,0.1589906047347255,0.056495455338831435,0.025083000000000022
2018-03-22,0.15911901900047462,0.15619847019480404,0.07716296891748917,0.03249900000000003
2018-03-23,0.157603801059317,0.15577701943133895,0.09252636012391546,0.028488999999999987
2018-03-26,0.15709944045539498,0.15422152949288362,0.07448050654898239,0.037044999999999995
2018-03-27,0.1557590168192424,0.14854475209339413,0.07329903620134659,0.03729199999999999
2018-03-28,0.15557939946026994,0.1484097006091321,0.09783829063591598,0.029536000000000007
2018-03-29,0.15476121127329753,0.14970539879038494,0.06855748163709688,0.024126999999999982
2018-04-02,0.1511701565734642,0.15215669924820793,0.08158438764803419,0.03809299999999999
2018-04-03,0.1505112551090528,0.14890327905608725,0.08113380650695576,0.041212000000000026
2018-04-04,0.147100913704996,0.15181187101097288,0.07368277875360463,0.030915000000000026
2018-04-05,0.14777605789180745,0.14847599537099745,0.06762247397857221,0.033038999999999985
2018-04-06,0.14403784110234347,0.15296334268222825,0.05075619879586188,0.04758699999999999
2018-04-09,0.1426376226655137,0.15276769324767903,0.05376959147011501,0.04766699999999996
2018-04-10,0.14401797258468202,0.15323656228536994,0.04149051292483419,0.03722799999999998
2018-04-11,0.14369500400501234,0.15331843206313087,0.03935078302223341,0.035547999999999996
2018-04-12,0.14495724209754735,0.15000448318505902,0.031564570178440526,0.03167499999999998
2018-04-13,0.1467518674325644,0.15021014195419322,0.04297516594983697,0.0072540000000000104
2018-04-16,0.1477922825696088,0.15323694438106567,0.013623345964843547,0.01911099999999999
2018-04-17,0.14773804609344485,0.14986467298115475,-0.003833370213319781,0.01647700000000002
2018-04-18,0.14464091421018463,0.14931751085567535,-0.04475517501060097,0.031080999999999998
2018-04-19,0.14568190185022284,0.14905148414236125,-0.05184271133582388,0.03199400000000002
2018-04-20,0.14727898336397202,0.14910011883650642,-0.045605277911848374,0.032719
2018-04-23,0.14800226810732808,0.14726336249655775,-0.04854337166126699,0.026914999999999994
2018-04-24,0.1475166545897097,0.14750897226946577,-0.040055516017356435,0.037909
2018-04-25,0.14936030171426037,0.1462845120053295,-0.03851185285900019,0.037657000000000024
2018-04-26,0.15113056397612543,0.15006464805304134,-0.04593293507620114,0.043854000000000004
2018-04-27,0.1536001244666939,0.1491302850092497,-0.051227731885897604,0.02794000000000002
2018-04-30,0.1554394274875558,0.1503295921712049,-0.03444105946301315,0.026804999999999995
2018-05-01,0.15721311306500063,0.1502541066874671,-0.03319494068893428,0.026886999999999994
2018-05-02,0.15760435290065586,0.15065324515460893,-0.03068474501839999,0.032003000000000004
2018-05-03,0.15762868364221497,0.14950942129744665,-0.016000371541802255,0.03428499999999998
2018-05-04,0.1572449933179909,0.1496847394976657,-0.03005922492114682,0.03224200000000002
2018-05-07,0.15860708823188788,0.15017230899362977,-0.013860062070401108,0.025330999999999992
2018-05-08,0.1586431010642411,0.15106113221883802,-0.0016181666309005305,0.031727000000000005
2018-05-09,0.15785634495162082,0.15001526511742722,-0.0043062894780303285,0.03231399999999998
2018-05-10,0.15739762837745297,0.1506867783346134,-0.0060093636101715975,0.029022999999999993
2018-05-11,0.1574475550479407,0.15358319063530373,-0.013500001359874808,0.031229000000000007
2018-05-14,0.15766703597580647,0.15368039822445384,-0.011769815005339607,0.03101799999999999
2018-05-15,0.15845683640157066,0.15309912925459723,-0.0015151742797677725,0.036056000000000005
2018-05-16,0.15944137207983441,0.1549631085907764,-0.005655997393313794,0.034991999999999995
2018-05-17,0.1601879200880744,0.1534366028865973,0.007353274873339144,0.02873199999999998
2018-05-18,0.1632564122684158,0.15347753203851425,0.013473709408263895,0.013606000000000007
2018-05-21,0.16407446773608494,0.1535194046594485,0.0018340558668629159,0.027504
2018-05-22,0.16469356189876563,0.15246914643512197,0.008260180423076802,0.026421
2018-05-23,0.16584990293932184,0.15238749206152777,0.013133174918120105,0.030527
2018-05-24,0.1665841714483795,0.15123800422585565,0.008205581701315662,0.024595000000000006
2018-05-25,0.1668345903567439,0.150015010637058,0.007927085421717245,0.022368
2018-05-29,0.16647596282806815,0.15072885837857433,0.0277786015029656,0.035969
2018-05-30,0.1660814565582633,0.15088375479471153,0.019841688742581853,0.031753
2018-05-31,0.16678110976654273,0.15001202041352968,0.02328866059637913,0.025084999999999996
2018-06-01,0.16728238921912894,0.16170098535696076,0.010498326188126794,0.02621800000000002
2018-06-04,0.16778774162713808,0.15837841926085985,0.013476776194562334,0.019318000000000002
2018-06-05,0.16843565431213953,0.15301143011930463,0.020571133990913787,0.022909999999999986
2018-06-06,0.1692993814667002,0.1530642772748256,0.010523764707264127,0.021309999999999996
2018-06-07,0.16981574924261492,0.15562475303111709,0.024439908094257695,0.019444000000000017
2018-06-08,0.1722568482380784,0.15590514659948457,0.02109936427296294,0.02258300000000002
2018-06-11,0.17537413868580567,0.1549207904685364,0.02972116711287348,0.013077000000000005
2018-06-12,0.17580400374961036,0.15501471572845343,0.02487092391811585,0.017539
2018-06-13,0.17652132781331473,0.15580038007471725,0.037178218905246446,0.012369999999999992
2018-06-14,0.1775553493955266,0.15572177895077632,0.03693122757752823,0.012505000000000016
2018-06-15,0.177654025797083,0.15579851177147408,0.032089696887521946,0.01985999999999999
2018-06-18,0.17891245570396275,0.15569948440450793,0.04800097475774817,0.02104600000000001
2018-06-19,0.17992140144156257,0.15529219360410304,0.05774733102351043,0.027812000000000003
2018-06-20,0.18504210608133012,0.1543153160806447,0.05607044774290554,0.021226999999999996
2018-06-21,0.1868948994796572,0.15535281784705035,0.0679339219280937,0.024130000000000013
2018-06-22,0.18884087498829152,0.15620132468818196,0.06673486327555021,0.023341
2018-06-25,0.18863135674966963,0.15731261175949363,0.08107788652779918,0.028180999999999984
2018-06-26,0.1902834943872393,0.1557961842781587,0.07063434458204218,0.02420899999999998
2018-06-27,0.19101850016635138,0.15644966155901147,0.08481583783778823,0.02277599999999999
2018-06-28,0.19222216897608488,0.15710291596779208,0.07670024497928674,0.03209899999999999
2018-06-29,0.19233494172735116,0.15654309634935173,0.07320332400925275,0.024149000000000004
2018-07-02,0.19362822161779678,0.15338593167660186,0.07214799883978248,0.027264999999999984
2018-07-03,0.19711879101465307,0.1556801520628752,0.07538863444606853,0.03397800000000001
2018-07-05,0.19781619469774517,0.1554323106737698,0.06925743881598118,0.026534000000000002
2018-07-06,0.19827566430028437,0.15676286521368596,0.0651171001432746,0.028387999999999997
2018-07-09,0.20124548742225137,0.1732663352036038,0.05500643353452073,0.020711000000000007
2018-07-10,0.20147502511518797,0.17298645323656964,0.05069660073490173,0.022564
2018-07-11,0.20173042706318095,0.1730655154445388,0.06305948420592966,0.015418999999999988
2018-07-12,0.20186465395310957,0.17277753967787982,0.0530459430113468,0.020895999999999998
2018-07-13,0.20181408731712297,0.1730133728162776,0.05225146126128252,0.019621
2018-07-16,0.2021399181690009,0.17380484425300868,0.05903720740415275,0.025731000000000004
2018-07-17,0.2010750845486648,0.1723542403900883,0.059107780279765515,0.009792999999999996
2018-07-18,0.2007231723486353,0.16791033763489852,0.008429398645685732,0.02548600000000001
2018-07-19,0.20019548746640653,0.16369322553116006,0.004191900659073378,0.024425000000000002
2018-07-20,0.20025039806426836,0.16200320059606482,0.014624902068309131,0.013586000000000015
2018-07-23,0.2026099244978914,0.16313868620117236,0.0014492339784556163,0.024432999999999983
2018-07-24,0.20322356791663373,0.1599562239788833,-0.0033883820854521407,0.025315000000000004
2018-07-25,0.20330056609456265,0.15819348787246326,-0.0008214643441570302,0.022928000000000004
2018-07-26,0.20341711142405633,0.15956627389012337,0.0033738699777394465,0.023158000000000012
2018-07-27,0.20355517099293705,0.15895354056881866,0.013695233226661885,0.023979
2018-07-30,0.2044020458882695,0.15889662288821615,0.016429542977883932,0.028734999999999983
2018-07-31,0.20500569364296806,0.16029780657541762,0.018007183353545092,0.023673
2018-08-01,0.205121205132582,0.15938712980206254,0.010615545856650588,0.02604899999999999
2018-08-02,0.2051277902470106,0.15930509285957942,0.007365214813731952,0.02351800000000001
2018-08-03,0.20500569446423925,0.16068520855727575,-0.0030611810981624465,0.023195999999999994
2018-08-06,0.20512099937609954,0.16131024931617188,-0.002275383236280376,0.02269099999999999
2018-08-07,0.20611767922392693,0.15976004725297072,-0.0010856981117877418,0.024123000000000006
2018-08-08,0.206155975501323,0.1613863601327903,-0.0030410418534824457,0.025821999999999984
2018-08-09,0.20616459112366123,0.15985453136503308,-0.0054476679766186364,0.026919
2018-08-10,0.20654187923068987,0.16563531447573304,0.005996651013103121,0.024891999999999997
2018-08-13,0.20664457189020247,0.17743179416378793,0.008541374189508039,0.032566999999999985
2018-08-14,0.20665413481983544,0.17706252744116457,0.009767697492730626,0.03070400000000001
2018-08-15,0.20684495358289087,0.1761003815278594,0.023891295328202194,0.028597999999999985
2018-08-16,0.20688475236900025,0.17620572199446177,0.01776946357094414,0.032049999999999995
2018-08-17,0.2067696376032462,0.1768656431767554,0.01678237263023459,0.024054999999999993
2018-08-20,0.20677977979963463,0.1754749835676949,0.029323530642472936,0.019788
2018-08-21,0.20691369944237153,0.17550585487568937,0.027222440088267366,0.02248900000000001
2018-08-22,0.20668664470471462,0.1754109738312054,0.02344765238074234,0.02210799999999999
2018-08-23,0.20675748333685795,0.1740729420468896,0.027549528839737464,0.02609699999999998
2018-08-24,0.2068692382280216,0.1729410625872866,0.02799114690729433,0.02102000000000001
2018-08-27,0.20708926437056507,0.17288039845623981,0.03165542258934581,0.023443999999999993
2018-08-28,0.20734259617481962,0.17109177128850045,0.029272869458637593,0.02459800000000001
2018-08-29,0.2080005364854825,0.17122376789181545,0.0273150994852044,0.021855999999999987
2018-08-30,0.20804124215997913,0.17083250842465822,0.059561685377197665,0.0045429999999999915
2018-08-31,0.20796535460951912,0.1700559634535231,0.04301252591741171,0.007799
2018-09-04,0.2083328208098655,0.1698605829567372,0.04396870533050273,0.007440000000000002
2018-09-05,0.2078688631886088,0.17067004172508937,0.05411412731320467,0.024897000000000002
2018-09-06,0.2076343459597689,0.1718960626521164,0.05309928125555258,0.006770999999999999
2018-09-07,0.20764994491740346,0.17161452211869413,0.04774856769890359,0.026638999999999996
2018-09-10,0.2079734774617558,0.17356741460860037,0.04867153666542724,0.022229
2018-09-11,0.20799085117138943,0.17556108488942354,0.047486075307282424,0.032801
2018-09-12,0.2082744855246177,0.17736568216432816,0.04910110376882969,0.02717
2018-09-13,0.20905539362005768,0.17798734357593057,0.04037331238161361,0.020321000000000006
2018-09-14,0.20934384545024884,0.1779095481008951,0.031161709224312106,0.024967000000000017
2018-09-17,0.20979197230430055,0.17906962444820515,0.04783765347946917,0.03149099999999999
2018-09-18,0.2100264103140915,0.18432871763567946,0.05233032045695815,0.026561
2018-09-19,0.21090387447770426,0.18009502736323527,0.052111569012281075,0.020597000000000004
2018-09-20,0.21110178022377193,0.1800711266997933,0.04904593675111843,0.027666999999999997
2018-09-21,0.21129651922537762,0.17945134540835186,0.06719392793156022,0.022052000000000016
2018-09-24,0.21133565079553665,0.16579151375264514,0.0744423538638011,0.04605900000000002
2018-09-25,0.21141604296379227,0.16551614302903567,0.06666904010993364,0.02552299999999999
2018-09-26,0.21114592608735852,0.16654501646811065,0.06796199673807632,0.012826999999999977
2018-09-27,0.21161269626240065,0.16605963104457408,0.07336847561063335,0.008219000000000004
2018-09-28,0.21164243682897868,0.1680939175373775,0.06654094423177583,0.038026000000000004
2018-10-01,0.21171941985793033,0.1679068904515412,0.06185869050925896,0.018035999999999996
2018-10-02,0.21221573372211774,0.168542659559576,0.06843100948033785,0.028835
2018-10-03,0.2118714030338856,0.1682563004276972,0.07137766716710434,0.02337800000000001
2018-10-04,0.2118854171184867,0.16876829863981976,0.08205535461060225,0.023798000000000014
2018-10-05,0.21124599092166058,0.1678272414716696,0.07806021880627537,0.02374800000000002
2018-10-08,0.21003116139946665,0.16825307132658512,0.07704884345706312,0.042769
2018-10-09,0.20994899591374394,0.1704033206660191,0.08276529040368677,0.022057999999999994
2018-10-10,0.20915390236783193,0.1682240578859627,0.11442893544686883,0.017116999999999993
2018-10-11,0.20786441597526956,0.1659438150393827,0.12092793983357958,-0.0035169999999999924
2018-10-12,0.20894875971251484,0.1647172252380294,0.10745934447508915,-0.051786
2018-10-15,0.21149141248338105,0.1645109247093281,0.08790536620621489,0.018158000000000007
2018-10-16,0.2124997512973855,0.16654459033971603,0.05081526129175662,0.029100999999999988
2018-10-17,0.21186841345207014,0.16654879641415538,0.015319048988764156,0.028492000000000017
2018-10-18,0.21105768826696003,0.1658466275422462,0.021618166529925903,0.017905000000000004
2018-10-19,0.21057087491466456,0.16562299727686144,0.0077417414773509885,0.03309799999999999
2018-10-22,0.21027439788006821,0.1659679209060758,0.007236817407655943,0.034972
2018-10-23,0.2089277526382645,0.17747719109273735,0.005899994857706092,0.037293999999999994
2018-10-24,0.2076802608318017,0.17684887987923936,0.04562392384067221,0.04273100000000002
2018-10-25,0.20636710692378252,0.17424137018013605,0.023542869114883097,0.04744499999999999
2018-10-26,0.2048313020461159,0.17491271088540744,0.03192346872244223,0.040601
2018-10-29,0.20323966379186595,0.17370169678623473,0.018538563161627636,0.055326000000000014
2018-10-30,0.20288409221625345,0.1733296303015055,-0.003982774787294391,0.04924499999999998
2018-10-31,0.2024059939088525,0.17365219047104338,-0.020908917344130223,0.04395400000000002
2018-11-01,0.20365135778420637,0.17311181257488037,-0.039562681357617174,0.038245999999999974
2018-11-02,0.20230652447141725,0.1732561320041178,-0.03919751455591203,0.039824
2018-11-05,0.2027159038157716,0.17321331753975167,-0.03311928955240731,0.03958599999999998
2018-11-06,0.20448900967105904,0.17411123679246754,-0.034047376014661845,0.04629699999999998
2018-11-07,0.20448988031832635,0.17525261127289965,-0.070162122914014,0.04065100000000002
2018-11-08,0.2047299075506921,0.17596386161090832,-0.06955121292962843,0.03794700000000001
2018-11-09,0.205337116374403,0.1739053921821739,-0.05307281102560149,0.03287599999999999
2018-11-12,0.20469002224605262,0.1730412591078318,-0.03112943984274555,0.055573999999999985
2018-11-13,0.20419080595743921,0.1728017929060575,-0.019731312385221716,0.033474000000000004
2018-11-14,0.20346381672217953,0.17279233709588573,-0.013570444115135583,0.049783999999999995
2018-11-15,0.2008622354594126,0.17200383174447317,-0.03661215789651376,0.04110900000000001
2018-11-16,0.20011430520700835,0.17184196174520258,-0.04010199124120373,0.04067699999999999
2018-11-19,0.19889996438904944,0.17182923808090209,-0.02045678468077816,0.0499
2018-11-20,0.19798947068784511,0.17023910305070394,-0.002469714794093081,0.04761499999999999
2018-11-21,0.198797689557636,0.1715342738105924,-0.0023001029272037843,0.04420300000000002
2018-11-23,0.19885775946352732,0.17097854435485516,0.005830281988640246,0.044166999999999984
2018-11-26,0.19863821484810273,0.17168273582541194,-0.00452762082394878,0.037737999999999994
2018-11-27,0.19841325393174455,0.16977676596905772,-0.004884395423241927,0.050009000000000026
2018-11-28,0.19824464925872531,0.1808710995308763,-0.006726841956245733,0.01735199999999998
2018-11-29,0.1980814760140072,0.17970255425776843,0.00677259131107677,0.045934999999999976
2018-11-30,0.1976523839778131,0.17965642531362624,0.01581425602126263,0.05394499999999999
2018-12-03,0.19760912424565039,0.17837793556019724,-0.01646722651968019,0.036861000000000005
2018-12-04,0.19684709174835419,0.17685494698001838,0.023632522976965026,-0.0011009999999999909
2018-12-06,0.19627387869932345,0.17701377591927578,0.033893786651037094,-0.011710999999999971
2018-12-07,0.19455478659560044,0.17676993696952728,0.06798863003408118,-0.0017339999999999578
2018-12-10,0.19160868851836715,0.17642457047986607,0.035308249497573385,0.030564999999999953
2018-12-11,0.19094619069341576,0.17381075917856045,0.014580268359625809,0.02530300000000002
2018-12-12,0.19032547465548189,0.17399698641580041,0.0011809019362632733,0.010390999999999984
2018-12-13,0.18949904661737507,0.17258664762926143,0.011033854853241487,0.061082000000000025
2018-12-14,0.18974816050977295,0.17408387644402168,0.016006052541147786,0.033569000000000015
2018-12-17,0.18889065959128284,0.1746860118802888,0.03761226432007456,0.040549
2018-12-18,0.1881377616514836,0.17298454896160215,0.06099798005906831,0.03106399999999998
2018-12-19,0.18326842375703636,0.1729778113198378,0.03320051858105705,0.023538999999999977
2018-12-20,0.18128056121427105,0.1729279600315729,0.06103300672977946,0.048285999999999996
2018-12-21,0.17933278972862457,0.1728173855870146,0.07579474381560758,0.038605999999999974
2018-12-24,0.1793075340952709,0.17336634982396543,0.10709002266041984,0.04983599999999999
2018-12-26,0.17759857229478995,0.17293774755825111,0.06620264350970073,0.04839500000000002
2018-12-27,0.17556161102233245,0.17336080214337304,0.04801285458204396,0.078129
2018-12-28,0.17442291638694074,0.17417148464351193,0.039569318255061714,0.049171999999999993
2018-12-31,0.17401729406402774,0.17462110475067127,0.01829303031097057,0.08351800000000004
2019-01-02,0.17237945631999382,0.17203765281360994,0.02293258494231798,0.04838400000000004
2019-01-03,0.16839160300039654,0.17752684208301348,0.041040401485623434,-0.013231999999999966
2019-01-04,0.1673781963402943,0.1760385150797755,0.01811391829675435,0.055098000000000036
2019-01-07,0.16611973133651362,0.17270306196499877,-0.0035317440227508046,0.03753099999999998
2019-01-08,0.16254138334376128,0.16953165710270632,-0.01739582348041463,0.05591499999999999
2019-01-09,0.16223240763715363,0.1692685312198428,-0.017846292630888494,0.06265399999999999
2019-01-10,0.16352699674007767,0.16932559440759232,-0.005089981257630993,0.046618999999999966
2019-01-11,0.16355814862535728,0.16981866360511252,-0.03125365218692616,0.04217199999999999
2019-01-14,0.1637607704356672,0.17353595109383219,-0.01672027546614041,0.04244300000000001
2019-01-15,0.16359465387744054,0.17373257195269082,-0.03736680781955726,0.03534699999999999
2019-01-16,0.16503454537522136,0.17449240572649405,-0.03249449693400916,0.052153000000000005
2019-01-17,0.1644595690000842,0.17390417166106517,-0.03541991610486847,0.05201
2019-01-18,0.16465373287430748,0.1753412295063322,-0.037395268371492096,0.051838999999999996
2019-01-22,0.16467154060054098,0.1737415982722856,-0.005973027372197209,0.075793
2019-01-23,0.16209980203964097,0.17369700930402626,0.0027664796097188193,0.05115800000000001
2019-01-24,0.1608711060579068,0.17286403524558663,-0.02169929246901328,0.035858
2019-01-25,0.1608788820526272,0.1730511910581366,-0.04175569480764091,0.044703999999999994
2019-01-28,0.1605485535570203,0.17403563518141468,-0.013569922355354952,0.05798700000000001
2019-01-29,0.16019844139539846,0.1739622103618421,-0.01620683745452378,0.036251000000000005
2019-01-30,0.16024736183750962,0.17261914371059442,-0.013367324710365142,0.047944000000000014
2019-01-31,0.16134401390176978,0.17318003839199314,-0.03442745997326971,0.034162
2019-02-01,0.1614919221558852,0.17436807684621666,-0.030650492222006748,0.039442000000000005
2019-02-04,0.16276851062939268,0.17337612564238097,-0.01809868951823651,0.035230999999999985
2019-02-05,0.16283877343894593,0.17372670900776857,-0.020915900744741533,0.03561600000000001
2019-02-06,0.1654401089116312,0.17331322764562818,-0.015891172259321906,0.028541999999999984
2019-02-07,0.16464708437433748,0.17188574122893774,0.009049000045146416,0.037313999999999986
2019-02-08,0.16495549575733326,0.17143506073140657,0.010278331450231187,0.04350100000000001
2019-02-11,0.165801628541916,0.17142974391277416,0.011804551684539838,0.031605999999999995
2019-02-12,0.16609241683943046,0.16361767374987798,0.002223215121646166,0.03346000000000002
2019-02-13,0.16666219356060333,0.16322758357780467,-0.003081831197449203,0.03945900000000002
2019-02-14,0.16706131926666806,0.16341843919817914,0.008395262968516115,0.04858100000000001
2019-02-15,0.16691944526121652,0.16409774084951015,-0.0003206755105011061,0.044603000000000004
2019-02-19,0.16679079824456147,0.16480638931389158,0.00665547935713276,0.04869100000000001
2019-02-20,0.1668290946724722,0.16475005338212936,0.0030756007572770305,0.04367199999999999
2019-02-21,0.16678209915515374,0.1646927633649977,0.012973654856857392,0.05214100000000002
2019-02-22,0.1674705558270876,0.1653075349118204,0.019456429882685894,0.043432
2019-02-25,0.16962255624695496,0.16536506129817122,0.02340137990663177,0.04611699999999999
2019-02-26,0.16985402558474666,0.16555002807884936,0.03297781082486881,0.037769
2019-02-27,0.1699837065861072,0.16555710770451543,0.026553762072118126,0.045292
2019-02-28,0.16984939173541674,0.16583849794111377,0.04028669523825651,0.03580900000000001
2019-03-01,0.16960211754463944,0.16608631338582644,0.029613322930589547,0.04499899999999998
2019-03-04,0.16892708015082014,0.16641942987824188,0.03438732359206742,0.041414000000000006
2019-03-05,0.16943299550055244,0.16615753754418514,0.040133480537069915,0.03792099999999998
2019-03-06,0.16958439433276296,0.16619856814786316,0.048915958079414734,0.04217900000000002
2019-03-07,0.16979008157950373,0.1674778016451628,0.05223114859736491,0.03617199999999998
2019-03-08,0.16974329748782488,0.16797143759625122,0.055780573124977084,0.04141600000000001
2019-03-11,0.17064604648152104,0.16640966370406446,0.04894295028828488,0.043601
2019-03-12,0.17290997888733098,0.1663493957656942,0.04444284017034608,0.03862200000000002
2019-03-13,0.17321460156433435,0.16602279413189547,0.03659901833738652,0.04514599999999999
2019-03-14,0.17334450859149775,0.16697859743896645,0.035466642726690784,0.041041999999999995
2019-03-15,0.17343935607161926,0.1663457382210533,0.04538861467428815,0.04392600000000002
2019-03-18,0.1722900070365601,0.16688553617806867,0.04612523932490309,0.046359999999999985
2019-03-19,0.17248704151872712,0.16766596299966205,0.05422752359917901,0.03947199999999998
2019-03-20,0.17240723111748438,0.17234515548857351,0.05631035796144632,0.044677999999999995
2019-03-21,0.17234629870889734,0.17388616345579141,0.05860257050694476,0.04435
2019-03-22,0.17149717175051993,0.17302583464933183,0.07652990303241067,0.04549900000000001
2019-03-25,0.17115788434305448,0.17393262014337688,0.08030685007874988,0.04271
2019-03-26,0.1717415337400861,0.1735588106645117,0.0696228868354444,0.04456700000000002
2019-03-27,0.17112756646512226,0.1736809811665018,0.06410795719272974,0.05705899999999997
2019-03-28,0.17132377788423647,0.1738043675108586,0.05899239062589193,0.04311899999999999
2019-03-29,0.17207493593078982,0.17403285907870897,0.05093100748305576,0.04888400000000001
2019-04-01,0.17268126894450284,0.17371000035033915,0.05395918931996441,0.04075400000000001
2019-04-02,0.1746326408499599,0.17385142215179036,0.059482815213293655,0.038088999999999984
2019-04-03,0.17662101058033144,0.17831468243797208,0.0600241561497227,0.041699000000000014
2019-04-04,0.17717076268905016,0.1687509882698004,0.0648132137343349,0.040042999999999995
2019-04-05,0.1770346744123798,0.17830804049988477,0.05310534267906353,0.04194099999999998
2019-04-08,0.17705623976395515,0.1780901644037298,0.0687315443473116,0.03928499999999999
2019-04-09,0.1771730766346845,0.17817774396938796,0.06327566798040155,0.05724600000000002
2019-04-10,0.17723176443573468,0.17848353229010164,0.06282213551587273,0.05307299999999998
2019-04-11,0.17751933371373538,0.1785483271055983,0.06326530516180445,0.04574900000000001
2019-04-12,0.17804680868416156,0.17845921367124315,0.06503156568723498,0.047152
2019-04-15,0.17797834235076404,0.17814674775900383,0.07794912380076918,0.04348300000000002
2019-04-16,0.17682150649593195,0.1683694838191557,0.06508760132174565,0.05770899999999998
2019-04-17,0.1800315806149093,0.1733456041091297,0.06056251752407127,0.04756699999999997
2019-04-18,0.17842455313446798,0.17325191035090204,0.0213076110582415,0.05289000000000002
2019-04-22,0.17850571761621,0.17166255908103986,0.003969567029954851,0.043488
2019-04-23,0.17797514664701825,0.17053796088217543,0.0022369134088836284,0.04566399999999998
2019-04-24,0.1782741548614233,0.1723179566410398,-0.0017596673894956227,0.04467300000000002
2019-04-25,0.1780414552779785,0.16787893951050786,-0.00405183688505284,0.03969699999999998
2019-04-26,0.17785891414711547,0.16772832237996882,-0.008236024877195491,0.043189000000000005
2019-04-29,0.17770246426994915,0.16870050221234892,-0.0036844219988366456,0.033945
2019-04-30,0.1771640603377353,0.16858579631515336,-0.01403061555662627,0.035669000000000006
2019-05-01,0.17735972297553057,0.168664558160183,-0.013714310314004163,0.043529999999999985
2019-05-02,0.17740712081155469,0.16762580214393677,-0.011867793103662844,0.04245500000000002
2019-05-03,0.17788490719357225,0.166299110897674,-0.02089453795235688,0.040896000000000016
2019-05-06,0.17783075426626457,0.16637326334814473,-0.005339935376876159,0.05082600000000001
2019-05-07,0.17558009636025712,0.1679597691931874,0.020773677607897167,0.05648900000000001
2019-05-08,0.17703624939829568,0.16820226658732104,0.018185148054878975,0.04951999999999998
2019-05-09,0.17632969403445894,0.16818124990352448,0.015742007553722376,0.046979999999999994
2019-05-10,0.1742607312559953,0.16807274917169177,-0.013217140792554233,0.048676000000000025
2019-05-13,0.17411099673224875,0.16831550696855735,0.016918535478110952,0.05017099999999999
2019-05-14,0.17360479598582196,0.16821009356270777,-0.004265215258909744,0.052864999999999995
2019-05-15,0.17274853514735938,0.16846452967635703,-0.02069401164757545,0.04774800000000001
2019-05-16,0.1725677441831811,0.16639399641340685,-0.023959465445267225,0.046903
2019-05-17,0.17204113305702604,0.16601923752673,-0.0008247716589561693,0.042518
2019-05-20,0.17211336958091883,0.16618655856694406,0.01500687548752394,0.04701899999999998
2019-05-21,0.17267159304431987,0.1659093462906011,0.009049071584790735,0.04385700000000001
2019-05-22,0.17259330927864672,0.165617357660724,0.007147732543333368,0.04556400000000002
2019-05-23,0.17325047435853036,0.16477118010590835,0.021415524769715116,0.05013500000000001
2019-05-24,0.17385428020602006,0.16506062531691143,0.010688984779507055,0.04588699999999998
2019-05-28,0.17254698926521086,0.1653081483559516,0.027555589610576386,0.046795999999999977
2019-05-29,0.17228822320313208,0.16503326474193644,0.03583367311868901,0.052242999999999984
2019-05-30,0.17257733998924793,0.16518259286686937,0.023349314125887033,0.05304199999999998
2019-05-31,0.17233060972974604,0.169660378257424,0.03704704215365828,0.051701
2019-06-03,0.17178525910070871,0.172089333190008,0.04574449219674323,0.05449799999999999
2019-06-04,0.17217440912673218,0.16921345891210085,0.02734870656699287,0.04883000000000001
2019-06-05,0.17229966948944916,0.16982169349715742,0.02051652443307922,0.045722999999999986
2019-06-06,0.1715561087040838,0.16652835192092322,0.02241998091818867,0.046739
2019-06-07,0.17172315878781286,0.16615570910931166,0.01421685521595395,0.04699400000000001
2019-06-10,0.1713537353580888,0.16671563416759416,0.021390796070970858,0.043986
2019-06-11,0.17121463426241082,0.16675072306493527,0.030638779680198125,0.046113000000000015
2019-06-12,0.17129917313125026,0.16757861988331524,0.03014327480954876,0.04222100000000001
2019-06-13,0.17143974435782622,0.16338193377244717,0.03288009339226042,0.04248100000000002
2019-06-14,0.1717839649231258,0.16251631903123537,0.042594536359050805,0.039687
2019-06-17,0.17170483562678224,0.16274754112876663,0.051514183681311276,0.044039999999999996
2019-06-18,0.17098637191496985,0.16275166530246554,0.05340031045387983,0.04502199999999998
2019-06-19,0.17098327783940417,0.1639348402714536,0.04573573982883353,0.038249000000000005
2019-06-20,0.17074043517618012,0.16755164946980405,0.04304198486304364,0.03445200000000001
2019-06-21,0.1705851854260506,0.164415181963693,0.04853891060871221,0.03271500000000002
2019-06-24,0.1713801616229779,0.16395808665275743,0.05281500275981646,0.042517
2019-06-25,0.17115593856607458,0.16452739937151722,0.07047763076664573,0.038527000000000006
2019-06-26,0.17036446098290858,0.16459008246883772,0.07989129032240336,0.043898999999999994
2019-06-27,0.17020568509966774,0.1644392890626285,0.0756412131772333,0.041449000000000014
2019-06-28,0.16988814063978852,0.16469581099896913,0.07066441180328861,0.04383799999999999
2019-07-01,0.16966601792390779,0.16443651283765337,0.05272872716820029,0.03808500000000001
2019-07-02,0.16957534577121447,0.16334424188394905,0.05365182242750818,0.038926000000000016
2019-07-03,0.1697587044590531,0.1625257177387189,0.052622888976013915,0.036821999999999994
2019-07-05,0.16993580099354802,0.16807837737797318,0.05486330136771009,0.03617900000000002
2019-07-08,0.17017913216400174,0.1661826966179613,0.06501436058548152,0.036909000000000025
2019-07-09,0.17031388171386064,0.16844550892731266,0.06531404824081222,0.03756700000000002
2019-07-10,0.17033852781388306,0.1678577299555385,0.06440644649588809,0.039716
2019-07-11,0.1704188770829546,0.1679787033137588,0.06227279180084272,0.039620000000000016
2019-07-12,0.16933559633631526,0.16844637841643414,0.07444739217955826,0.047185000000000005
2019-07-15,0.16939918002751597,0.16821557176079568,0.06737275498174006,0.043725000000000014
2019-07-16,0.16973251605269812,0.16829472472098342,0.06341717335880162,0.03859299999999999
2019-07-17,0.1697362605209327,0.16597231934136733,0.028091334891803543,0.044093999999999994
2019-07-18,0.16819648096916484,0.16643682649779898,0.012669626482031848,0.035329
2019-07-19,0.1683061216598931,0.1666976404898548,0.018710694585511972,0.030004000000000003
2019-07-22,0.16820430145508203,0.16680464041448487,0.01999969307942287,0.03142900000000001
2019-07-23,0.16951091376470603,0.16649446372926968,0.012439204134494147,0.036578
2019-07-24,0.1697551869065672,0.1665166628841662,0.011486485608688396,0.03640099999999999
2019-07-25,0.17013933318989904,0.16745350719951155,0.015856576194410138,0.038107
2019-07-26,0.16996585170770107,0.16736384947500313,0.016528979041433106,0.034603999999999996
2019-07-29,0.16959846533397574,0.16777909832307775,0.01737839138860639,0.03751399999999999
2019-07-30,0.1697410751007084,0.16781402983742946,0.021880963659421382,0.039075
2019-07-31,0.16885287581859376,0.16778226369382193,0.03380981283044779,0.036029000000000005
2019-08-01,0.16781620867524907,0.16988809731376903,0.04149579644742163,0.048738000000000004
2019-08-02,0.16785361674711238,0.16994626572330926,0.0344111550940534,0.048652
2019-08-05,0.16652242325264632,0.16710663898200012,0.07496275678396952,0.05881900000000001
2019-08-06,0.16654755322450696,0.16965425334722548,0.04930632107325045,0.053884000000000015
2019-08-07,0.1638059504826657,0.16938093317087535,0.04670206375263636,0.03201700000000002
2019-08-08,0.16396402897819615,0.16901378475600548,0.019584854123568696,0.011591000000000018
2019-08-09,0.1633048884095105,0.17052670786009338,0.013503927792016202,0.054190000000000016
2019-08-12,0.16249189574786918,0.16666486602327507,0.042475560743679724,0.06411900000000001
2019-08-13,0.16163519922426267,0.1675622017197407,0.017497826336761613,0.062356999999999996
2019-08-14,0.16112340598960243,0.16825839957050473,0.06397515990309577,0.05444300000000002
2019-08-15,0.1610777531232719,0.16682249271121988,0.05860611583949571,0.060401999999999983
2019-08-16,0.16125771886920925,0.16743961429239074,0.03343439554677827,0.0537
2019-08-19,0.1615177310049717,0.16712610530269276,0.02106687670593843,0.04969499999999999
2019-08-20,0.16195697725150326,0.16499509907755594,0.02620405776778917,0.05127700000000002
2019-08-21,0.16201528439639548,0.1666319182112439,0.016568186511632166,0.046928
2019-08-22,0.1617848076627936,0.16711748246460706,0.02356077112985927,0.047733
2019-08-23,0.16372192589446444,0.16710581705996685,0.043125027051368614,0.05858100000000002
2019-08-26,0.1644213349111192,0.16670729172472767,0.03227286271439084,0.053881999999999985
2019-08-27,0.1673056898097879,0.16673447249633724,0.03398657062853866,0.05885299999999999
2019-08-28,0.17568702192574212,0.16704130386585037,0.016500511700631187,0.054812
2019-08-29,0.1795273788045131,0.1670758832376727,0.013081701398739348,0.056752
2019-08-30,0.1912201328645078,0.16706738223035453,0.02206335600901002,0.051447999999999994
2019-09-03,0.19321018192732833,0.1666646797372421,0.03269174058461763,0.06011999999999998
2019-09-04,0.19509591758395836,0.1647323904792175,0.02711172204416093,0.049703
2019-09-05,0.19841492996452295,0.16680187763380502,0.01397496149461308,0.055368
2019-09-06,0.20560527655866154,0.16585462984402496,0.018325523375566616,0.04950299999999999
2019-09-09,0.21376801981620785,0.1662426322364794,0.03545683392825813,0.05613500000000002
2019-09-10,0.21449703253604943,0.16623216890209583,0.035448340263870615,0.012986000000000025
2019-09-11,0.2282794077997673,0.1665525376583056,0.022030083404589285,0.050539
2019-09-12,0.24532512863465722,0.16679659473483793,0.09209192744272066,0.009163000000000004
2019-09-13,0.27213170211646837,0.16573813408926288,0.027224247819333636,0.047954
2019-09-16,0.2811673998111013,0.16571955652662748,0.038651195958546575,0.05726300000000001
2019-09-17,0.2930948765855079,0.1847790949943768,0.03835793662155948,0.052052000000000015
2019-09-18,0.30164988958257,0.18425661902774393,0.03510250690717462,0.04871600000000001
2019-09-19,0.30758954014462886,0.18398564349638039,0.031699005731691265,0.047730999999999996
2019-09-20,0.31537835017661814,0.18246585070566723,0.03879535987004501,0.040097999999999995
2019-09-23,0.3196046214085264,0.1785378870818847,0.04468789889409683,0.047594
2019-09-24,0.3246153661005093,0.18083767388254376,0.06995028757452562,0.043440000000000006
2019-09-25,0.32655443436818116,0.18192030671567885,0.06248612797910216,0.04693100000000003
2019-09-26,0.3285292066064839,0.1813606865544547,0.06337796819972935,0.047057000000000015
2019-09-27,0.3338075218861534,0.18081948094772285,0.0644138773955957,0.04841800000000002
2019-09-30,0.3339957267036364,0.1814349616109333,0.05384835212200881,0.047488
2019-10-01,0.3338738753940283,0.18085314982610443,0.0661421563622949,0.05102800000000002
2019-10-02,0.3338953653077739,0.1820527444622744,0.07901186703219443,0.05035299999999998
2019-10-03,0.33389130656894195,0.18265026960565267,0.061408680028112894,0.05732000000000001
2019-10-04,0.33605573503074737,0.17650339236888038,0.04471097468198429,0.05183499999999999
2019-10-07,0.33704393388773557,0.17526937684499314,0.056061175027641824,0.048682
2019-10-08,0.3398629348883849,0.17413654741573648,0.08655234842649859,0.047599
2019-10-09,0.3420756362714786,0.1739974121479846,0.07538651382097378,0.05167399999999997
2019-10-10,0.343564159451853,0.17385537169892332,0.07110134525971337,0.04833299999999999
2019-10-11,0.34413199080144974,0.1731348271204076,0.061841723376777374,0.04986299999999999
2019-10-14,0.34592892423826,0.1726651004049545,0.04692275743829982,0.043612999999999985
2019-10-15,0.3494110978473766,0.1740254815904551,0.05763513528183589,0.04211400000000001
2019-10-16,0.3476012194017258,0.17283753713833183,-0.018704293021329532,0.04372100000000001
2019-10-17,0.3503542503588096,0.1698909615731651,-0.03550107678653616,0.042018
2019-10-18,0.35127754742343814,0.16979884170154916,-0.021169712688817566,0.036163
2019-10-21,0.35243243570877125,0.1705237490030482,-0.030292568926648084,0.044259999999999994
2019-10-22,0.35418562425631084,0.23101296723034234,-0.024179046230534657,0.040985999999999995
2019-10-23,0.3544372051023393,0.23093110508524842,-0.036668544326240726,0.044883000000000006
2019-10-24,0.3547991510379908,0.2255575257519055,-0.037537725762546686,0.030786000000000008
2019-10-25,0.355531282727857,0.20431617046031403,-0.04110275128937549,0.04785800000000001
2019-10-28,0.35603418624395944,0.20533008735211555,-0.044098656809742454,0.039772
2019-10-29,0.3562806926442884,0.20624086442647063,-0.04166609894300502,0.04000299999999998
2019-10-30,0.35706986349081804,0.20072945461225694,-0.04018065607731758,0.039182999999999996
2019-10-31,0.3570323065991574,0.2055888055376875,-0.027153695948301027,0.04004099999999999
2019-11-01,0.35799709893826537,0.20752779338044824,-0.023208213551866058,0.034446000000000004
2019-11-04,0.3583040461160779,0.20060184382871885,-0.013828218949794413,0.04053599999999999
2019-11-05,0.3582882612091401,0.19726891995985818,-0.017422270880311785,0.03828899999999999
2019-11-06,0.3586244623989887,0.19789993138396186,-0.026927057716250674,0.03987200000000002
2019-11-07,0.359307952991801,0.19780452565929788,-0.028390588075937806,0.04164000000000001
2019-11-08,0.3597297890747717,0.19299865175112677,-0.03808603200902172,0.038339999999999985
2019-11-11,0.36189572930796826,0.19410984900972633,-0.03573207500249104,0.03886400000000001
2019-11-12,0.36251336416727087,0.19330382551874747,-0.03428559122488592,0.03853900000000002
2019-11-13,0.3632193736109984,0.19647375178279378,-0.02830091093718834,0.042429999999999995
2019-11-14,0.3642392721901264,0.198037718735779,0.013383339132662014,0.03758
2019-11-15,0.36446242325154804,0.19631323714799653,0.004636405892161494,0.03554299999999999
2019-11-18,0.36504816370659293,0.19355904885058958,0.023498300575281877,0.04159399999999999
2019-11-19,0.36573509728676407,0.19350554884556243,0.024391572920144572,0.041616000000000014
2019-11-20,0.36572806995640944,0.19689847195355104,0.034589443482715504,0.045681
2019-11-21,0.3665768370800874,0.1981875765774779,0.0276936775823437,0.03459100000000001
2019-11-22,0.3671622418415601,0.19739892442197826,0.02019358853129563,0.044742000000000004
2019-11-25,0.36775892413114103,0.19606436498600727,0.011485307968135294,0.038625999999999994
2019-11-26,0.370723281381471,0.2603620025272492,0.00980284093717021,0.032153000000000015
2019-11-27,0.3712183181513521,0.2612941037499596,0.016786629215949284,0.030023999999999995
2019-11-29,0.3713934509274353,0.2657585297992005,0.014653294465622468,0.03775399999999998
2019-12-02,0.37155779038878983,0.26706162357951063,0.0329556185957576,0.04242299999999999
2019-12-03,0.3719841741427203,0.26226111185187073,0.03842104584091499,0.04142599999999999
2019-12-04,0.3728389400922953,0.2610605598383321,0.034542168590367045,0.026923000000000002
2019-12-05,0.3732368801517974,0.2598657567798414,0.03438695799460098,0.031865000000000004
2019-12-06,0.3737329782381022,0.26021974328646186,0.022542121182956232,0.03969400000000001
2019-12-09,0.3739834202747446,0.2545078731291479,0.04339673259733409,0.026551999999999992
2019-12-10,0.3765783695921121,0.19353300639694937,0.0320975939589592,0.041169999999999984
2019-12-11,0.37759056203036917,0.2549419187885773,0.03759667133963304,0.00033800000000000496
2019-12-12,0.3785926980597519,0.19300859972124976,0.042170667806084056,0.044181
2019-12-13,0.3794939151378733,0.2538983451010942,0.034382354061634174,0.029814000000000007
2019-12-16,0.3797884071871199,0.19293372573437095,0.0379449982651269,0.031752
2019-12-17,0.38002118195836915,0.1923245293187853,0.03683626928491002,0.045517999999999975
2019-12-18,0.3803319088074189,0.1903012073929899,0.04986767406202616,0.038645999999999986
2019-12-19,0.3806142882652737,0.19485281547165367,0.041254456461931155,0.044346
2019-12-20,0.38052427125665406,0.19610698847050562,0.057782779618874625,0.030411999999999995
2019-12-23,0.3815505570585168,0.1971334278998576,0.04575118971857178,0.039421999999999985
2019-12-24,0.38302896613350224,0.19870091654128938,0.06426023203703035,0.044576000000000005
2019-12-26,0.3834697853455306,0.19928499696088275,0.07434811634506816,0.03673000000000001
2019-12-27,0.3837664157907768,0.20058132415041136,0.07605084051292126,0.058869000000000005
2019-12-30,0.3846291348776702,0.19719439087232996,0.07498942640530254,0.05075200000000002
2019-12-31,0.38491699317846406,0.19507551999213174,0.07550214541409833,0.04414799999999999
2020-01-02,0.3849742620918959,0.1798131947708248,0.08275986513278198,0.04175300000000001
2020-01-03,0.385111586110994,0.22416908615384845,0.09921636030288211,0.041605
2020-01-06,0.3852055744738836,0.22457889289218363,0.0876834597662623,0.04858000000000001
2020-01-07,0.38581021370065827,0.2245598218367283,0.09187104067761548,0.04999799999999999
2020-01-08,0.3869809254174782,0.21406119354085051,0.08809531106998805,0.04570100000000002
2020-01-09,0.3871370690053399,0.21322049530780274,0.08321613174198253,0.04623000000000002
2020-01-10,0.3879995627571782,0.2161708800764384,0.08056387453245493,0.043717000000000006
2020-01-13,0.3888875892561284,0.2211169392309619,0.07696136486043029,0.04380399999999998
2020-01-14,0.3887216739415947,0.20932525046403674,0.07232716703780301,0.03861500000000001
2020-01-15,0.3901015741089417,0.20938535222009466,0.07080948688975339,0.042003999999999986
2020-01-16,0.39049669829289635,0.2048575388225669,0.05977962851822777,0.037969
2020-01-17,0.3908298492914506,0.2055217980630988,0.056417213135093736,0.03536400000000001
2020-01-21,0.39093646653478775,0.20356693267818032,0.076557572130247,0.024963999999999986
2020-01-22,0.390596832851663,0.20287981249240056,0.035634012689867905,0.02262599999999998
2020-01-23,0.3907228810741766,0.20268414112203734,0.03003465745813297,0.034861
2020-01-24,0.39076325413756813,0.20453885792734086,0.039784200712249224,0.04083500000000001
2020-01-27,0.3908413065850298,0.17808614736075745,0.05167765507725444,0.04206700000000002
2020-01-28,0.3910669340044906,0.1806123723476131,0.040346754823437275,0.04113
2020-01-29,0.3913289064455725,0.2023100920141617,0.03750154577639234,0.034027
2020-01-30,0.39136967178907667,0.17700721064176655,0.040208141676517706,0.042156
2020-01-31,0.3915906177279403,0.1751282680931905,0.060520568067980895,0.044660000000000005
2020-02-03,0.3914139946127161,0.17280197864957822,0.04450835684147153,0.04291300000000001
2020-02-04,0.39146360616000153,0.19112242279330754,0.03893229011728194,0.03600299999999998
2020-02-05,0.39165587030688803,0.2013855347474975,0.02918911739824448,0.03975100000000001
2020-02-06,0.39201924265799454,0.19975054684130208,0.026560478321235786,0.041124999999999995
2020-02-07,0.39205867564227387,0.2028677119742993,0.031125605478608515,0.040518
2020-02-10,0.3921253732524788,0.2801909751425996,0.029482354808877315,0.04247200000000001
2020-02-11,0.3922483411332321,0.27526460712123235,0.03130673069354764,0.03616900000000001
2020-02-12,0.39244179543269975,0.27675076816055727,0.02977120637732311,0.036535999999999985
2020-02-13,0.3922995190000002,0.2772423525470896,0.028381818841070022,0.03930799999999998
2020-02-14,0.3923172949175942,0.28361398558610196,0.01889963917971349,0.03512299999999999
2020-02-18,0.39229416496382974,0.2807350179978795,0.028000518251810852,0.03653600000000001
2020-02-19,0.3922892912375486,0.2753320682234845,0.024759898016322612,0.034908999999999996
2020-02-20,0.3921401018313338,0.22276352284915887,0.026226109985558327,0.03926299999999999
2020-02-21,0.3923725063659797,0.20895849091059754,0.05430853287734505,0.044095999999999996
2020-02-24,0.3923111744720268,0.2153400811290162,0.100052546094793,0.041436
2020-02-25,0.3910982739591742,0.1965902489294583,0.114962856933365,0.072635
2020-02-26,0.39080125475528554,0.19547264798042327,0.12007574181147615,0.05976600000000004
2020-02-27,0.389773274866742,0.20576035379629762,0.163968571853644,0.025073000000000012
2020-02-28,0.388022185126987,0.19166036615662113,0.16753752961363316,0.11921099999999996
2020-03-02,0.3879618958732722,0.18651728493475558,0.07731539198509654,0.09566599999999997
2020-03-03,0.38269282233499885,0.23066989303597793,0.06273765964923289,0.06991900000000001
2020-03-04,0.38224471984504105,0.23081198062292876,0.01174742660301692,0.073691
2020-03-05,0.382191878386524,0.2308018092626628,0.0519964634205628,0.09604499999999999
2020-03-06,0.3817285172352665,0.22826728644962724,0.07909308161425432,0.06638299999999997
2020-03-09,0.3792251136281835,0.22304280674872412,0.2555484929040197,0.17148299999999994
2020-03-10,0.3743457639984379,0.22702021551998125,0.08718034491593513,0.11287799999999998
2020-03-11,0.37345618723538354,0.23021031047395654,0.13524788463163456,0.06817699999999993
2020-03-12,0.3649849367345484,0.22221955421146325,0.23995039883678776,0.14211000000000007
2020-03-13,0.3537410093892401,0.2222558247917354,0.08560587653981494,0.18496499999999994
2020-03-16,0.3335933875076899,0.22217421327017814,0.09092010168803843,0.19675900000000002
2020-03-17,0.3261248607946223,0.2724667120129883,-0.026352543767957815,0.203527
2020-03-18,0.31531987142966883,0.17116340655066353,0.0700104806028875,0.23681200000000002
2020-03-19,0.3072332262526044,0.1750187189896544,0.016819233253976495,0.16680099999999998
2020-03-20,0.3015258880434436,0.2706749923447571,-0.025130308237072962,0.10489000000000004
2020-03-23,0.29373048568491217,0.2710829176133607,-0.016026888468524958,0.03326999999999991
2020-03-24,0.2896055408671239,0.27033193900874075,-0.13654865397409344,0.08087700000000009
2020-03-25,0.2840418038624159,0.26933996432814333,-0.1721746277283721,-0.01356400000000002
2020-03-26,0.2827707484216256,0.26927150526020005,-0.26020000352789113,0.011846999999999941
2020-03-27,0.2808449517668194,0.2691537089717729,-0.2096516912645321,0.015476999999999963
2020-03-30,0.2741944872160042,0.26683315619583015,-0.0988807076153283,0.03942199999999996
2020-03-31,0.2734181918272967,0.26775327565388873,-0.1253937996808232,0.04669100000000004
2020-04-01,0.27339162014471163,0.267835504525356,-0.11854192433733879,0.061282999999999976
2020-04-02,0.2724737518547117,0.26716750849770066,-0.194394242626039,0.03716799999999998
2020-04-03,0.27230114442755593,0.2674304437261912,-0.228111346172981,0.08325699999999997
2020-04-06,0.2695433497016296,0.2669105524035322,-0.24925407001745897,0.20288299999999998
2020-04-07,0.26857757084148287,0.2632321883375575,-0.2729772837079397,0.20863199999999998
2020-04-08,0.2649538544262448,0.26042971201655346,-0.22159185918143454,0.250506
2020-04-09,0.26229288834103215,0.2575809989214737,-0.23079059607425256,0.20854500000000004
2020-04-13,0.26022275677883344,0.22660640629776377,-0.2619813634349375,0.131681
2020-04-14,0.25924593527470857,0.22410850080682976,-0.26529005095975877,0.12238699999999997
2020-04-15,0.25731217599557993,0.22308324202342358,-0.11977764812375019,0.043198000000000014
2020-04-16,0.25264080392616206,0.22224900448344162,-0.10623903170307936,0.006193000000000004
2020-04-17,0.2506491482742271,0.22252206543897451,-0.12210745751714824,-0.018322000000000005
2020-04-20,0.24696703507820136,0.2228698986839596,-0.07751567703962625,-0.003955000000000042
2020-04-21,0.2464834515083211,0.22849662751455088,-0.03698942604564781,-0.021594999999999975
2020-04-22,0.24495276512204697,0.22320445766948624,-0.05278110986486462,-0.01777099999999998
2020-04-23,0.24445815030909493,0.22366867925809947,-0.05714379645608225,0.013450000000000017
2020-04-24,0.2450018271138954,0.22340338042413663,-0.07655190812790402,0.018158000000000007
2020-04-27,0.24481244098109878,0.2262242655498706,-0.07531409791185495,0.018020999999999954
2020-04-28,0.24402339162402575,0.23708802571542167,-0.09247737144568413,0.024718000000000018
2020-04-29,0.24341634047835717,0.23739858660027482,-0.11470523142222339,0.041818999999999995
2020-04-30,0.24327453674289956,0.23789086747016233,-0.013888188063187201,0.073409
2020-05-01,0.24228026670024758,0.23832021168831852,-0.02480504112950449,0.04357299999999997
2020-05-04,0.24282997931837147,0.23780746752423046,0.029521889382808253,0.13695500000000005
2020-05-05,0.24221861870513503,0.2350192490194895,0.016477280363147773,0.04191700000000004
2020-05-06,0.24255941894567498,0.23693955134398015,-0.014858360989752128,0.06101200000000001
2020-05-07,0.24396357614855416,0.2353559878564721,-0.01404263089245611,0.075957
2020-05-08,0.24393485339082413,0.23441209821223805,-0.045717715558785565,0.017108000000000012
2020-05-11,0.24361060072366944,0.2350130943439368,-0.020896980193379766,0.03189900000000001
2020-05-12,0.2504415153235432,0.23522843214631836,0.002382678197317911,0.064892
2020-05-13,0.24862668985682884,0.238186052399922,0.06652159123288626,0.07567400000000002
2020-05-14,0.2477616908229734,0.23826043450606363,0.07593851799800527,0.07182
2020-05-15,0.2467248614132406,0.2397176667057769,0.07309622797240978,0.06558599999999998
2020-05-18,0.24550264935024138,0.23868035731570517,0.019457342319271542,0.03003
2020-05-19,0.2453471485249303,0.2391457694135572,0.04355375801827499,0.05396000000000001
2020-05-20,0.24475559440552147,0.24012431271583617,0.032951203008881824,0.04810299999999995
2020-05-21,0.24423911154161843,0.23990225891352596,0.02867752588840089,0.039902999999999966
2020-05-22,0.2441196974091705,0.23715325841801915,0.037213075198349654,0.051224999999999965
2020-05-26,0.24270015629206299,0.23879898091145818,0.032939898795036116,0.04351000000000005
2020-05-27,0.24196685043824678,0.2392841304634692,0.008569108489060284,0.04428599999999999
2020-05-28,0.2414550917027112,0.2231987762435534,0.006598529907940687,0.046118999999999966
2020-05-29,0.2379086416650983,0.2260190237390114,-0.02794048889693873,0.059226
2020-06-01,0.2375384776608033,0.2265512661345609,0.010742561380152782,0.042852
2020-06-02,0.23743740260676752,0.22289354114220056,0.0014025946090591157,0.048958999999999975
2020-06-03,0.2368857754723948,0.22483368339195492,-0.0019089465948340933,0.03310000000000002
2020-06-04,0.23624752952284522,0.22535000341108302,0.013400253939377271,0.03221099999999999
2020-06-05,0.2351534160272566,0.22252441075693402,-0.02967067937585305,0.041749999999999954
2020-06-08,0.2344076990795488,0.22282391800980864,0.01417743283972761,0.008989000000000025
2020-06-09,0.23401066759914327,0.22521941517871993,0.014996614242677453,0.035046999999999995
2020-06-10,0.23341773587996123,0.2236290981209012,0.017726985051753352,0.022699999999999998
2020-06-11,0.22990013927808,0.2313677013172084,0.09228228247458514,0.045485
2020-06-12,0.22824911656897304,0.2253544088063908,0.08824990772905483,0.04036799999999996
2020-06-15,0.22677365413450606,0.2253833940473668,0.05582701257039174,0.04558499999999999
2020-06-16,0.22609484777828126,0.22640394324623525,0.04549773514033151,0.05004700000000001
2020-06-17,0.22621289515263307,0.22732357160512331,0.03780968634856985,0.06097399999999997
2020-06-18,0.22586566661715846,0.23048976625510667,0.04800170989244662,0.051115999999999995
2020-06-19,0.22541966017036907,0.22623575656265865,0.05824790208524666,0.02562099999999995
2020-06-22,0.2256543108091702,0.2252413430407669,0.05091903169036088,0.044389999999999985
2020-06-23,0.22655051342313534,0.22321130598674346,0.05590271984738382,0.06045900000000004
2020-06-24,0.22544428717674775,0.2286929268942138,0.06451503244717444,0.027627999999999986
2020-06-25,0.2235163136486648,0.22576600931099466,0.054687740722457356,0.03839199999999998
2020-06-26,0.22298882191013294,0.22734178170811056,0.06536830865714477,0.03594900000000001
2020-06-29,0.22277055981743016,0.22816281270388458,0.07955690726864567,0.03455600000000003
2020-06-30,0.2211013852473597,0.2265150921828684,0.06345969195680101,0.03753100000000004
2020-07-01,0.22077916712316115,0.22629649907054816,0.049529853443657235,0.03782200000000002
2020-07-02,0.22081233504202197,0.2141325256480159,0.038520977314872806,0.031032000000000004
2020-07-06,0.2219104028823343,0.21232908001808173,0.04224635432042434,0.034770999999999996
2020-07-07,0.2223591431668832,0.2150484574766641,0.04571234482632419,0.04426599999999997
2020-07-08,0.2220098827768803,0.21626946501091418,0.04581816693061713,0.05763200000000002
2020-07-09,0.22069665639458194,0.21516825682640517,0.0578555735672131,0.05470400000000003
2020-07-10,0.2210560021817523,0.2126289079068485,0.053727989258489595,0.03603899999999999
2020-07-13,0.21955349780731268,0.2140871265682315,0.09021239952960597,0.029095000000000037
2020-07-14,0.2183693783482059,0.2128031720190146,0.07447844789187208,0.03606999999999999
2020-07-15,0.22072932476719853,0.21728304178018287,0.07875399466424263,0.02651500000000001
2020-07-16,0.21822785252778384,0.21824998282764108,0.034113150675159576,0.034833999999999976
2020-07-17,0.21800110680567128,0.21562748751595373,0.0316339007169853,0.042742999999999975
2020-07-20,0.2183910987497933,0.21589803590744422,0.024473291285004306,0.019035999999999997
2020-07-21,0.21819478088344788,0.21468658078325678,0.02096660550044349,0.03766599999999998
2020-07-22,0.2193361224643739,0.21396463738440652,0.02023061433185319,0.026136999999999966
2020-07-23,0.21913146546049284,0.2121726352943973,0.0066140802443553914,0.04294199999999998
2020-07-24,0.2192462619632861,0.21074274416796523,0.01978323979151933,0.03444900000000001
2020-07-27,0.21908500730562191,0.2109825472097153,0.021404759020118347,0.028586
2020-07-28,0.22157380819873093,0.211999611571345,0.02343392477085318,0.035491999999999996
2020-07-29,0.22739347775146637,0.20988655283918248,0.013813090077531981,0.03780900000000001
2020-07-30,0.22946738665127991,0.21230363452924345,0.03409456782958503,0.03042499999999998
2020-07-31,0.22913541168296053,0.21019279437652957,0.034466172503702625,0.029164999999999996
2020-08-03,0.22942886206822888,0.20855547046046383,0.034811872591032494,0.034519999999999995
2020-08-04,0.229583834699721,0.21024991330412088,0.040833054398904195,0.029445
2020-08-05,0.22970176963692507,0.207419964294507,0.029425042802456586,0.03311600000000001
2020-08-06,0.23016621433789905,0.20534116387724058,0.023605284727141462,0.027041999999999983
2020-08-07,0.23011087234776398,0.21049213884504667,0.040905541520800975,0.03094399999999997
2020-08-10,0.23029891162628882,0.21065683300613414,0.056569004527129735,0.020732000000000028
2020-08-11,0.23019601289750535,0.20999945128330202,0.053907113861388106,0.044528999999999985
2020-08-12,0.22995144672473458,0.21179436637753524,0.05273467347611155,0.030333
2020-08-13,0.23006048793482348,0.21227094236441713,0.05041537075545055,0.031831
2020-08-14,0.22996443112612172,0.21282793086990515,0.06332973735104683,0.029792999999999986
2020-08-17,0.23002577590929135,0.21369900235969644,0.061826862777769664,0.025907000000000013
2020-08-18,0.2306012123606161,0.2122794025378783,0.05617626379419541,0.038768
2020-08-19,0.2308185654293006,0.21257170235243347,0.06069992504215335,0.030172000000000004
2020-08-20,0.23100288098739236,0.21244872747935994,0.059411088613010865,0.029358999999999996
2020-08-21,0.23154382649846902,0.2117089843060809,0.052907782859013264,0.040618000000000015
2020-08-24,0.2309438056855827,0.21231207687766554,0.06009387915894315,0.03354899999999997
2020-08-25,0.23116090459037208,0.21132846164011931,0.06372568991844174,0.044048000000000004
2020-08-26,0.23095103063342604,0.21115908348955695,0.07192135388104698,0.051997000000000015
2020-08-27,0.22809524423293873,0.21883479411785264,0.24564553210921256,-0.07936700000000002
2020-08-28,0.22559906946631786,0.20811280372608687,0.09819884500399073,-0.030615000000000003
2020-08-31,0.2251752414381726,0.19385942213975893,0.09847123378407724,-0.02222099999999999
2020-09-01,0.22670590207334668,0.20119071283363604,0.08804338585786597,-0.03290599999999999
2020-09-02,0.2261901494970349,0.2067149424337255,0.06622465021425489,-0.04851700000000003
2020-09-03,0.22445110696186027,0.21372162232545822,0.08095863245680565,-0.04320999999999997
2020-09-04,0.22332269533622426,0.21061895310186077,0.09083803154264514,-0.017807000000000017
2020-09-08,0.22514461600824248,0.2179571875776959,0.12603466983202508,-0.02596799999999999
2020-09-09,0.22453473519227624,0.20652242113715716,0.0500969585625724,-0.003699999999999981
2020-09-10,0.2244229458462433,0.21061949789139978,0.06226321681658048,-0.013507999999999964
2020-09-11,0.22444679857147457,0.21627922215220632,0.05885001151362643,0.0021860000000000213
2020-09-14,0.2245495332475489,0.22236728741714168,0.044440390751673164,-0.0019339999999999913
2020-09-15,0.22448943631914084,0.221530470612259,0.055073454130131594,-0.009199999999999986
2020-09-16,0.2246464894531802,0.22623969828907425,0.06926361835687062,-0.013375000000000026
2020-09-17,0.22538646945825372,0.2280730817459976,0.0595654803173552,0.01600999999999997
2020-09-18,0.2253045130254909,0.22564411690021072,0.06834005883352584,0.019015000000000004
2020-09-21,0.22510607849931055,0.2300740935105831,0.07004014215962606,-0.0006200000000000094
2020-09-22,0.2248988898088002,0.2294979949922538,0.0653675221451927,-0.0066729999999999845
2020-09-23,0.22493321134682429,0.24627061084035626,0.10014795820597855,-0.032598000000000016
2020-09-24,0.22429827231709976,0.2506654825924004,0.09624166987418842,-0.03867999999999999
2020-09-25,0.22431091806288322,0.24733926481406113,0.07528817097930207,-0.005049999999999999
2020-09-28,0.2250118808793797,0.2438638847929546,0.07870990726904306,-0.006355999999999973
2020-09-29,0.225112008545213,0.24355437227833276,0.13543768585782817,0.015743000000000007
2020-09-30,0.22408640514720515,0.24220860549723108,0.09053217249543513,0.03859299999999999
2020-10-01,0.22366467423828498,0.24103654563683363,0.12205339229818349,-0.0008539999999999659
2020-10-02,0.22371355193412332,0.24209778618314196,0.11466956905050249,-0.011574000000000029
2020-10-05,0.22382460576495716,0.2382587649267871,0.2098700322591872,0.037831000000000004
2020-10-06,0.22364352181231967,0.24272416883643028,0.15809227224242,0.005471999999999977
2020-10-07,0.2235620883596019,0.20710766269582223,0.1380818706178351,0.03708299999999998
2020-10-08,0.22312094373199148,0.2061713026339348,0.15228344405691965,0.06751000000000001
2020-10-09,0.2235485280120623,0.19848596236353166,0.13686894653812426,0.04461400000000004
2020-10-12,0.22327076338625024,0.2017685803769669,0.1360373645508505,0.052396
2020-10-13,0.22339515200272106,0.2087981469548865,0.1898569835331375,0.026712000000000014
2020-10-14,0.22272751530054818,0.22524157246157947,0.17310167009662153,0.01131500000000002
2020-10-15,0.222747681554693,0.22429483989414303,0.13934783035535137,0.0042240000000000055
2020-10-16,0.22331274181518035,0.2017465112332727,0.11540010788000651,0.032352999999999965
2020-10-19,0.22268799481053964,0.20891685707837754,0.17151909577635854,0.00472800000000001
2020-10-20,0.22281820376989223,0.20610707304511566,0.13741441535696608,0.011213000000000028
2020-10-21,0.22022283162119585,0.20183855203061576,0.11277460953438842,0.004141000000000006
2020-10-22,0.21905187937897794,0.21533130182122587,0.08326842355902381,0.02801899999999996
2020-10-23,0.21878250021596826,0.2151026233931862,0.09349200850310085,0.022782000000000024
2020-10-26,0.2185121573025887,0.21579350155932012,0.10811515787023876,0.05141000000000001
2020-10-27,0.21846290610144553,0.2154361225214533,0.10437219848991508,0.036482000000000014
2020-10-28,0.21814726235122459,0.21459558403376483,0.1629734016310353,0.02584900000000001
2020-10-29,0.21784065841768022,0.21477654031551555,0.14973024105724128,0.022624000000000033
2020-10-30,0.21762839266312758,0.21439751130803325,0.14929462895381806,0.04386199999999996
2020-11-02,0.21672081727610726,0.21389947252730765,0.13378974752364517,0.061805
2020-11-03,0.21639788036732033,0.21393398512022305,0.12094837868813274,0.05435400000000001
2020-11-04,0.2138874115884295,0.21833963270369525,0.07283310732809456,0.058823000000000014
2020-11-05,0.2133008069053972,0.213274654529454,0.060040778139910406,0.05172700000000002
2020-11-06,0.21263908094774975,0.21398156139092114,0.053948326247644646,0.051292000000000004
2020-11-09,0.20390840463770954,0.2126905798372398,0.01085294186328356,0.02617999999999998
2020-11-10,0.2025263167880541,0.21377279733360277,-0.011192602209476155,0.04850399999999999
2020-11-11,0.20254929707055017,0.21203390327294683,-0.011153943619560125,0.043074999999999974
2020-11-12,0.20238783471153315,0.2148201386372147,-0.02274624443295692,0.03805000000000003
2020-11-13,0.20214933512992553,0.21437283767562504,-0.01599772570230462,0.026536999999999977
2020-11-16,0.2019268977365717,0.20959288272891402,-0.008095561976779353,0.032671000000000006
2020-11-17,0.20115068701779856,0.21047614356134586,-0.0027601042536093967,0.04231099999999999
2020-11-18,0.2008935889051685,0.20982108861429993,0.008879452233954921,0.018776000000000015
2020-11-19,0.20038811687591387,0.21012967806446378,-0.003196479693589438,0.028522999999999965
2020-11-20,0.20029261877453028,0.21112202213125575,0.013989641171823386,0.02223799999999998
2020-11-23,0.2003937290960536,0.20298007163671739,0.013586379295804807,0.023164000000000018
2020-11-24,0.2001656392923192,0.20353780293093388,0.015952312990858752,0.03187800000000002
2020-11-25,0.19897990708498983,0.20363299766105564,0.0029920020119440505,0.023551999999999962
2020-11-27,0.20188441308368063,0.20262312417455938,0.009604952217678597,0.027212999999999987
2020-11-30,0.20269186642933085,0.20448296690462342,0.013621465562568658,0.030547999999999964
2020-12-01,0.20355834048612226,0.1993562231454706,0.010272402356011678,0.030072000000000043
2020-12-02,0.20368667854551264,0.19792755218927685,0.018442994998440432,0.03389500000000001
2020-12-03,0.20350721862377805,0.19763146043152355,0.012161049146937608,0.019388000000000016
2020-12-04,0.20363590437166856,0.19999617507794898,0.022386286979878767,0.023163000000000045
2020-12-07,0.20362590771388323,0.2008447938865393,0.039278946776525075,0.014439000000000035
2020-12-08,0.2035282591847169,0.19908856155177307,0.036622266674413956,0.028974999999999973
2020-12-09,0.20271918691091378,0.191991450632318,0.08889390933861865,0.01741499999999996
2020-12-10,0.20263799531787002,0.19650064253309552,0.10980190064146378,0.017477999999999994
2020-12-11,0.20217430231772807,0.195064743027691,0.09700981534482359,-0.0013200000000000434
2020-12-14,0.20138349790788512,0.19939492589119634,0.11360769993627554,0.008085000000000009
2020-12-15,0.2010398605550672,0.19949161518567995,0.08087876532031169,0.029745999999999995
2020-12-16,0.2008420157424081,0.19488794379972046,0.11269496753701749,-0.0023759999999999892
2020-12-17,0.20159779301083958,0.19301034658757463,0.09010927310258762,0.010027000000000008
2020-12-18,0.20098170068137058,0.1952368226521937,0.09843451685160731,0.007697000000000009
2020-12-21,0.19937756625708694,0.1948013144397751,0.11272600295875382,0.0009790000000000076
2020-12-22,0.19933311028195494,0.19590571854953423,0.11066292972644406,-0.007290000000000019
2020-12-23,0.19908988566255928,0.19401457306477904,0.08705815909518408,-0.011736000000000024
2020-12-24,0.2001147082148564,0.19314594189680376,0.10743311529916819,0.01605200000000001
2020-12-28,0.20138549686194468,0.1929207298446758,0.09681828448068053,0.022228000000000026
2020-12-29,0.20177785709464158,0.19378666634477348,0.1248281649140475,0.006989000000000023
2020-12-30,0.20170097316422794,0.1963075816117284,0.11787402747642772,0.019667999999999963
2020-12-31,0.20159699514989823,0.19295554738919568,0.10683231148069525,0.025621000000000005
2021-01-04,0.19994671157389712,0.1901870557234079,0.12668887169710813,0.03168300000000002
2021-01-05,0.19912864287403695,0.19007675961709194,0.10222562063505347,0.02385200000000004
2021-01-06,0.19851331697004582,0.18948779654395953,0.08950031675212647,0.022239999999999982
2021-01-07,0.19769102657868323,0.1876819169667515,0.09237916089131201,0.016912999999999956
2021-01-08,0.19697211707611484,0.18468677380108764,0.10639344702461134,0.013465000000000005
2021-01-11,0.19659909085938826,0.16236295215673946,0.11412502841955768,0.01909700000000003
2021-01-12,0.19611193508814478,0.16222112602980057,0.12146123974491554,0.00793900000000003
2021-01-13,0.1932362300301374,0.18660967089609642,0.08062417060962476,0.02086199999999999
2021-01-14,0.1930165991887787,0.16520744527268483,0.1082308169292853,0.009583000000000008
2021-01-15,0.19283978228378926,0.18484263155233677,0.08032941363368731,0.025200999999999973
2021-01-19,0.1921911236116327,0.1852632590080564,0.07959770582858577,0.0020479999999999943
2021-01-20,0.19250230699028745,0.18433642434269482,0.061013503477554826,0.011834000000000011
2021-01-21,0.19191469880974524,0.17050154721444646,0.06401657106717995,-0.003697999999999979
2021-01-22,0.1916884897735825,0.18495135939855417,0.05771494426309029,0.0067989999999999995
2021-01-25,0.19171181556825526,0.19089883132981522,0.06538496973009467,0.013871999999999995
2021-01-26,0.1918687738418081,0.1913849080364779,0.08708145150644842,0.015712999999999977
2021-01-27,0.18890991710983213,0.1910585390370679,0.07320513257974987,0.028054000000000023
2021-01-28,0.18107857887466525,0.1884273531093848,0.04339729904878309,0.020696999999999965
2021-01-29,0.1782121323179602,0.1702904743196973,0.059743515256675706,0.02372599999999997
2021-02-01,0.17773845406627797,0.18760740041690616,0.03572899905158794,0.057774999999999965
2021-02-02,0.17723199231591022,0.16659426866692179,-0.02860226655675885,0.027133000000000018
2021-02-03,0.17699538790187316,0.16341774061634112,-0.01054877818858646,0.017157000000000033
2021-02-04,0.1765930142280261,0.1604708595092302,-0.0010420955864128834,0.02510499999999999
2021-02-05,0.1751932309416418,0.17040410172296816,9.898922640272367e-05,0.044086000000000014
2021-02-08,0.17467287431536493,0.16988220627220657,-0.0018294389712014136,0.042303000000000035
2021-02-09,0.17451753594867062,0.17043053233434866,-0.0037821725166158338,0.04045900000000002
2021-02-10,0.17469673579952144,0.17037496958207274,-0.011277092616747586,0.01155999999999996
2021-02-11,0.17495424817704683,0.17057702773071276,-0.009184151108631522,0.026471999999999996
2021-02-12,0.17461352841313793,0.17412558269417905,0.023854139539132457,0.01302399999999998
2021-02-16,0.17437928686110094,0.1697493065621333,0.02158911661017393,0.044789999999999996
2021-02-17,0.17450324071065576,0.16953687863185266,0.015456326341455717,0.0065810000000000035
2021-02-18,0.17368120062747197,0.1715535040767116,0.01830653639750701,0.0047900000000000165
2021-02-19,0.17388988381928044,0.16738506832820035,0.008210896554396274,0.014550000000000007
2021-02-22,0.17337906764746264,0.1674504785093274,0.03187194607725416,0.016762
2021-02-23,0.17228933746657346,0.16892959729388082,0.043391345039575036,0.00547000000000003
2021-02-24,0.1718867977107706,0.1670918645390614,0.05728094156971619,0.0026459999999999817
2021-02-25,0.17150397445011928,0.16079883658927183,0.040135677948197696,0.034194
2021-02-26,0.17134621239680473,0.16344225202276716,0.07645359846336675,-0.016952000000000023
2021-03-01,0.17103862093006092,0.1627700116202031,0.07535461474031732,0.04316399999999998
2021-03-02,0.1706763702600807,0.1660042427183142,0.10134128733542608,0.02862300000000001
2021-03-03,0.17035153151879506,0.1657628299020622,0.13429891785483097,-0.0042999999999999705
2021-03-04,0.16662642927678023,0.16335036569903186,0.0952151501841835,-0.011282000000000014
2021-03-05,0.16519112058597019,0.16167875163784534,0.15570164128646008,0.017136999999999958
2021-03-08,0.16415820680034207,0.1589052955628836,0.06755992079971418,-0.051239000000000035
2021-03-09,0.16274669194891145,0.1591166837495081,0.08986258235859651,-0.011357000000000006
2021-03-10,0.16007884282087376,0.15916934716133296,0.12058310207816098,-0.0011499999999999844
2021-03-11,0.1596915128794542,0.15872578307943028,0.06031802230634309,0.024467000000000017
2021-03-12,0.15971094776225034,0.15697670360872532,0.0480393665946342,0.02269300000000002
2021-03-15,0.16244308670125154,0.1667041151168676,0.04676226540173062,0.03739300000000001
2021-03-16,0.16194916194471115,0.16666792543016587,0.04576541879711096,0.009983999999999993
2021-03-17,0.16220266269990008,0.16184716175337388,0.038371210365214264,0.024011000000000005
2021-03-18,0.16202465670466576,0.1606396763497008,0.05205285099466023,0.008267000000000024
2021-03-19,0.160407831032292,0.1571741090950854,0.024998781343280763,0.018991000000000036
2021-03-22,0.1610433647753827,0.15927514824439024,0.03110948328290375,0.03779699999999997
2021-03-23,0.1607316119463879,0.16002342349717733,0.03575413123353979,0.03484000000000004
2021-03-24,0.16040192950874235,0.16287944975232282,0.05270101005820885,0.0072450000000000014
2021-03-25,0.159510865644086,0.1626940477772987,0.06380103826894029,0.03028700000000001
2021-03-26,0.15862716313527547,0.16138770313915438,0.05090937746749488,0.05827700000000002
2021-03-29,0.15805424341044072,0.15928353175055732,0.04586834023116984,0.043379999999999974
2021-03-30,0.15706188230236376,0.1596669191870708,0.056884395762658635,0.04463600000000001
2021-03-31,0.15675440223609452,0.15897148914041526,0.04046078934399963,0.06326100000000001
2021-04-01,0.15704921170998046,0.15890110245076872,0.007289093711189409,0.03283999999999998
2021-04-05,0.1591008029136269,0.15923676654015706,0.03989312881038426,0.04180299999999998
2021-04-06,0.1593488939999002,0.1604912871672987,0.05019529081645349,0.02899299999999999
2021-04-07,0.1594661656217837,0.1591648913108452,0.03835997647168424,0.030918
2021-04-08,0.15983319446439606,0.16065802718533834,0.0580929327421269,0.03174300000000002
2021-04-09,0.15988677317043531,0.15752189683695095,0.027080520672040476,0.05950600000000003
2021-04-12,0.1602470917087495,0.15643859250195213,0.06819897000864061,0.037341999999999986
2021-04-13,0.16001716569134075,0.1569128529600245,0.07367885094672103,0.04813700000000004
2021-04-14,0.16045495254329145,0.15936043390107874,0.0909919222934307,0.007523999999999975
2021-04-15,0.15992743077269148,0.1577953185461422,0.0625279283513944,0.044532000000000016
2021-04-16,0.1594669778386488,0.1552956860377818,0.01631398260355152,0.07432799999999995
2021-04-19,0.15919043593437177,0.1587710691091867,0.08604288065261526,0.06041200000000002
2021-04-20,0.1575747748310716,0.15898096750656976,0.02451017760904503,0.0010439999999999894
2021-04-21,0.15771699198781045,0.15896665858204265,0.019125293423699924,0.03695100000000001
2021-04-22,0.1580955447529055,0.1587808405041943,0.04099131822850044,0.013116000000000017
2021-04-23,0.15857785396116128,0.158136128525587,0.019718532925761062,0.021196999999999994
2021-04-26,0.15878331344380645,0.1584186632065648,0.02875547114631624,0.035308000000000006
2021-04-27,0.1587057281489827,0.1579515427772346,0.027231057075308207,0.01816799999999999
2021-04-28,0.158871341404618,0.15736217036938147,0.020794693430859434,0.02743799999999999
2021-04-29,0.15897261401004378,0.15806303717601586,0.04187756402793641,0.025624000000000008
2021-04-30,0.15897144964069743,0.15713709925247957,0.03220302849888196,0.025799000000000016
2021-05-03,0.15918167300896507,0.15704766736999018,0.03824315335224743,0.011307999999999985
2021-05-04,0.15808241429943504,0.15669097461127038,0.04603751977966744,0.03407000000000002
2021-05-05,0.1580963680981239,0.1563997726773266,0.04118447607290365,0.02387900000000001
2021-05-06,0.15745357855080316,0.15684356132331376,0.03769863422872649,0.044204999999999994
2021-05-07,0.1572778239905147,0.1558327586192768,0.03366445049292882,0.01041800000000001
2021-05-10,0.15814245826997322,0.15541338833022572,0.04508934958985725,0.018192999999999987
2021-05-11,0.15892856843702094,0.15509926018109307,0.05566027791969458,0.03829200000000002
2021-05-12,0.15892645327412908,0.1572013439387279,0.10248632026169585,0.037472000000000005
2021-05-13,0.15896607205477215,0.15711949544136905,0.07817306826426532,0.03359899999999999
2021-05-14,0.15897273572847176,0.15591139998718928,0.06017753206551915,0.01593
2021-05-17,0.15914604575988087,0.1556520973496405,0.0576344491242341,0.047913999999999984
2021-05-18,0.15942316860727052,0.15533586035901303,0.06166972929226594,0.030690999999999996
2021-05-19,0.15953819753403659,0.15623244497918412,0.07814835767761563,0.04245299999999999
2021-05-20,0.15955794993227054,0.1559462199273578,0.07129550245080193,0.03945399999999999
2021-05-21,0.15921570640300559,0.15721250970594147,0.07656874976611688,0.026590000000000003
2021-05-24,0.15953898995228355,0.1559023920029132,0.058868057049630856,0.02388599999999999
2021-05-25,0.1594743754813982,0.15837053179566346,0.05631684902251485,0.035553
2021-05-26,0.1590156372913976,0.1583592090453841,0.06757209893357227,0.027519000000000016
2021-05-27,0.15860885972979513,0.1610805038581939,0.08624943874958022,0.018951999999999997
2021-05-28,0.16109039619215926,0.15837549220719133,0.05542557344766805,0.015565999999999997
2021-06-01,0.15872860960686994,0.1614861288086451,0.08442688829038927,-0.04631000000000002
2021-06-02,0.1585953920861003,0.16055078281568905,0.03916491424899174,-0.04808699999999999
2021-06-03,0.1591807755419125,0.1602621446384448,0.0323324226877868,0.03221399999999999
2021-06-04,0.160356776316684,0.1606360444384519,0.02380152810328312,-0.051626000000000005
2021-06-07,0.16082985216101991,0.16107682961301836,0.036823210005167084,-0.014417999999999986
2021-06-08,0.16119182985308475,0.16032291454733205,0.028737207837373546,-0.015508999999999995
2021-06-09,0.1611001599968793,0.16016500438898226,0.011285274878181234,-0.018525999999999987
2021-06-10,0.16186750904756625,0.1599563796828917,0.013261662416763575,0.015765
2021-06-11,0.16219879016058292,0.16052272146198782,0.010384706522744674,-0.05333999999999997
2021-06-14,0.1623484864621112,0.15995420294764648,0.018165833097669726,0.008837999999999985
2021-06-15,0.16274818945810254,0.15959000504654894,0.02245292363922627,0.019940999999999987
2021-06-16,0.16388080355440343,0.16058627660982644,0.029865924019036122,0.009086000000000038
2021-06-17,0.1640596578974691,0.16004675249098882,0.024935771885052332,-0.009722999999999982
2021-06-18,0.164242850391462,0.16201927940723596,0.037761192627360274,0.034941
2021-06-21,0.16392306690431366,0.16074964245520948,0.0170266854133988,0.04546800000000001
2021-06-22,0.16544626719443484,0.15983101483182804,0.019239629234937966,0.023343000000000003
2021-06-23,0.16762005734533952,0.16048086297490188,0.03233566690003034,0.029339000000000004
2021-06-24,0.16707907702730118,0.16123940096513484,0.031394027787412654,0.014623999999999998
2021-06-25,0.16680476787134868,0.1623218520639524,0.028537551093424873,0.045629
2021-06-28,0.1663109213502719,0.16407763168121864,0.03551204075548997,0.014678999999999998
2021-06-29,0.16440099948303338,0.16428457327925364,0.03209236120255546,0.019372
2021-06-30,0.16453554600030393,0.16544796818480917,0.057233073790869726,0.012220000000000036
2021-07-01,0.16440054726575706,0.1650372886362655,0.0547629867900335,0.02452600000000002
2021-07-02,0.16420963740138256,0.165537359020476,0.04836442771798555,0.01411699999999999
2021-07-06,0.16502159130113606,0.16681574689952258,0.06725867993504489,0.016343999999999997
2021-07-07,0.1669212734693963,0.16720865706907959,0.06090618037296555,0.027077000000000018
2021-07-08,0.16711241477773342,0.16755494448912314,0.06464121653736588,0.028026999999999996
2021-07-09,0.16779189384308896,0.1665496466097606,0.05811599514173385,0.024164999999999992
2021-07-12,0.16793274670511776,0.1653230352797434,0.05921041928366039,0.023569000000000007
2021-07-13,0.16803594876590286,0.1650827579572883,0.054565637946177775,0.024090999999999974
2021-07-14,0.16831977040228688,0.1650558297573487,0.05595705337294038,0.027401999999999982
2021-07-15,0.16962779391878066,0.1660030330610382,0.05956824499586935,0.028915999999999997
2021-07-16,0.17023985608798178,0.1659544687686435,0.0797616215993997,0.020404000000000033
2021-07-19,0.17107516490414668,0.17005676422197255,0.08929207544542472,0.04486999999999999
2021-07-20,0.17127060853803158,0.16715045757170827,0.06329119802731636,0.025012000000000006
2021-07-21,0.17088120134976933,0.16756397731568243,0.06635606636381675,0.01874400000000001
2021-07-22,0.17077804801572063,0.1635736472198088,0.04016332007687046,0.018709000000000003
2021-07-23,0.17109454179320807,0.1631922007124491,0.02172573494544397,0.028449999999999975
2021-07-26,0.17308925135465575,0.16268876476080427,0.02606952857391398,0.039311999999999986
2021-07-27,0.17430927905133203,0.16262349204997437,0.0372991929823869,0.029054000000000024
2021-07-28,0.17505149966612213,0.16139400222220884,0.03465476500043946,0.03447999999999998
2021-07-29,0.177084320739025,0.16002535394467632,0.03581943000494006,0.03149299999999999
2021-07-30,0.1804189716351468,0.1610478072696092,0.04464906663191914,0.03698299999999999
2021-08-02,0.1808621242179948,0.1666260716517227,0.04980640832943564,0.033611
2021-08-03,0.18087498901842627,0.16681419166075714,0.04071214658687575,0.038487999999999994
2021-08-04,0.18133995109458403,0.1668534280844815,0.04787451305574314,0.04676600000000003
2021-08-05,0.18180440769313727,0.16927213915259992,0.033571156713491174,0.03945500000000002
2021-08-06,0.1822272413032548,0.168108890391465,0.038136316093936945,0.034305
2021-08-09,0.18246437203270566,0.166119047642923,0.034532255314983606,0.019951999999999998
2021-08-10,0.18250396326480522,0.1653960647022024,0.037264899998622175,0.034716
2021-08-11,0.18219094873091002,0.16534618140395943,0.038010125841523135,0.03456400000000001
2021-08-12,0.18280827111878745,0.16556631997784854,0.027384172351670122,0.029052999999999995
2021-08-13,0.1843933105438161,0.16751602870792415,0.02485439931599462,0.06426099999999998
2021-08-16,0.18579363209253158,0.16700575552774466,0.030935079706339824,0.040562000000000015
2021-08-17,0.18594257125588934,0.1606029441796589,0.038571525155942726,0.04081600000000002
2021-08-18,0.18671502072045926,0.16738663653623354,0.05251984145781463,0.029993999999999993
2021-08-19,0.18640321259622072,0.1708764337771847,0.04813996304929022,0.060328999999999994
2021-08-20,0.19008891480739729,0.16929500165412872,0.06886362835121157,0.05566200000000002
2021-08-23,0.19163694168010478,0.16860300924877722,0.04724116376021856,0.013594999999999996
2021-08-24,0.19200806513036087,0.16860429299588114,0.045779832902925394,0.031946
2021-08-25,0.19346763630706845,0.16830486676223658,0.04565448904326316,0.03815100000000002
2021-08-26,0.1947196840159639,0.16821780319005644,0.05351424535017296,0.025056999999999996
2021-08-27,0.1948647044157658,0.16790872064598994,0.052724414429621586,0.037361000000000005
2021-08-30,0.19650072197137125,0.16608126524171465,0.04188193186943545,0.026698
2021-08-31,0.19719778574590596,0.16637541982742834,0.04458739247723695,0.03368300000000002
2021-09-01,0.19733517564887085,0.16502954088590502,0.0373075682668908,0.03648199999999999
2021-09-02,0.19812640587855054,0.16684433825272874,0.05175000088652135,0.03642999999999999
2021-09-03,0.19984363888841528,0.16595540524516156,0.0434556061967252,0.047026999999999985
2021-09-07,0.2010656961007698,0.16513166391805142,0.053404108218145396,0.04696700000000001
2021-09-08,0.2020749611602591,0.1661668520903132,0.04604642556816932,0.05783100000000002
2021-09-09,0.20251448450982265,0.16671065169765487,0.0554658954191552,0.047221999999999986
2021-09-10,0.20381755835548912,0.183035172704865,0.05714809817976818,0.056193999999999966
2021-09-13,0.20247330515428297,0.18368045483061834,0.05838590653268033,0.041085999999999984
2021-09-14,0.20267891752425501,0.18399134433693884,0.057817438737305826,0.06559600000000002
2021-09-15,0.20312887889394116,0.18382897163336387,0.05428521213318599,0.04900200000000002
2021-09-16,0.20316482938432875,0.18351054129211808,0.055673894779778854,0.009827000000000002
2021-09-17,0.2034851941954122,0.18248826572249646,0.053865691822371414,0.037218
2021-09-20,0.20296856687385276,0.18350526693956998,0.07840600585464355,0.04130900000000004
2021-09-21,0.20282100332882302,0.18167979661185765,0.08172609852121662,0.012517
2021-09-22,0.20369639370186687,0.18084851476336525,0.06547080031662361,0.01532
2021-09-23,0.20377568090038495,0.1788316336499035,0.05070721585474808,0.01292600000000002
2021-09-24,0.2039873373373478,0.1772539228199205,0.0559906046182195,0.034029000000000004
2021-09-27,0.20365444403989882,0.17155183418074116,0.06433148516574674,0.024962000000000012
2021-09-28,0.20412705879748205,0.1685111351368772,0.09088678679998055,0.037767999999999996
2021-09-29,0.20411964936009902,0.16784813980333563,0.07826103746319124,0.03442999999999996
2021-09-30,0.2039132386018095,0.16821670157316798,0.08841977545104501,0.022019999999999984
2021-10-01,0.20255302469208733,0.17062036123166413,0.06980810818332728,0.055128999999999984
2021-10-04,0.20158541208793776,0.17079541922210398,0.08497440871651449,0.04138400000000003
2021-10-05,0.2026297012160174,0.16669721806793186,0.06222025386892863,0.036492
2021-10-06,0.20275118723934465,0.17008784161541055,0.0642085878563694,0.054729
2021-10-07,0.2046722437513526,0.1671172654008634,0.048979423719960696,0.04017899999999999
2021-10-08,0.205098575146172,0.16576740342677176,0.07081656405501482,0.028065000000000007
2021-10-11,0.205331591249112,0.16507498527319614,0.056951703138201804,0.034429000000000015
2021-10-12,0.20591063194733297,0.16673354125956652,0.06562048763342643,0.04784800000000003
2021-10-13,0.20602000778660365,0.16578041149674325,0.05288125926321122,0.016199999999999992
2021-10-14,0.20644373383223408,0.1677155708750933,0.043103743512339615,0.005564000000000013
2021-10-15,0.20754174583113502,0.17927716342336386,0.042231962944122986,0.017984
2021-10-18,0.2080766584107468,0.17923824678602648,0.04267177197888325,0.02759500000000001
2021-10-19,0.2128560085293672,0.16748890151548418,0.044053935274811856,0.013822000000000001
2021-10-20,0.2122524146564857,0.16556577616418686,0.01031714671862205,0.028684000000000015
2021-10-21,0.21225527455720436,0.16696073221835936,0.004264149619366886,0.021591
2021-10-22,0.2127725944249225,0.16610908355905202,0.003469898827950346,0.025390999999999997
2021-10-25,0.21330517245856181,0.16692681175769247,0.01720888497852019,0.024092000000000002
2021-10-26,0.21385675923733155,0.1660936711913423,0.011694717973633029,0.019035000000000024
2021-10-27,0.21403745629988963,0.17064844163011425,0.009653984308958224,0.017769000000000007
2021-10-28,0.21558132162840757,0.1760895265643567,0.0060949637019145075,0.030182000000000014
2021-10-29,0.21770675380732646,0.17603156771043726,0.004845845662888176,0.025443999999999994
2021-11-01,0.21859236604908774,0.1789570360032864,0.02338928317871189,0.030348000000000014
2021-11-02,0.2215503651126097,0.18137415344334057,0.03371334855357547,0.028933999999999988
2021-11-03,0.2227767551395607,0.17877124521573784,0.023275452501780286,0.017289
2021-11-04,0.22383406802146774,0.18072641073524104,0.03104896749056338,0.016553000000000012
2021-11-05,0.22483445700250723,0.17827900910774963,0.04961302146947702,0.02432999999999999
2021-11-08,0.22558297758069382,0.17543589637252022,0.04884733368739527,0.024009999999999976
2021-11-09,0.22635387966139123,0.17582164263273467,0.046426603333072,0.03181600000000001
2021-11-10,0.2273840349519544,0.17148572802725376,0.03887640727524805,0.02781799999999998
2021-11-11,0.22756074613077734,0.17046959834551506,0.04013914783237976,0.022833999999999993
2021-11-12,0.22852471794497786,0.16942268068010988,0.028601953663561497,0.026615
2021-11-15,0.22943145901362882,0.1683551156485224,0.028057687398262282,0.028304999999999997
2021-11-16,0.23006857091846014,0.17022948893821582,0.026644194280058153,0.01628400000000002
2021-11-17,0.23091565809297698,0.17218795070028892,0.037219525608259474,0.021322000000000008
2021-11-18,0.23213250278653674,0.16961552621534998,0.04229825293254094,0.021024000000000015
2021-11-19,0.23260726693689993,0.18861697867983937,0.04839317271463581,0.024707000000000007
2021-11-22,0.23384036981420073,0.1979107668550056,0.05662433481642615,0.020671999999999996
2021-11-23,0.23456684449632434,0.18583531191687785,0.060927890152198544,0.028397000000000006
2021-11-24,0.23516041103007537,0.18685711717229822,0.0645323712307436,0.02038000000000001
2021-11-26,0.23339128869574416,0.178916373688145,0.09938164337369468,0.018320000000000003
2021-11-29,0.23370018309562007,0.18607379953073286,0.06221465764671488,0.02141599999999999
2021-11-30,0.23369902783405036,0.17687747303584989,0.07932162625591155,0.055679000000000006
2021-12-01,0.23468196521666884,0.18211740077981026,0.08413277114791384,0.03630999999999995
2021-12-02,0.23370347887217693,0.18239181368117535,0.07029682886163255,0.041557999999999984
2021-12-03,0.23377823417006316,0.1835788420409636,0.09173676940019379,0.06052099999999999
2021-12-06,0.23374693990314954,0.1877190161783837,0.06312662096710486,0.04428599999999999
2021-12-07,0.23374062064226825,0.20158122182454535,0.06079832074931102,0.037993
2021-12-08,0.23386829298284276,0.1958106978994091,0.026267533484801875,0.03379399999999999
2021-12-09,0.23434966586778375,0.18735647606261158,0.028994865005451953,0.034158999999999995
2021-12-10,0.23509388648775525,0.1861200518265152,0.02051428244705794,0.049386999999999986
2021-12-13,0.23620829709293234,0.18603700953808275,0.026000966941387288,0.032777
2021-12-14,0.23736685147412465,0.18110251529841168,0.02688564680093214,0.029890999999999973
2021-12-15,0.2372820310962955,0.18087043873773634,0.042316037220737956,0.045453999999999994
2021-12-16,0.23779965362030564,0.18246554614335334,0.06846542681816947,0.044916999999999985
2021-12-17,0.23766962581739706,0.1805237946692033,0.042805387061804256,0.02613399999999999
2021-12-20,0.23787195195294406,0.18074715985555861,0.0511916437536179,0.03626600000000002
2021-12-21,0.23681905092355848,0.18126146790861408,0.043298556802550014,0.058556
2021-12-22,0.2375147852307945,0.18942579400637877,0.012934478737282679,0.035026
2021-12-23,0.23776877642562141,0.1912162397829868,0.029849930357601806,0.012196999999999986
2021-12-27,0.23784701951440299,0.1935411486591101,0.009187161747910011,0.030882999999999994
2021-12-28,0.2388515145026846,0.207717385481976,0.01671517900506503,0.029895999999999978
2021-12-29,0.2388035016257287,0.20648263124485408,0.03145168744382357,0.023555999999999994
2021-12-30,0.23952799761928653,0.2035569358783633,0.02236929992446063,0.026395000000000002
2021-12-31,0.24030692138756643,0.20570026684732193,0.04077736464402945,0.015045000000000003
2022-01-03,0.23990190345582937,0.19239765263484754,0.04929925973368077,0.03331100000000001
2022-01-04,0.2386494915514182,0.19203167337568972,0.05351861090334514,0.02410000000000001
2022-01-05,0.2385059010658299,0.19258749160089417,0.06451823489612887,0.02068399999999998
2022-01-06,0.23818072891359096,0.18947621351060742,0.059704758080296794,0.03257099999999996
2022-01-07,0.23910417196564637,0.18844722956227164,0.07160649847825737,0.020161999999999958
2022-01-10,0.23908738336331034,0.18822711879990656,0.0782560176985421,0.030969000000000024
2022-01-11,0.23939659821026957,0.18729474847874328,0.05743716344059824,0.02709599999999998
2022-01-12,0.23860491344622786,0.18526667454623774,0.04697674364089888,0.029061999999999977
2022-01-13,0.23849011983444351,0.1864373575654539,0.06338752693780908,0.02487600000000001
2022-01-14,0.23782962552671166,0.18450319313426022,0.05231128718465905,0.022363000000000022
2022-01-18,0.23762213004773364,0.18347187545927532,0.06685818872114577,0.03780800000000001
2022-01-19,0.2376261355824389,0.1863136350796749,0.06531307840687614,0.027225
2022-01-20,0.23772387781285395,0.18946443816040986,0.07816662575369565,0.01687299999999997
2022-01-21,0.2377374186151805,0.18965810632779698,0.10931241981141784,0.02301900000000001
2022-01-24,0.23611183726100035,0.18768797381267469,0.11930153081162448,0.065691
2022-01-25,0.2354980491553565,0.18853662960883066,0.11031725713235299,0.04471700000000001
2022-01-26,0.23591127324916697,0.1865153403664172,0.08194570355246267,0.03972500000000001
2022-01-27,0.23442178678113526,0.18589505154440428,0.06061057141725873,0.048850000000000005
2022-01-28,0.23211066475311581,0.18124128318673047,0.022701796273259633,0.050508
2022-01-31,0.23228713418975125,0.18233075472727645,0.01626241606325271,0.037034999999999985
2022-02-01,0.2325083725591279,0.1840755858334242,-0.0017478426896795907,0.039338999999999985
2022-02-02,0.23188632336452855,0.20158391707369658,-0.01797397973745915,0.02691099999999999
2022-02-03,0.23130367552820047,0.20196160369354682,-0.00580164303049735,0.04001299999999999
2022-02-04,0.23109368618540846,0.1993709221628424,-0.005142316343653586,0.028216999999999992
2022-02-07,0.23103896322806328,0.20163595473732138,-0.00467180915402296,0.039247000000000004
2022-02-08,0.23096264998163074,0.20108371804114242,-0.010120522905637891,0.03484100000000001
2022-02-09,0.231328928858795,0.20147229905589484,-0.025244658940376502,0.03300600000000001
2022-02-10,0.23056353367645765,0.198150055269929,-0.006112013973707975,0.04561800000000002
2022-02-11,0.22944111788611735,0.199348223211019,0.035587075075634494,0.03867899999999996
2022-02-14,0.22831194545086117,0.1990558321831368,0.037723515994874446,0.05344199999999999
2022-02-15,0.228135013457706,0.19819029297273483,0.008390331241759363,0.03875000000000001
2022-02-16,0.2278972251914285,0.19820952040729503,0.0001543160812148836,0.03394600000000003
2022-02-17,0.2278054369000602,0.199835601637157,0.021572529873437607,0.04742999999999997
2022-02-18,0.22504856243023277,0.20011619906178485,0.03285466370604023,0.029105999999999965
2022-02-22,0.22374937573945824,0.19723422451148556,0.03236922871050485,0.06728799999999996
2022-02-23,0.22345737934770493,0.19583370565523467,0.04344668444462371,0.06597999999999998
2022-02-24,0.2222310595087706,0.1947230253095322,0.03373193520237783,0.024446000000000023
2022-02-25,0.22274168489358237,0.19477399610656776,0.011360997611686158,0.05857799999999999
2022-02-28,0.22260119971812764,0.1913828729680798,0.043180362646779685,0.070747
2022-03-01,0.22105581945216274,0.19523026419024136,0.09645051130996893,0.089949
2022-03-02,0.2206246398561971,0.18616707375113442,0.05807445382318316,0.06665399999999999
2022-03-03,0.22098373414323805,0.18548807236434592,0.05700072711868362,0.06072499999999997
2022-03-04,0.22148620925336296,0.19220162752921083,0.07098475876746413,0.080067
2022-03-07,0.2203315853485881,0.18536683685108885,0.08871649057496897,0.07645000000000002
2022-03-08,0.21944207691992554,0.1749328558982499,0.09490837637880925,0.05865699999999996
2022-03-09,0.21966806602626354,0.17683568120006007,0.05354300175554444,0.06587100000000001
2022-03-10,0.21948552690365505,0.1912374846058383,0.051672841892712484,0.047082999999999986
2022-03-11,0.2182760999801795,0.18487419324387927,0.04296528161438101,0.04252800000000001
2022-03-14,0.21765642740641955,0.1858831271390828,0.04738820519237402,0.06239100000000003
2022-03-15,0.21788459760667903,0.1930479984742934,0.03349645563748166,0.06368800000000002
2022-03-16,0.21784266101088479,0.1930533635282352,0.010499792249631046,0.03918900000000003
2022-03-17,0.2178673331263456,0.18834815143878025,-0.006802560973023758,0.054918999999999996
2022-03-18,0.21794278975589038,0.1930798532627571,-0.008410146840253319,0.034641000000000005
2022-03-21,0.2180434012204507,0.18931086333407343,-0.018705784022445576,0.05233199999999999
2022-03-22,0.21933538419209592,0.18931173979405347,-0.004836708648014693,0.038126999999999994
2022-03-23,0.21894939131744987,0.1889497436333363,0.029136861920671026,0.049147000000000024
2022-03-24,0.21967657518175418,0.19070998901750164,0.015018849200788859,0.04865899999999998
2022-03-25,0.21970820911865271,0.19143153894113552,0.01243389283944124,0.034125000000000016
2022-03-28,0.22066334376579502,0.18985163939871974,0.016315288196966427,0.04603800000000002
2022-03-29,0.22039953211874852,0.1911312484101932,0.017332694775828272,0.038944000000000006
2022-03-30,0.22074761708584523,0.1918466692052259,0.02806615471005003,0.04689399999999999
2022-03-31,0.22144741856157768,0.1905439478274182,0.043069735788313246,0.03096399999999999
2022-04-01,0.22225178819419492,0.19190670162187654,0.03493944288057735,0.04821799999999998
2022-04-04,0.22268718389720688,0.19140393270466713,0.03718288291835445,0.04535699999999998
2022-04-05,0.2220516327536511,0.1881842096363048,0.04733668091052526,0.03838699999999998
2022-04-06,0.22156762838969515,0.18628289552414362,0.06683475216662654,0.034070000000000045
2022-04-07,0.2229576211586345,0.1857595930361244,0.06049280906219895,0.038015999999999994
2022-04-08,0.22292275185843308,0.1813014704406052,0.06327250558218572,0.042681000000000024
2022-04-11,0.22360752883220106,0.17986722512738235,0.08662418476845671,0.04597899999999999
2022-04-12,0.22304738192129422,0.18023861788772175,0.0890600114464341,0.05520400000000003
2022-04-13,0.22537774993862336,0.186995583494546,0.0736522142191682,0.046155
2022-04-14,0.2261440617966544,0.19223174081580038,0.08191120525024928,0.04030299999999998
2022-04-18,0.22553796230776674,0.1918870212631695,0.07701077872901266,0.05665600000000004
2022-04-19,0.22553638632061335,0.19168244002155368,0.05918943923023548,0.04871400000000001
2022-04-20,0.2240819132823195,0.1912329384933883,0.01618649865996183,0.03280400000000003
2022-04-21,0.22512951347545404,0.18839089785001492,0.014676865122800448,0.046314999999999995
2022-04-22,0.2256729434771523,0.18980644610077846,0.0583466185570444,0.047962000000000005
2022-04-25,0.22546966561079326,0.1897809771763425,0.04358484257885664,0.05726999999999999
2022-04-26,0.22502218739793828,0.19412532632102036,0.07605254979780937,0.04846699999999998
2022-04-27,0.22468637823203036,0.19162203555762194,0.058651706620104244,0.056559000000000026
2022-04-28,0.22442434335882863,0.18962643684093566,0.04177133098121577,0.06007100000000004
2022-04-29,0.22344949413486617,0.19348025636424176,0.058075468804301006,0.056101999999999985
2022-05-02,0.22142390518815006,0.19779142341031947,0.05485307650033283,0.06809199999999999
2022-05-03,0.2209768982956614,0.19534375701417717,0.05028759761045476,0.04591400000000001
2022-05-04,0.21988099777915707,0.19181056643058933,-0.002035188392161935,0.033916999999999975
2022-05-05,0.21904420501959412,0.19189332874245846,0.02045546403675652,0.077299
2022-05-06,0.21876918799553308,0.19198612806105653,0.020687766862515944,0.05650100000000002
2022-05-09,0.21765263681365396,0.19824549491714372,0.06488516949812345,0.065417
2022-05-10,0.2164393692035389,0.20049176187579582,0.053066045711369525,0.056194999999999995
2022-05-11,0.21632284618995015,0.19947781100850928,0.05710099839933752,0.005642000000000036
2022-05-12,0.21583537797052804,0.2047755071626063,0.029756857180154916,0.017604999999999982
2022-05-13,0.21606368973286663,0.20038946936292382,0.01946220678452193,0.011904999999999999
2022-05-16,0.21535545846266835,0.20153738195653967,0.010726394426071373,0.05310500000000001
2022-05-17,0.21485952857454577,0.20073697449547173,-0.010747655413218038,0.05074599999999996
2022-05-18,0.21464604253379418,0.19907430189959732,0.010356840048104665,0.06057399999999996
2022-05-19,0.21403852839737603,0.20593794758011671,0.02922855614269443,0.06662000000000001
2022-05-20,0.21279947882122496,0.20450089539432018,0.013258080239674008,0.068855
2022-05-23,0.2122587608080678,0.20242890688150172,0.00491937327311498,0.07076099999999996
2022-05-24,0.21135425155936335,0.20423931482840985,0.015193252092731313,0.05348200000000003
2022-05-25,0.2108508819674761,0.20322728752995226,0.007539418449906576,0.05384300000000003
2022-05-26,0.21019138181038924,0.19860107043716624,-0.0002924955168362997,0.04803200000000002
2022-05-27,0.21102471958717578,0.19559877208942134,-0.02196935015082191,0.071523
2022-05-31,0.2092908603266928,0.19573277177612333,-0.0001936377446875026,0.03954099999999999
2022-06-01,0.2111103652574332,0.19683416801552284,0.005227820840902453,0.05542799999999998
2022-06-02,0.20867856857047218,0.1946402978591868,-0.0191964288795744,0.05551399999999998
2022-06-03,0.2089207545401113,0.19864803561216846,2.6830199152005907e-05,0.042789999999999995
2022-06-06,0.20870034885076913,0.1945221253568903,0.007470645427892553,0.06038699999999997
2022-06-07,0.20899540473492606,0.19471487665369203,0.002872933900560981,0.05026
2022-06-08,0.20892406863322777,0.19415820505924053,0.006348046332222551,-0.0006120000000000014
2022-06-09,0.2089618564597067,0.20074382398699384,0.03577086196149243,0.04115799999999997
2022-06-10,0.2088110278388487,0.20227424979200764,0.06028811015685276,0.0004029999999999867
2022-06-13,0.20792556407951393,0.20460133440037007,0.08232589023148734,0.05559699999999995
2022-06-14,0.20648266035436125,0.20536713439738866,0.07766546933581789,0.04466300000000001
2022-06-15,0.20501351917430344,0.2010723357629845,0.04357940586679171,-0.040930999999999995
2022-06-16,0.20473583352909944,0.20201640786843558,0.06580942101216486,0.0024800000000000377
2022-06-17,0.2044567222624001,0.20180666373220005,0.04406951794951605,-0.06665000000000004
2022-06-21,0.20428897743677327,0.20163568574972293,0.04207712036861802,0.013232000000000022
2022-06-22,0.20290372594271278,0.20260779879465626,0.06328978943353333,-0.031057
2022-06-23,0.2024668422527622,0.19753955454058358,0.04012426247049258,0.03595499999999996
2022-06-24,0.20205594805240196,0.20279396006960748,0.025545713178373758,0.005962000000000023
2022-06-27,0.2018081673611996,0.2039847790585418,0.04053672446056664,0.008991000000000027
2022-06-28,0.20130566670980832,0.1981331478331364,0.05316956721889168,0.020094
2022-06-29,0.20086247725327222,0.17188221468614107,0.04089797686909316,0.060529
2022-06-30,0.20099138892359344,0.16939037873486795,0.06017118540574701,0.06298199999999998
2022-07-01,0.20042129370219622,0.16776780588554,0.053411496507786954,0.049398
2022-07-05,0.2005913634750002,0.16844400709544685,0.07306886561847342,0.058582999999999996
2022-07-06,0.20070329726450828,0.16987855853215714,0.07041090221074495,0.04373499999999997
2022-07-07,0.20079926618470673,0.1703655250461505,0.060845321024121685,0.04957800000000001
2022-07-08,0.2017120525450026,0.17026612754578993,0.05478513550108047,0.03505699999999995
2022-07-11,0.20160802290264201,0.1701376986228792,0.06379651810589845,0.049379000000000006
2022-07-12,0.20044787452540389,0.18512218200912314,0.06052034734029896,0.05046600000000001
2022-07-13,0.20212395325406793,0.18489134941089883,0.08106127387945314,0.04477399999999998
2022-07-14,0.2016581322912969,0.1846610875762361,0.07918237045389184,0.04082999999999998
2022-07-15,0.20202242412684696,0.1836195889472446,0.05753933742099901,0.03931899999999999
2022-07-18,0.201613115041852,0.18413104285676063,0.0848903211777596,0.04631200000000002
2022-07-19,0.20179291333405575,0.18275308933504406,0.0713571940014455,0.04751899999999998
2022-07-20,0.20175790436401125,0.18277626972753339,0.06368929646474009,0.030571000000000015
2022-07-21,0.20165764997332494,0.18286534849394293,0.042619300056467246,0.04366700000000001
2022-07-22,0.20075780040668623,0.17309414919375607,0.053579159311836516,0.04408199999999998
2022-07-25,0.2007376678292641,0.1733702140764391,0.05588973577742706,0.03689600000000001
2022-07-26,0.20150476980888576,0.17229027969945468,0.05858426958239962,0.04113099999999997
2022-07-27,0.20117760479244878,0.19377963391183436,0.046784892372546044,0.02924300000000002
2022-07-28,0.19991098751157907,0.19404880610460454,0.03342657860916748,0.03503999999999999
2022-07-29,0.1999340924098705,0.1958183770356015,0.0385835183726366,0.034602999999999995
2022-08-01,0.20004434953640102,0.19550706141982285,0.04110858397037212,0.037720000000000004
2022-08-02,0.20006084938978994,0.19481496129586265,0.046026169549109375,0.03664999999999999
2022-08-03,0.19978828745238544,0.18882636930312338,0.04153523458059308,0.02626600000000001
2022-08-04,0.2002013007412971,0.18778088522749625,0.04695180614521219,0.03398099999999998
2022-08-05,0.20026280336759403,0.1899468438527006,0.042857197389193746,0.034577
2022-08-08,0.20065772164637175,0.18926683555604787,0.05639495166478481,0.016632000000000008
2022-08-09,0.20102067122793918,0.18825817639494935,0.05076408938435353,0.02801300000000001
2022-08-10,0.20260496855425336,0.18801765758395153,0.04240152377398032,0.024419999999999997
2022-08-11,0.20226976390963408,0.19158763653635252,0.04731588486407609,0.02537299999999998
2022-08-12,0.2024763731462965,0.18952716245951878,0.04351502306256011,0.008131
2022-08-15,0.20289898572914683,0.1877710948328871,0.04856195663011362,0.023197999999999996
2022-08-16,0.20289500907112454,0.18764399530767759,0.049190139804488886,0.02426600000000001
2022-08-17,0.203083463852402,0.18876886437800108,0.05234640669379945,0.02479200000000001
2022-08-18,0.20252396451404148,0.1889900504472397,0.04299752847011007,0.03237899999999999
2022-08-19,0.20306211632882207,0.1917062392138546,0.045887609887225234,0.024642999999999998
2022-08-22,0.2047814358427522,0.19365103120035812,0.0718640228543749,0.039073000000000024
2022-08-23,0.20545030764162606,0.19481186421569785,0.08030118518185395,0.02543099999999998
2022-08-24,0.2059372039630404,0.20311682176937296,0.07242606413924402,0.03411599999999998
2022-08-25,0.2058047602652996,0.2006139335195799,0.06997171377548528,0.036608
2022-08-26,0.20485005748325938,0.20163939841433293,0.09263783323660482,0.030227000000000004
2022-08-29,0.20463293620365083,0.1940770158315179,0.10545917851520015,0.02255299999999999
2022-08-30,0.20517696025966647,0.20058447559433343,0.09489561628970997,0.03609100000000001
2022-08-31,0.20498924149014683,0.19869013508088768,0.10817105818708747,0.021025000000000016
2022-09-01,0.20452985286147216,0.20259487256368192,0.09096267824948387,0.039632
2022-09-02,0.20402619325310123,0.19082753365089408,0.09630272979633275,0.04850500000000002
2022-09-06,0.2035703596121011,0.19280878971927265,0.10055358291237007,0.0002829999999999777
2022-09-07,0.2037556651528683,0.18973093281545983,0.08933764269480951,0.04620099999999999
2022-09-08,0.20294285809484872,0.19643270079367778,0.07124974548585158,0.04197599999999996
2022-09-09,0.20388795069381033,0.19700046033048305,0.04942534096962592,0.028610000000000024
2022-09-12,0.2047308331953669,0.19696200151981993,0.05606561537849036,0.03868699999999997
2022-09-13,0.20456565367700857,0.19864060937937073,0.0808350665659602,0.04478099999999999
2022-09-14,0.2044395892998153,0.19916426011781674,0.07727437647997848,0.05595899999999998
2022-09-15,0.2045972056538651,0.1987597179320934,0.07927147861474107,0.02311200000000002
2022-09-16,0.20432883807648888,0.19781385739552293,0.0742685591287646,0.03668500000000002
2022-09-19,0.20397588573928782,0.1969452647116743,0.0795814760924311,0.054229
2022-09-20,0.20420351398813813,0.19775225468572308,0.09564134800962357,0.04897800000000002
2022-09-21,0.20303398254085073,0.1968432878050488,0.10845945262632262,0.039939
2022-09-22,0.20249190776279946,0.19710203515864597,0.09614810542637095,0.04005700000000001
2022-09-23,0.20175267949542386,0.19750484645870303,0.09634126959191508,0.04927199999999998
2022-09-26,0.2017922984664638,0.19829299048274235,0.1422596718998426,0.032835
2022-09-27,0.20100802017466507,0.1976548560248204,0.13720192752786436,0.059118000000000004
2022-09-28,0.20057482168290922,0.1974552016404945,0.12821471781095717,0.045801999999999954
2022-09-29,0.20029929874942398,0.20048125451080545,0.12084836840848728,0.06795799999999996
2022-09-30,0.19951380164688645,0.2006756815184303,0.1267198098459817,0.05183199999999999
2022-10-03,0.1984940651731722,0.1982322992440068,0.10313003573961757,0.05626000000000003
2022-10-04,0.19809010310821065,0.19791645369438648,0.09011665793767282,0.05562299999999998
2022-10-05,0.1977651845309258,0.1960358706097295,0.09155626115468007,0.049189999999999956
2022-10-06,0.19808072506914323,0.20018767103156174,0.11011856731100339,0.058847999999999956
2022-10-07,0.1946996792556772,0.20095631820983118,0.10510970235384695,0.06348899999999996
2022-10-10,0.19432385536874244,0.20145458185275808,0.11677677888954074,0.056587
2022-10-11,0.19345965411319832,0.19941712997721248,0.10746633311934362,0.063251
2022-10-12,0.1930284040931837,0.20011089557991166,0.11343717409814463,0.045188000000000006
2022-10-13,0.18973204388863865,0.1971166458900167,0.07471801935251296,0.05603799999999998
2022-10-14,0.18871519747477253,0.1959323543163725,0.07005960664244976,0.05423
2022-10-17,0.19009372880395162,0.1966172529077598,0.06514577055621212,0.04712000000000005
2022-10-18,0.18979682424863079,0.19440437443976594,0.06267325769051668,0.04390299999999997
2022-10-19,0.18532756076984513,0.1964210459302067,0.042783868633287814,0.02412599999999998
2022-10-20,0.18380568026319571,0.19790308299794263,0.036986193153846214,0.046704999999999997
2022-10-21,0.18248084710904955,0.19726354359539608,0.02363690646496519,0.04738999999999999
2022-10-24,0.18190713422991062,0.1957443062723037,0.017538229034595454,0.05592800000000003
2022-10-25,0.18217615433799503,0.19299217741322577,0.016611531155421022,0.04651499999999997
2022-10-26,0.1817540975678642,0.19307543019660015,0.01423127996136897,0.04619899999999999
2022-10-27,0.1819168556254747,0.1936463579485294,0.01359653891698992,0.04562900000000003
2022-10-28,0.18117369296693756,0.19293081501660458,-0.001364991981139374,0.048097
2022-10-31,0.18117135726319006,0.1937954005301266,0.008841527674260441,0.04173899999999997
2022-11-01,0.18053982310538336,0.19441277983979752,0.013785441229944462,0.03372999999999998
2022-11-02,0.17785827268552032,0.19512052460040946,0.01022080601021963,0.03208500000000003
2022-11-03,0.1773962756992417,0.1952900717863154,0.005976362841731253,0.03882000000000002
2022-11-04,0.17682001488013555,0.19372244724166932,-0.00640146447228801,0.04763099999999998
2022-11-07,0.17629632444754986,0.19616075275919512,0.008285268601401052,0.03433899999999998
2022-11-08,0.17616456984017903,0.1928185785984225,0.015506470164823621,0.03869100000000003
2022-11-09,0.17522043403951335,0.19373633943174268,0.022351053050852415,0.042209000000000024
2022-11-10,0.1744712253690689,0.19368941901163098,-0.006481589370905427,0.03963699999999998
2022-11-11,0.17384586987040687,0.19377731117764718,-0.0020453902334630902,0.030675000000000008
2022-11-14,0.17378041796136592,0.1926682553533744,0.020776487868226085,0.015402000000000027
2022-11-15,0.17282951209617245,0.19131747877535404,0.005488642117848025,0.03406600000000004
2022-11-16,0.1724029488814841,0.1918744250159946,0.0011545998836694493,0.027628000000000014
2022-11-17,0.1720966032218898,0.18187195094799635,0.022594333972500158,0.040077
2022-11-18,0.17220153199430677,0.1819247921005861,0.0204515513318628,0.02901100000000001
2022-11-21,0.17200141525151535,0.18266070119779154,0.02696212012889354,0.029705999999999982
2022-11-22,0.17199110195524683,0.18162748018031682,0.01790582179505662,0.02977200000000002
2022-11-23,0.17153693138967518,0.18266121456890588,0.007081403470859504,0.035568000000000016
2022-11-25,0.171561410637398,0.18270582046530515,0.011241495780947852,0.027126999999999984
2022-11-28,0.1711089680324252,0.1842281008241107,0.026422454678269675,0.03706000000000001
2022-11-29,0.17182846247833486,0.18417279738767678,0.026874661219741858,0.029517000000000015
2022-11-30,0.16882753426696948,0.1827773631029054,-0.005409875991921637,0.029311000000000004
2022-12-01,0.1691544519153854,0.18323139333453256,-0.004695751207007104,0.022249999999999992
2022-12-02,0.1691321516127439,0.18112361323162815,-0.0005325884922935398,0.003072000000000019
2022-12-05,0.1688359296838001,0.18196738709353708,0.019381475009493998,0.022954000000000002
2022-12-06,0.1678257789884553,0.18364347713690574,0.03177688716501889,0.03414900000000001
2022-12-07,0.1678530118163464,0.1835552868446144,0.03614112218479623,0.03082499999999999
2022-12-08,0.16704686768272775,0.1843397867462317,0.02317214596237749,0.016504999999999992
2022-12-09,0.16644582794910767,0.1820283650655159,0.027177771240371684,-0.00828899999999999
2022-12-12,0.16667031365216486,0.18361027545192465,0.036017169101566826,0.03139399999999998
2022-12-13,0.16682823352915038,0.1851894344504473,0.02698625427956386,0.023408999999999985
2022-12-14,0.1657315123651088,0.18272785540170774,0.024071721648480704,0.023603999999999986
2022-12-15,0.1670150388077469,0.18419164787774467,0.03735743607541636,0.030645000000000006
2022-12-16,0.16633783866209903,0.18423962934640933,0.04310902420618243,0.019746000000000014
2022-12-19,0.16633083418773395,0.183867584932035,0.04445577307357754,0.031202000000000008
2022-12-20,0.16615575108314107,0.183897375311878,0.04189869204339325,0.027110000000000023
2022-12-21,0.16737898637809814,0.18396671778812376,0.03273942933758009,0.019886999999999988
2022-12-22,0.16739212370000273,0.18597912271996223,0.05454437699042594,0.027193999999999996
2022-12-23,0.1671448849417278,0.17993981563484057,0.05236067542310788,0.02486399999999997
2022-12-27,0.1665667092797838,0.18243422603087087,0.06485556204242232,0.023119
2022-12-28,0.16591003602349283,0.1850796664343313,0.07058896583310476,0.030055
2022-12-29,0.16538705708631884,0.1802547275594875,0.06368674211685185,0.035137999999999975
2022-12-30,0.16526319406766923,0.18749066747245857,0.08572828211848293,0.03620499999999999
2023-01-03,0.1641771483037315,0.1896960637409564,0.09379356885150872,0.04145000000000004
2023-01-04,0.16448335436430367,0.1890741567580512,0.07793381753780843,0.03693999999999997
2023-01-05,0.16457703027921505,0.18572827582666715,0.08969083692631202,0.036941
2023-01-06,0.16320451777051678,0.1846186077740548,0.08070010072358308,0.024234000000000006
2023-01-09,0.16323601119175832,0.18994985962554195,0.09773201704826595,0.027886999999999995
2023-01-10,0.1630845595778349,0.1893755570177559,0.08401854720468555,0.03387699999999999
2023-01-11,0.1610728474663364,0.18435217067530663,0.07833044386094082,0.03930799999999998
2023-01-12,0.16079904867011213,0.181649960057363,0.06684870362854053,0.043071
2023-01-13,0.16037293699271649,0.18299202828393457,0.06348232281034508,0.019005999999999995
2023-01-17,0.1602926073483809,0.1847976521334451,0.061039579011801265,0.033774
2023-01-18,0.16253043612266993,0.18390265531627953,0.06359437122668432,0.042392999999999986
2023-01-19,0.16295510899805293,0.182732729620137,0.06885037424306797,0.02988100000000002
2023-01-20,0.16408980412816934,0.18296452056800624,0.060399087566696597,0.04223099999999999
2023-01-23,0.163546889255047,0.1822150971338593,0.06198422960634012,0.03870399999999999
2023-01-24,0.16314895698481038,0.1818637609236544,0.05912731417024039,0.04111299999999998
2023-01-25,0.1620161589900751,0.17962108436870128,0.01595478526531785,0.040858000000000005
2023-01-26,0.16176037794808387,0.179000125851475,0.016370774706719105,0.035685999999999996
2023-01-27,0.16207142100100316,0.17929220926253145,0.014098167521989557,0.034409999999999996
2023-01-30,0.1620116360843284,0.18004591819692578,0.03092588613878025,0.03905900000000001
2023-01-31,0.16210008959978214,0.18149896655469844,0.026268240532934667,0.042129
2023-02-01,0.16120016111387442,0.17142303536263873,0.003546062690482965,0.04392099999999999
2023-02-02,0.1614107269466681,0.1734821642568259,0.018381835622107462,0.047349
2023-02-03,0.16091690882648052,0.17516956125721866,0.014793849166361978,0.036036999999999986
2023-02-06,0.16407499520102659,0.17526841284348377,0.026461777005068965,0.03667899999999999
2023-02-07,0.16401559046325423,0.17467838987632295,0.023460799192563914,0.03298499999999999
2023-02-08,0.16459536015365128,0.17602703739420061,0.027873594813934116,0.03891799999999998
2023-02-09,0.16291189396145805,0.1764194106546816,0.028864997294464678,0.042268
2023-02-10,0.162724977017618,0.1776785366589335,0.038390165690480815,0.044351999999999975
2023-02-13,0.16263948061092326,0.17770751956753572,0.037943687022450406,0.048180999999999974
2023-02-14,0.1620134301003272,0.17821405292123643,0.03378066502086943,0.037357
2023-02-15,0.16233689009694058,0.17783498844267256,0.02267324899372139,0.029882999999999993
2023-02-16,0.1622960545208798,0.1824794769159929,0.028859722325993542,0.03773599999999999
2023-02-17,0.16231970226681758,0.18130404014587045,0.026634395020012358,-0.026734999999999953
2023-02-21,0.16175337443999352,0.18325291700421886,0.048841988631688676,0.036787000000000014
2023-02-22,0.15889431896998307,0.17963478645696185,0.035340361464597014,-0.04807399999999995
2023-02-23,0.15877634786705724,0.18005097782126964,0.024273710283754024,0.037473000000000006
2023-02-24,0.1585182598684144,0.18336631852490762,0.03634478745559416,-0.052993999999999986
2023-02-27,0.16030579848102577,0.18359230385769587,0.03994774431920897,0.031183000000000016
2023-02-28,0.15905049505042607,0.18105740390652023,0.0325929397060038,0.028577999999999992
2023-03-01,0.1590269530406422,0.1829074142256563,0.032148172017713444,0.031225000000000003
2023-03-02,0.15837612156380065,0.18259349765429916,0.019408387437171576,0.028414999999999996
2023-03-03,0.15839966479494536,0.1824871157775424,0.007722994661379934,0.030303000000000024
2023-03-06,0.15830570552064702,0.184283344568289,0.022475345645475736,0.034742999999999996
2023-03-07,0.15851965108807667,0.18164106436990948,0.03228322962831717,0.03615099999999999
2023-03-08,0.158810448447393,0.18069795404335853,0.02959407908862502,0.021111999999999992
2023-03-09,0.15817056502177315,0.17565874759100217,0.05339436472201767,0.038362000000000035
2023-03-10,0.15859364076127,0.17622607187246225,0.07143495763189536,0.05425199999999997
2023-03-13,0.15715816237586613,0.17535102372549422,0.08682581021872043,0.041128
2023-03-14,0.1562405937209948,0.17354916258916367,0.06084538514442697,0.05593699999999996
2023-03-15,0.15603344821311685,0.1739178530079895,0.07062391535643678,0.05702600000000002
2023-03-16,0.15562141288656836,0.17300411237719338,0.05121616732411163,0.048671999999999965
2023-03-17,0.15449147129132632,0.17537659868073857,0.05962820754248557,0.05922999999999998
2023-03-20,0.15515948654265194,0.1749570791953016,0.06309034615861131,0.052448999999999996
2023-03-21,0.1549065742987991,0.1725311507299458,0.045275162329823454,0.051238000000000034
2023-03-22,0.15396105777555108,0.1724968389977758,0.06611624105651986,0.03469800000000001
2023-03-23,0.15345428242707118,0.1738228211392081,0.08252013761755186,0.051951
2023-03-24,0.15348125740722202,0.17322360291360211,0.07658719038849188,0.04410000000000003
2023-03-27,0.15366993921475416,0.1740220195428905,0.08487884613492833,0.04362599999999997
2023-03-28,0.1543931750159302,0.17356250811429588,0.07907075562179602,0.056437000000000015
2023-03-29,0.15444350037979376,0.172164381250874,0.07843448414329077,0.046742000000000006
2023-03-30,0.15488701791639836,0.1714412073138698,0.07313502031165103,0.05127100000000001
2023-03-31,0.1550904088494874,0.1719379863939265,0.06286939486221402,0.04363600000000001
2023-04-03,0.15528636630678497,0.17230909680413647,0.06315656573457812,0.042659999999999976
2023-04-04,0.15556876907437164,0.17391493341950554,0.07224721345344759,0.038613000000000036
2023-04-05,0.15601582440907333,0.17334962274224308,0.06762254076585042,0.041632
2023-04-06,0.1566691637280973,0.17346075696757285,0.06689370635640324,0.039054000000000005
2023-04-10,0.1562552389870714,0.17251448386303658,0.07119089829704858,0.047028000000000014
2023-04-11,0.156751934294632,0.1726934837312134,0.07200725756534368,0.04460800000000001
2023-04-12,0.15990760948163063,0.17302256231698987,0.07940074011996148,0.04550700000000002
2023-04-13,0.16209328075616614,0.17269819846477114,0.07383396162049016,0.04298000000000002
2023-04-14,0.16288855164696828,0.1682211549211295,0.07513125758623768,0.029699999999999976
2023-04-17,0.16384537432796745,0.16806257980823075,0.06813730905246945,0.038615999999999984
2023-04-18,0.16442864795443798,0.16860570400540026,0.07757998356796145,0.03209799999999999
2023-04-19,0.16997654276065519,0.16751760753937514,0.020372894043464096,0.021550999999999987
2023-04-20,0.17160435776779637,0.1677915356959985,0.01750449136711335,0.037413
2023-04-21,0.17339454080398814,0.16666382874778338,0.015686629706828242,0.03391999999999998
2023-04-24,0.1747247019954341,0.16736721832071874,0.025176888137166537,0.03575400000000001
2023-04-25,0.17519455758086344,0.1671841064468053,0.038372966811414,0.03877599999999998
2023-04-26,0.17580561467955164,0.16758367959367393,0.049867511539230386,0.029633999999999994
2023-04-27,0.17579718504546293,0.16721911142893822,0.030269185084884798,0.044708
2023-04-28,0.17735903769619032,0.16944143982829601,0.022641807270511877,0.03051699999999999
2023-05-01,0.17834362982807955,0.1687895476433074,0.02249291083111779,0.034215999999999996
2023-05-02,0.17876150502478272,0.168633015553864,0.03548400288527115,0.03229500000000002
2023-05-03,0.17887380925763136,0.16909772546687363,0.0322376442417136,0.03408899999999998
2023-05-04,0.17942594025305314,0.16726836430308922,0.04848335881222357,0.043237
2023-05-05,0.17968816310765964,0.1674655930466346,0.03327065947942989,0.04388500000000001
2023-05-08,0.17987696129168204,0.16785183904710507,0.040760353930076265,0.034883
2023-05-09,0.17945670006789521,0.16762867718850424,0.04691355760055546,0.038438
2023-05-10,0.18016162224644827,0.16820671601488396,0.037804748989460485,0.031062000000000006
2023-05-11,0.18041465856581557,0.16799419378624636,0.03846411674923156,0.041956999999999994
2023-05-12,0.18124897082245423,0.16664823828402495,0.03927666548123471,0.044057999999999986
2023-05-15,0.18240989870271218,0.1666376630452393,0.03728509863353435,0.039939
2023-05-16,0.182741679332209,0.16613142283494214,0.03617533811528348,0.03653000000000001
2023-05-17,0.18244910875849704,0.16687593845271817,0.03620039536138378,0.04000100000000001
2023-05-18,0.18290088482471564,0.1666102208183576,0.047633949426673816,0.03486799999999998
2023-05-19,0.18278226792951197,0.17612649747489662,0.04877656565212024,0.03414700000000001
2023-05-22,0.18289865361167681,0.1761338771749879,0.048634368453036175,0.036665
2023-05-23,0.18304880275883298,0.17630088907485525,0.06036523211918354,0.038174000000000013
2023-05-24,0.1831627884951223,0.17578438892060705,0.08287122069908406,0.042906
2023-05-25,0.1824241541792419,0.17231159616046093,0.07527025318850758,0.04518699999999998
2023-05-26,0.18238817407126073,0.17249843833267395,0.06997303448161071,0.048317
2023-05-30,0.182520490466305,0.17265921289755465,0.07855299891950174,0.03592500000000001
2023-05-31,0.1819435686609276,0.17278271231563122,0.06065854406194848,0.04536499999999999
2023-06-01,0.1816655916111841,0.1729591497329717,0.042226627564880465,0.025004
2023-06-02,0.18133416733632732,0.1756943157514495,0.033621613205589845,0.034603999999999996
2023-06-05,0.18089279368910696,0.17546589134967522,0.03067569876026635,0.02707100000000001
2023-06-06,0.1806846554821571,0.17277897087594402,0.020104712505530836,0.031195999999999974
2023-06-07,0.1808563912815688,0.17265566725672896,0.020480989248449905,0.03692100000000001
2023-06-08,0.18086825777162954,0.17269627766176007,0.025109859739477908,0.03329699999999999
2023-06-09,0.18052934256598444,0.17537481111422165,0.022577194043021886,-0.05468500000000001
2023-06-12,0.1804912016273906,0.17590382386601175,0.028369361492571576,0.02431999999999998
2023-06-13,0.18083221654134396,0.1752204756117861,0.019240948150396786,0.026072999999999985
2023-06-14,0.1805505810481921,0.17528808071914836,0.013835251133839266,0.028910999999999992
2023-06-15,0.18074907262002082,0.17501620360654296,0.014190011790191664,0.026903999999999983
2023-06-16,0.18095720072504412,0.17548603555519765,0.023524422506447318,0.011009000000000019
2023-06-20,0.17997910182150947,0.1754664897511149,0.02659593017237666,0.024457000000000007
2023-06-21,0.18005858802875482,0.1761393913874865,0.0295296867003689,0.028434000000000015
2023-06-22,0.1801350633671468,0.17547469452089404,0.021128311769297775,0.030976000000000004
2023-06-23,0.1801643253391162,0.1755864937553557,0.031549429129729606,0.02601500000000001
2023-06-26,0.1789686928781672,0.17657673222560696,0.03664830858740528,0.022104000000000013
2023-06-27,0.17831383871923082,0.17739104092607266,0.03225333407853645,0.033565999999999985
2023-06-28,0.178219424046446,0.17734073285336174,0.03404154174372845,0.03340900000000002
2023-06-29,0.1782760707700749,0.17846086719874918,0.035415656514419,0.026747999999999994
2023-06-30,0.1779941315561283,0.1774635724407812,0.030025289717762416,0.02457999999999999
2023-07-03,0.17814756875766286,0.17921885718531252,0.051820053795306936,0.019024000000000013
2023-07-05,0.1779079614932073,0.17904777615207101,0.053083235445911064,0.03020500000000001
2023-07-06,0.17775599220954985,0.17944093869001432,0.060091102410449154,0.03845299999999999
2023-07-07,0.17714128947289512,0.1798208352174164,0.05968576500625378,0.032938999999999996
2023-07-10,0.1769502329003078,0.17913105252112543,0.06103116250968174,0.035724000000000006
2023-07-11,0.17721858591329231,0.17966231023306647,0.06100819972542185,0.03275
2023-07-12,0.17716365876811926,0.1784067075892799,0.05752525415451318,0.03247900000000001
2023-07-13,0.17720992119515516,0.17870137756379265,0.05975940571504296,0.03414700000000001
2023-07-14,0.17727685439781532,0.17885371778825723,0.05419548832189772,0.03385199999999999
2023-07-17,0.17737046215437016,0.17987165980820288,0.07744536463009324,0.03702799999999998
2023-07-18,0.1772286526218567,0.18112905840109136,0.08785343606250312,0.032283000000000006
2023-07-19,0.1772676544254452,0.1812140317459386,0.09276966340793733,0.020612999999999992
2023-07-20,0.17467044691848554,0.17030016517519866,0.011295917423376378,0.024192999999999992
2023-07-21,0.1740772782602301,0.17095664970221897,0.013175435536601388,0.014379000000000003
2023-07-24,0.17413166572653416,0.1734320321167609,0.00125420948118668,0.02340299999999998
2023-07-25,0.17689475492560616,0.17183316873984394,0.0018564803470899893,0.025758000000000003
2023-07-26,0.17704607309890774,0.1713561454350054,-0.0033674178249601394,0.030723
2023-07-27,0.1771773421877494,0.17536512911457638,0.003098922949462818,0.025563000000000002
2023-07-28,0.1770639362936676,0.1748778179431517,-0.0043165909832428295,0.02136099999999999
2023-07-31,0.17687465116802997,0.1746855264997785,0.0016510494957704125,0.032464999999999994
2023-08-01,0.1773532187706024,0.17733294592291646,0.011220986877709643,0.026979000000000003
2023-08-02,0.17753588624246572,0.17515734991290025,0.02510380019921052,0.027114
2023-08-03,0.17803819143578975,0.17534169385429865,0.03658352068790041,0.001466999999999996
2023-08-04,0.1778759974615954,0.1722346415525231,0.022511159045066786,0.027687000000000017
2023-08-07,0.17859267903387743,0.17192137310409122,0.027001774273507084,0.024150000000000005
2023-08-08,0.17582780735588763,0.17437174881961304,0.036075841804310976,0.02989
2023-08-09,0.175694907336053,0.17491257415164932,0.024951205819670086,0.02691099999999999
2023-08-10,0.174798938606811,0.1786788603785904,0.01744237959001077,0.02914699999999998
2023-08-11,0.17453737383723317,0.1781635708519284,0.006746289382480286,0.025124000000000007
2023-08-14,0.17565772528562792,0.17733236346811326,0.002280290387929984,0.028109000000000023
2023-08-15,0.1756210422724558,0.17806112080122355,0.012452508695140863,0.030285000000000006
2023-08-16,0.17595721490664884,0.17796522022994873,0.009591321098570832,0.033152000000000015
2023-08-17,0.1763046556340604,0.17737750735167482,0.015502972872232984,0.032838000000000006
2023-08-18,0.17695995001335155,0.17724688423381074,0.021544424372857418,0.034858
2023-08-21,0.17693160350305784,0.17699286189871222,0.025649781832964125,0.027696
2023-08-22,0.17749362997783738,0.17742205052655757,0.03244768799600539,0.026438000000000017
2023-08-23,0.1774456046198441,0.17637783952844752,0.023083106842950785,0.03248899999999999
2023-08-24,0.17682988054472953,0.17898908462746532,0.030431353139505485,0.024727
2023-08-25,0.1765789119504805,0.17530532665679197,0.01808056211966705,0.029678999999999983
2023-08-28,0.17477680351908884,0.17816330145194317,0.015733851547455963,0.02197199999999999
2023-08-29,0.17491396520040578,0.17576807667455577,0.004319880144563443,0.026413999999999993
2023-08-30,0.17521035577510724,0.17578284270599373,-0.005994337440366204,-0.011468000000000006
2023-08-31,0.17538724243496576,0.17620343944787092,0.006410033469341381,0.010982999999999993
2023-09-01,0.17572337093261256,0.17546886044869883,-0.0039857226032389,0.021096999999999977
2023-09-05,0.17559881549272635,0.17641884275746614,0.020888000001403312,0.024005
2023-09-06,0.17456681965288368,0.17568118617016062,0.007743252425473357,0.02548600000000001
2023-09-07,0.17427837803622023,0.17572054490864228,0.030097634469658047,0.029866000000000004
2023-09-08,0.1745676631967399,0.17505037386281602,0.02506351647187796,0.028832999999999998
2023-09-11,0.17402218132667618,0.17412649376832157,0.02656018056854828,0.026894
2023-09-12,0.17386453153872658,0.17470053743937267,0.02702878132476047,0.02832699999999999
2023-09-13,0.17447377443015563,0.17479744320165494,0.027804070650371826,0.010676000000000019
2023-09-14,0.1754834397479453,0.17406285035088748,0.017805566146969737,0.028924000000000005
2023-09-15,0.17639968872863585,0.17420849373968814,0.03045360794518706,0.022349000000000008
2023-09-18,0.17732337253049021,0.17422517655906086,0.04436473840023514,0.03132400000000002
2023-09-19,0.17754374157207603,0.1743330224468421,0.05315820234948998,0.026605000000000018
2023-09-20,0.17765315741727253,0.17449422068602183,0.05533995970190986,0.029003
2023-09-21,0.17769668909770162,0.17132837740430332,0.06945932874902391,-0.010335999999999956
2023-09-22,0.17820907797757177,0.17276885641118353,0.07779926143781032,0.029154000000000013
2023-09-25,0.17864678125504024,0.17271391847207765,0.09290341891392248,0.03900400000000001
2023-09-26,0.17843848348442945,0.1728118676978645,0.11058617878359903,0.03845899999999999
2023-09-27,0.1774842140007926,0.1731055465457211,0.12182649354335148,0.04210900000000001
2023-09-28,0.1772020133184195,0.17156143010053146,0.11193714364104976,0.037010000000000015
2023-09-29,0.17690784691663167,0.17220165426613387,0.10945814870418671,0.01754699999999998
2023-10-02,0.17671062033608265,0.1728449152103211,0.11823760808718731,0.0069170000000000065
2023-10-03,0.17648577394610185,0.1716126845814069,0.12626969639372917,0.048251000000000044
2023-10-04,0.17607597259628052,0.1719875185550514,0.12720310536333132,0.03403299999999998
2023-10-05,0.17564760546410302,0.17124915928125622,0.12875518477069517,0.031063000000000007
2023-10-06,0.17491778994011825,0.1722615071098152,0.11403126275316308,0.04033700000000001
2023-10-09,0.1748926778617143,0.171734724233454,0.10998172835207415,0.045464000000000004
2023-10-10,0.17457394790050484,0.17160182017188666,0.1080845309940941,0.03994599999999998
2023-10-11,0.17192060625404762,0.17431836568625741,0.13856170968819018,0.039522
2023-10-12,0.16976314836812625,0.1785386203260135,0.11978368606557449,0.04513299999999998
2023-10-13,0.1699693130370304,0.1798629381605986,0.11241142354865291,0.04682200000000003
2023-10-16,0.17352899033253208,0.17789347431251343,0.08954998976540349,0.040124999999999966
2023-10-17,0.1738808789299142,0.17768021976025827,0.08211961540831167,0.036738999999999966
2023-10-18,0.1672719833889356,0.17810013286562726,-0.0037632018077265184,0.03361700000000001
2023-10-19,0.1656650819034444,0.17904869521681085,-0.008160327732813194,0.034162
2023-10-20,0.16369580877306047,0.178009768835592,-0.011067138131148901,0.035373000000000016
2023-10-23,0.16262559557401288,0.1797886506518788,-0.02335359690559291,0.04023100000000002
2023-10-24,0.16242341649642594,0.17976467399654023,-0.017957286083296026,0.032512999999999986
2023-10-25,0.16184406544585975,0.177387488710493,-0.028567966529543964,0.023948999999999998
2023-10-26,0.16173657464854757,0.1767086428413965,-0.016472501746387508,0.014277000000000012
2023-10-27,0.15986717578303797,0.17724607345420748,-0.026432257853038987,0.041391999999999984
2023-10-30,0.15856663658799866,0.17658903473320312,-0.033607802935915754,0.034636
2023-10-31,0.15807477419274638,0.17672494573594213,-0.04895883383515931,0.031242999999999993
2023-11-01,0.15774085360446585,0.17488056130845786,-0.04740406973683445,0.023229000000000027
2023-11-02,0.15721247650259587,0.1764286275539254,-0.06530613355156226,0.035278000000000004
2023-11-03,0.15694619187238235,0.175663099227674,-0.06757405355252438,0.03581899999999999
2023-11-06,0.15712462610179198,0.17568086360563173,-0.057750766147267096,0.03839199999999998
2023-11-07,0.15688858517997178,0.17587720754594516,-0.05799664418805017,0.038964
2023-11-08,0.15605170887455,0.17748903170617092,-0.049806565329522434,0.02968599999999999
2023-11-09,0.15571146731513916,0.17866848304792637,-0.0349356290091431,0.037342000000000014
2023-11-10,0.1553153967466776,0.1782550260587926,-0.018216517151318806,0.02831599999999998
2023-11-13,0.15363006630070056,0.17839189070514147,-0.04474586227860056,0.025482000000000005
2023-11-14,0.1531292112865142,0.17761880366076457,-0.05223610053827846,0.024216000000000015
2023-11-15,0.15275524857165063,0.17689116992999127,-0.05714737732495587,0.02837400000000001
2023-11-16,0.1520751686367293,0.1715123214464674,-0.027179100282097468,0.030828999999999995
2023-11-17,0.15210616908975574,0.17025906276390956,-0.021278440512338348,0.032299999999999995
2023-11-20,0.15221838958440906,0.17181892870634716,-0.02257566645441117,0.024000999999999995
2023-11-21,0.15210657575906197,0.17283837374208655,-0.014934308466803659,0.01997099999999999
2023-11-22,0.15192358451087273,0.1730909510541087,-0.02271637971380233,0.02307899999999999
2023-11-24,0.15228305123624594,0.172116945659504,-0.020741826288135784,0.022520000000000012
2023-11-27,0.1522010852900584,0.17253829024625114,-0.016584994391847463,0.02632899999999999
2023-11-28,0.15274790317143142,0.17297222418185873,-0.0019088670619434034,0.019466999999999984
2023-11-29,0.15259215345063928,0.17386254418481578,0.005251759299495229,0.022092
2023-11-30,0.15326218261564215,0.17543348315882928,0.007365764580267192,0.014600000000000002
2023-12-01,0.15320005814199109,0.17459771559942044,-0.002027198764993049,0.008278000000000008
2023-12-04,0.15352904386344232,0.17449123086600718,0.006982521962543925,0.02312800000000001
2023-12-05,0.15434334777575281,0.1757854952992402,0.01186644434557868,0.025372000000000006
2023-12-06,0.15723979957036724,0.1759169042760997,0.010079843267804867,0.026973999999999998
2023-12-07,0.15809413162261376,0.17498727651587026,0.01528030993704188,0.019926
2023-12-08,0.15837353033314852,0.17410053075389487,0.015993837905565994,0.016331000000000012
2023-12-11,0.15831079812363164,0.17544746905935274,0.02499010026492396,0.02431999999999998
2023-12-12,0.15791341794431624,0.1756128242711435,0.01936979663082855,0.026122000000000006
2023-12-13,0.15817447877900373,0.1753160067146051,0.031700484234890525,0.00986300000000001
2023-12-14,0.15773753168645072,0.1825071865048396,0.02927482324824704,0.03223699999999999
2023-12-15,0.15730512011370185,0.18170003450802957,0.035710368885328914,0.019749000000000017
2023-12-18,0.15796038698113207,0.18232256441996422,0.044888312763470745,0.019339999999999996
2023-12-19,0.15813969520442975,0.1831143781717689,0.0449907805038271,0.022573999999999983
2023-12-20,0.15785916549773168,0.18272325549795523,0.06411927353280508,0.020513000000000003
2023-12-21,0.1578651872365905,0.1831359684064208,0.0691071743465635,0.0013930000000000053
2023-12-22,0.15818134356159844,0.1677396717718522,0.05363073066268967,0.024946999999999997
2023-12-26,0.15837913640858978,0.16844834396252037,0.06982875275911349,0.023148000000000002
2023-12-27,0.15897082311697155,0.16982181164543675,0.06811768105924909,0.026993000000000017
2023-12-28,0.16099691109898603,0.17061543453719646,0.07403089083393033,0.023503999999999997
2023-12-29,0.16089418912303163,0.17175895850621925,0.07528609837038219,0.022953
2024-01-02,0.16078287351020312,0.1698907144399328,0.08591385548354061,0.025734000000000007
2024-01-03,0.16129119961086083,0.16988942141117647,0.09021322611559952,0.024367
2024-01-04,0.16148007599178824,0.1702039934568762,0.088180065083811,0.02910399999999999
2024-01-05,0.1621017175529821,0.17150854693344839,0.09080792864886622,0.024496000000000018
2024-01-08,0.16213895238015827,0.1724140199199457,0.08453494101599843,0.024049999999999988
2024-01-09,0.1622436916048747,0.17209171419370062,0.07879780089466072,0.02391500000000002
2024-01-10,0.16210953292001468,0.17342771724205036,0.0788789093378149,0.023974999999999996
2024-01-11,0.16231581622854085,0.17212390860348273,0.0731902645537161,0.02649700000000002
2024-01-12,0.1623293336212544,0.172267475020213,0.07049947508611315,0.02329500000000001
2024-01-16,0.16392293581067832,0.1730655545447126,0.07612174184566313,0.026658999999999988
2024-01-17,0.16815808416581465,0.1731734229293449,0.08885676067598236,0.023745000000000016
2024-01-18,0.16896162194685438,0.17325607120044842,0.08235792344079583,0.023908000000000013
2024-01-19,0.16903718422399416,0.17462013948441296,0.07816169087717903,0.023334999999999995
2024-01-22,0.16887930240009788,0.1786909644768161,0.09010545686990959,0.021439000000000014
2024-01-23,0.16923957644318413,0.17944383736089664,0.09276620130128835,0.03862099999999999
2024-01-24,0.16791890754433061,0.17487849454734847,0.021165655799459254,0.027146999999999977
2024-01-25,0.16868256778582086,0.17452881804093845,0.014543727173529253,0.02359799999999998
2024-01-26,0.1720886083530286,0.17345610898069536,0.010989953324803875,0.02626300000000001
2024-01-29,0.17407935842666972,0.17409886222286658,0.011306692010965236,0.022018999999999983
2024-01-30,0.17631787747701394,0.17266562876716024,0.007821016070817921,0.024782
2024-01-31,0.17790184864968622,0.16946192945389912,0.017329494978757964,0.020574999999999982
2024-02-01,0.1798243344522666,0.16935168457078828,0.0016216466137265184,0.021308999999999995
2024-02-02,0.18071688616136178,0.16973258182436374,0.007204207926661793,0.01868399999999998
2024-02-05,0.18123838093187844,0.16928154095389294,0.01017888564615671,0.010736999999999997
2024-02-06,0.18228546840745563,0.1696053518161178,-0.003748549099679227,0.02091599999999999
2024-02-07,0.1828331169466079,0.17172967446298734,-0.004702223928884336,0.019007999999999997
2024-02-08,0.18277862796345576,0.1716599324162437,-0.011939861583907974,0.014207999999999998
2024-02-09,0.1826882834862854,0.1729133053982681,-0.0074055414337206305,0.024922
2024-02-12,0.1826073131047207,0.17487087532980128,0.0004690305943032824,0.016876000000000002
2024-02-13,0.18223900090964734,0.1725315924220283,0.014742516009941198,0.012540999999999997
2024-02-14,0.18243520329553636,0.17220987892578993,-0.00967207129817585,0.021175
2024-02-15,0.182105325527473,0.17161845457478228,-0.007683034801511418,0.010903999999999997
2024-02-16,0.1815755276708104,0.1712983132305144,-0.008801035029014997,0.015629000000000004
2024-02-20,0.1807743414812695,0.1708400839270738,-0.01082404689001612,0.022421999999999997
2024-02-21,0.18062618953197665,0.1716155004600997,-0.0013335062991254865,0.008694000000000007
2024-02-22,0.17981277264184306,0.16979465396626442,-0.00844876201833536,0.013691000000000009
2024-02-23,0.1796499275128847,0.16968587882571512,0.015050627359478097,0.0018509999999999915
2024-02-26,0.17958538796635076,0.17177396065341494,0.0050673063372654314,0.011838000000000015
2024-02-27,0.17950075728534048,0.17267595308923236,0.009076816252453435,0.010195999999999983
2024-02-28,0.17964476326792356,0.17466118241486112,0.001953662295251901,0.014346999999999999
2024-02-29,0.17951229211186795,0.17522189185844508,0.010549466153421033,0.008150999999999992
2024-03-01,0.1795255420617421,0.17392951471598406,0.010941794335835503,0.009929999999999994
2024-03-04,0.17929434188368742,0.17502146144938682,0.020289818619825678,0.015067999999999998
2024-03-05,0.17948367582163025,0.17398997314407796,0.02789013904500165,0.025684000000000012
2024-03-06,0.17990840869819774,0.1737239306912627,0.030699482823744018,0.011321999999999999
2024-03-07,0.17992263599005315,0.17676442042334234,0.03024286322724065,0.01922299999999999
2024-03-08,0.18030358272152808,0.17697222504433618,0.029138393039542326,0.026079999999999992
2024-03-11,0.1802962484647988,0.17692302185529907,0.029403662188084156,0.017126000000000002
2024-03-12,0.18042975580161727,0.17742231293411048,0.03048514899034646,0.006111000000000005
2024-03-13,0.1807034053804259,0.17812903319743187,0.023692640931644054,0.010053000000000006
2024-03-14,0.17992213014649433,0.1774588528425029,0.03149332224721582,0.026637000000000022
2024-03-15,0.1789469792500916,0.17818454221049826,0.011021977037197511,0.04328699999999999
2024-03-18,0.17807862461187404,0.17736564027824736,0.04282648505190795,0.012907000000000002
2024-03-19,0.177680578441386,0.17393832637862366,0.039085486274143294,0.011952999999999991
2024-03-20,0.177606614566249,0.1741031755592677,0.03535026810257039,-0.020496999999999987
2024-03-21,0.17755191967560413,0.17299873106904134,0.041773104615677126,-0.002019999999999994
2024-03-22,0.17788497856156393,0.17235884915441588,0.052076359896046864,0.003943000000000002
2024-03-25,0.17745644974241473,0.17233446663654944,0.059357649363355275,0.007878000000000024
2024-03-26,0.17770686318294074,0.17188277380792386,0.05353762830954409,0.010877999999999999
2024-03-27,0.1775194535343913,0.17158252943705238,0.0426973374159792,0.014325000000000004
2024-03-28,0.17748962998823348,0.17359988987562835,0.04691479316234676,0.008837999999999985
2024-04-01,0.17768080539630635,0.17520600074118303,0.06275120784285673,0.013411000000000006
2024-04-02,0.17770713695374804,0.17693588196231533,0.06227375747045791,0.011498000000000008
2024-04-03,0.17800104722661927,0.17686694249008222,0.06322007391506954,0.018485
2024-04-04,0.1778385570055987,0.17744637452026504,0.07507180057447893,0.017991000000000007
2024-04-05,0.17776762096827603,0.1776991186047018,0.06710951564591658,0.016336000000000017
2024-04-08,0.17799728520711142,0.1790586873304168,0.07457566870209692,0.013107000000000008
2024-04-09,0.17808333306676963,0.17867989246845237,0.081402681313022,0.018419999999999964
2024-04-10,0.17815003372833038,0.17897216263387236,0.07268167422362701,0.023659999999999987
2024-04-11,0.17787377027188084,0.17847814483629193,0.06411729692088111,0.024520000000000014
2024-04-12,0.1775376737199064,0.17988217973951573,0.08441222199532361,0.028628999999999988
2024-04-15,0.17718161082733264,0.17980472650957924,0.11989280441010658,0.02310599999999996
2024-04-16,0.1773321033449347,0.17983820737293826,0.10353757224773502,0.029883999999999966
2024-04-17,0.17451996792254318,0.17910370589269559,0.038471296255761844,0.006961999999999996
2024-04-18,0.1735378167564153,0.17684612549364376,0.01881602361023957,0.019022999999999984
2024-04-19,0.173038690108325,0.17912541508219595,0.029182764334236694,-0.014854000000000006
2024-04-22,0.17294394945037717,0.17857518112921872,0.002821993208010659,0.021976000000000023
2024-04-23,0.17308818576623325,0.17896233531716155,0.002563057933928692,-0.0019780000000000075
2024-04-24,0.17267818090340087,0.17908961785080219,0.0035106701236181648,0.013600000000000001
2024-04-25,0.1724802082035854,0.17880132051093126,0.0005227430834491287,0.004730999999999985
2024-04-26,0.17375431909912628,0.17883505979391195,-0.0007620836828727551,0.013302000000000008
2024-04-29,0.17340452033566067,0.17895343313704382,0.002947463230896452,0.019528000000000018
2024-04-30,0.173556048895434,0.17910821781928823,0.013554578058291994,0.000130000000000019
2024-05-01,0.17373421120876592,0.1783953106550137,-0.0021955952576382387,-0.010281000000000012
2024-05-02,0.17356953484823048,0.17818578435096916,-0.010342152064154675,0.017375
2024-05-03,0.17466298673592864,0.17869574601079108,-0.012125569255242108,-0.02593899999999999
2024-05-06,0.17576294512441623,0.178493271726706,0.0043837446214806675,0.011356000000000005
2024-05-07,0.1763793839990731,0.17915230505943855,0.0058195567927832315,-0.0020769999999999955
2024-05-08,0.17906035268603265,0.17968394687201533,-0.001815729983863451,0.018571000000000004
2024-05-09,0.18003410333693698,0.1789885421719122,-0.012443095206483346,0.010899999999999993
2024-05-10,0.18074845754272614,0.17858861912870616,-0.004515184789769838,0.015902
2024-05-13,0.18091093324999002,0.17858299649434514,0.005813703993897357,-0.012813999999999992
2024-05-14,0.18039921491576727,0.1787547115604055,-0.008390396783974657,-0.008746000000000004
2024-05-15,0.18061853601662348,0.17696699446555714,-0.005153843934614322,0.007793999999999995
2024-05-16,0.18051941452627496,0.17905261059124883,0.025539727544952984,-0.026477999999999974
2024-05-17,0.18094737789821988,0.17829348581460433,0.02275446699868572,0.0004639999999999922
2024-05-20,0.18155010291334195,0.17861131542161784,0.05209626698556841,-0.012956999999999996
2024-05-21,0.1819083936733927,0.1776198061064028,0.04516306702486193,0.0020479999999999943
2024-05-22,0.18158972712380778,0.17751246911225987,0.03203117793780444,-0.006872000000000017
2024-05-23,0.18193439814017587,0.17744644238508647,0.03894527816740423,0.008333000000000007
2024-05-24,0.1822646896816943,0.17629410885941613,0.03549588897316171,-0.006528000000000006
2024-05-28,0.18193838074094135,0.17646825779577355,0.04998214709589477,-0.007251999999999981
2024-05-29,0.18233378188173752,0.17669210280421263,0.05114264870045389,0.00013499999999999623
2024-05-30,0.18264890245425539,0.17600743619881482,0.04340994502678003,0.0011970000000000036
2024-05-31,0.18279705460028547,0.1759582015372741,0.04441331778630492,-0.007637000000000005
2024-06-03,0.18203504269138746,0.1767279413222801,0.048588198254132964,0.006502000000000008
2024-06-04,0.18215434703322256,0.17632072109698618,0.05151690529084249,0.020320000000000005
2024-06-05,0.18206553961507227,0.17657349988523646,0.04908614524708724,-0.022958000000000006
2024-06-06,0.18142241028846295,0.17775765412049369,0.0399216777671732,-0.0025169999999999915
2024-06-07,0.1786668689559908,0.17790762995007914,0.04041440669154414,-0.043348
2024-06-10,0.17853675527853755,0.17698995624698288,0.038089521433669754,-0.0024109999999999965
2024-06-11,0.1790956751741817,0.17772007246177862,0.04253152404212182,0.00964799999999999
2024-06-12,0.17919003967109176,0.17779444301457284,0.04517937032748556,0.002312999999999954
2024-06-13,0.17929812618196597,0.1769505296501924,0.04495246944399023,-0.011245999999999978
2024-06-14,0.17985992890098143,0.17741022326890407,0.042227919789897234,-0.012199000000000015
2024-06-17,0.1797543282457687,0.1773213492799163,0.042095415543340675,-0.012874000000000024
2024-06-18,0.1800662725382643,0.17677885620726236,0.03965343499295704,-0.019621000000000027
2024-06-20,0.1799619124123378,0.17733131311353978,0.047153592448083814,-0.0011369999999999991
2024-06-21,0.18018701951169205,0.17717607674136338,0.0430018909444512,-0.015252000000000016
2024-06-24,0.18093574359796424,0.1770787943313578,0.0485715831644995,0.014629000000000003
2024-06-25,0.18110001033887468,0.17748382006423005,0.05836476861498363,0.015267000000000003
2024-06-26,0.18092821421745026,0.1784064359592726,0.0448689776153825,0.004913000000000001
2024-06-27,0.18114725847452254,0.1777784886446659,0.05091308032376474,0.024061999999999972
2024-06-28,0.1810269722642473,0.17846048097842285,0.0561838636676745,0.003573999999999966
2024-07-01,0.1797289750810272,0.17782482862502016,0.06295208455353193,-0.010795000000000027
2024-07-02,0.17998302369616673,0.17792423491127413,0.07474087781940411,-0.006959999999999966
